0x0		0x0
0x40		0x40
0x1		0x1
0x3f		0x3f
0x60		0x60
0x1f		0x1f
0x4		0x4
0x2		0x2
0x3		0x3
0x5		0x5
0x6		0x6
0x7		0x7
0x8		0x8
0x9		0x9
0xa		0xa
0xb		0xb
0xc		0xc
0xd		0xd
0xe		0xe
0xf		0xf
0x10		0x10
0x11		0x11
0x12		0x12
0x13		0x13
0x14		0x14
0x15		0x15
0x16		0x16
0x1e		0x1e
0x21		0x21
0x26		0x26
0x27		0x27
0x28		0x28
0x29		0x29
0x2a		0x2a
0x2b		0x2b
0x2c		0x2c
0x2d		0x2d
0x2e		0x2e
0x2f		0x2f
0x30		0x30
0x31		0x31
0x32		0x32
0x33		0x33
0x34		0x34
0x35		0x35
0x36		0x36
0x37		0x37
0x38		0x38
0x39		0x39
0x3a		0x3a
0x3b		0x3b
0x3c		0x3c
0x3d		0x3d
0x3e		0x3e
0x41		0x41
0x42		0x42
0x43		0x43
0x44		0x44
0x45		0x45
0x46		0x46
0x47		0x47
0x48		0x48
0x49		0x49
0x4a		0x4a
0x4b		0x4b
0x4c		0x4c
0x4d		0x4d
0x4e		0x4e
0x4f		0x4f
0x50		0x50
0x51		0x51
0x52		0x52
0x53		0x53
0x54		0x54
0x55		0x55
0x56		0x56
0x57		0x57
0x58		0x58
0x59		0x59
0x5a		0x5a
0x5b		0x5b
0x5d		0x5d
0x5e		0x5e
0x5f		0x5f
0x61		0x61
0x62		0x62
0x6a		0x6a
0x6b		0x6b
0x6c		0x6c
0x6d		0x6d
0x6e		0x6e
0x6f		0x6f
0x70		0x70
0x71		0x71
0x72		0x72
0x78		0x78
0x79		0x79
0x7a		0x7a
0x7b		0x7b
0x7c		0x7c
0x7d		0x7d
0x7e		0x7e
0x7f		0x7f
0x80		0x80
0x82		0x82
0x83		0x83
0x84		0x84
0x85		0x85
0x86		0x86
0x87		0x87
0x88		0x88
0x90		0x90
0x91		0x91
0x92		0x92
0x93		0x93
0x94		0x94
0x95		0x95
0x96		0x96
0x98		0x98
0x99		0x99
0x9a		0x9a
0x9b		0x9b
0x9c		0x9c
0x9e		0x9e
0x9f		0x9f
0xa6		0xa6
0xa7		0xa7
0xa8		0xa8
0xa9		0xa9
0xaa		0xaa
0xaf		0xaf
0xb0		0xb0
0xb1		0xb1
0xb2		0xb2
0xb3		0xb3
0xb4		0xb4
0xb5		0xb5
0xb6		0xb6
0xb7		0xb7
0xbd		0xbd
0xbe		0xbe
0xbf		0xbf
0xc0		0xc0
0xc1		0xc1
0xc2		0xc2
0xc4		0xc4
0xc5		0xc5
0xc6		0xc6
0xc7		0xc7
0xc8		0xc8
0xc9		0xc9
0xca		0xca
0xce		0xce
0xd4		0xd4
0xd5		0xd5
0xd6		0xd6
0xd7		0xd7
0xd8		0xd8
0xda		0xda
0xdb		0xdb
0xdc		0xdc
0xdd		0xdd
0xde		0xde
0xdf		0xdf
0xe0		0xe0
0xe1		0xe1
0xe6		0xe6
0xe7		0xe7
0xe8		0xe8
0xe9		0xe9
0xea		0xea
0xeb		0xeb
0xec		0xec
0xf2		0xf2
0xf3		0xf3
0xf4		0xf4
0xf5		0xf5
0xf6		0xf6
0xfc		0xfc
0xfd		0xfd
0xfe		0xfe
0xff		0xff
0x100		0x100
0x101		0x101
0x102		0x102
0x103		0x103
0x104		0x104
0x106		0x106
0x107		0x107
0x108		0x108
0x109		0x109
0x10a		0x10a
0x10b		0x10b
0x10c		0x10c
0x10d		0x10d
0x10e		0x10e
0x10f		0x10f
0x110		0x110
0x111		0x111
0x112		0x112
0x113		0x113
0x114		0x114
0x115		0x115
0x116		0x116
0x117		0x117
0x118		0x118
0x119		0x119
0x11d		0x11d
0x11e		0x11e
0x11f		0x11f
0x121		0x121
0x122		0x122
0x125		0x125
0x126		0x126
0x127		0x127
0x128		0x128
0x129		0x129
0x12a		0x12a
0x12b		0x12b
0x12c		0x12c
0x12d		0x12d
0x12e		0x12e
0x134		0x134
0x135		0x135
0x137		0x137
0x138		0x138
0x139		0x139
0x13a		0x13a
0x13b		0x13b
0x13c		0x13c
0x13f		0x13f
0x140		0x140
0x141		0x141
0x142		0x142
0x143		0x143
0x144		0x144
0x146		0x146
0x148		0x148
0x149		0x149
0x14a		0x14a
0x14b		0x14b
0x14d		0x14d
0x153		0x153
0x154		0x154
0x155		0x155
0x156		0x156
0x157		0x157
0x158		0x158
0x159		0x159
0x15a		0x15a
0x15b		0x15b
0x162		0x162
0x163		0x163
0x169		0x169
0x16d		0x16d
0x16e		0x16e
0x16f		0x16f
0x170		0x170
0x171		0x171
0x177		0x177
0x179		0x179
0x17a		0x17a
0x180		0x180
0x181		0x181
0x182		0x182
0x183		0x183
0x184		0x184
0x185		0x185
0x186		0x186
0x18b		0x18b
0x18c		0x18c
0x18d		0x18d
0x18e		0x18e
0x191		0x191
0x193		0x193
0x198		0x198
0x199		0x199
0x19a		0x19a
0x19b		0x19b
0x19c		0x19c
0x19d		0x19d
0x19e		0x19e
0x1a0		0x1a0
0x1a1		0x1a1
0x1a2		0x1a2
0x1a3		0x1a3
0x1a4		0x1a4
0x1a9		0x1a9
0x1ac		0x1ac
0x1ad		0x1ad
0x1ae		0x1ae
0x1af		0x1af
0x1b0		0x1b0
0x1b1		0x1b1
0x1b2		0x1b2
0x1b6		0x1b6
0x1b7		0x1b7
0x1b8		0x1b8
0x1b9		0x1b9
0x1ba		0x1ba
0x1c0		0x1c0
0x1c1		0x1c1
0x1c2		0x1c2
0x1c3		0x1c3
0x1c4		0x1c4
0x1c5		0x1c5
0x1c6		0x1c6
0x1c7		0x1c7
0x1c8		0x1c8
0x1c9		0x1c9
0x1ca		0x1ca
0x1cc		0x1cc
0x1cd		0x1cd
0x1ce		0x1ce
0x1cf		0x1cf
0x1d0		0x1d0
0x1d6		0x1d6
0x1d7		0x1d7
0x1de		0x1de
0x1e3		0x1e3
0x1e4		0x1e4
0x1e5		0x1e5
0x1e6		0x1e6
0x1ee		0x1ee
0x1ef		0x1ef
0x1f0		0x1f0
0x1f1		0x1f1
0x1f2		0x1f2
0x1f4		0x1f4
0x1f5		0x1f5
0x1f6		0x1f6
0x1f8		0x1f8
0x1f9		0x1f9
0x1fd		0x1fd
0x1fe		0x1fe
0x1ff		0x1ff
0x200		0x200
0x208		0x208
0x209		0x209
0x20a		0x20a
0x20b		0x20b
0x20c		0x20c
0x20d		0x20d
0x20e		0x20e
0x20f		0x20f
0x215		0x215
0x216		0x216
0x217		0x217
0x218		0x218
0x220		0x220
0x221		0x221
0x222		0x222
0x223		0x223
0x224		0x224
0x225		0x225
0x226		0x226
0x228		0x228
0x229		0x229
0x22a		0x22a
0x22b		0x22b
0x22c		0x22c
0x22d		0x22d
0x231		0x231
0x232		0x232
0x233		0x233
0x234		0x234
0x235		0x235
0x236		0x236
0x237		0x237
0x238		0x238
0x239		0x239
0x23a		0x23a
0x23b		0x23b
0x23c		0x23c
0x23d		0x23d
0x23e		0x23e
0x23f		0x23f
0x240		0x240
0x241		0x241
0x242		0x242
0x243		0x243
0x244		0x244
0x245		0x245
0x246		0x246
0x247		0x247
0x248		0x248
0x249		0x249
0x24b		0x24b
0x24c		0x24c
0x24d		0x24d
0x24e		0x24e
0x24f		0x24f
0x250		0x250
0x251		0x251
0x252		0x252
0x253		0x253
0x254		0x254
0x255		0x255
0x256		0x256
0x257		0x257
0x259		0x259
0x25a		0x25a
0x25b		0x25b
0x25d		0x25d
0x25e		0x25e
0x266		0x266
0x267		0x267
0x268		0x268
0x269		0x269
0x26a		0x26a
0x26b		0x26b
0x26c		0x26c
0x26d		0x26d
0x272		0x272
0x273		0x273
0x274		0x274
0x275		0x275
0x276		0x276
0x27e		0x27e
0x27f		0x27f
0x280		0x280
0x281		0x281
0x282		0x282
0x283		0x283
0x284		0x284
0x287		0x287
0x288		0x288
0x289		0x289
0x28a		0x28a
0x28b		0x28b
0x28f		0x28f
0x290		0x290
0x291		0x291
0x292		0x292
0x293		0x293
0x294		0x294
0x295		0x295
0x296		0x296
0x297		0x297
0x298		0x298
0x299		0x299
0x29a		0x29a
0x29b		0x29b
0x29c		0x29c
0x29d		0x29d
0x29e		0x29e
0x29f		0x29f
0x2a0		0x2a0
0x2a1		0x2a1
0x2a2		0x2a2
0x2a3		0x2a3
0x2a4		0x2a4
0x2a5		0x2a5
0x2a6		0x2a6
0x2a7		0x2a7
0x2a8		0x2a8
0x2a9		0x2a9
0x2aa		0x2aa
0x2ab		0x2ab
0x2ac		0x2ac
0x2ad		0x2ad
0x2ae		0x2ae
0x2af		0x2af
0x2b0		0x2b0
0x2b1		0x2b1
0x2b2		0x2b2
0x2b3		0x2b3
0x2b4		0x2b4
0x2b5		0x2b5
0x2b6		0x2b6
0x2b7		0x2b7
0x2b9		0x2b9
0x2ba		0x2ba
0x2bb		0x2bb
0x2bc		0x2bc
0x2bd		0x2bd
0x2be		0x2be
0x2bf		0x2bf
0x2c1		0x2c1
0x2c2		0x2c2
0x2c3		0x2c3
0x2c4		0x2c4
0x2c5		0x2c5
0x2c6		0x2c6
0x2c7		0x2c7
0x2c9		0x2c9
0x2ca		0x2ca
0x2cb		0x2cb
0x2cc		0x2cc
0x2cd		0x2cd
0x2ce		0x2ce
0x2cf		0x2cf
0x2d0		0x2d0
0x2d1		0x2d1
0x2d2		0x2d2
0x2d3		0x2d3
0x2d4		0x2d4
0x2d5		0x2d5
0x2d9		0x2d9
0x2da		0x2da
0x2db		0x2db
0x2dc		0x2dc
0x2dd		0x2dd
0x2de		0x2de
0x2df		0x2df
0x2e0		0x2e0
0x2e1		0x2e1
0x2e2		0x2e2
0x2e3		0x2e3
0x2e4		0x2e4
0x2e6		0x2e6
0x2e7		0x2e7
0x2e8		0x2e8
0x2e9		0x2e9
0x2ea		0x2ea
0x2eb		0x2eb
0x2ec		0x2ec
0x2ed		0x2ed
0x2ee		0x2ee
0x2ef		0x2ef
0x2f0		0x2f0
0x2f1		0x2f1
0x2f2		0x2f2
0x2f3		0x2f3
0x2f4		0x2f4
0x2f5		0x2f5
0x2f6		0x2f6
0x2f7		0x2f7
0x2f8		0x2f8
0x2f9		0x2f9
0x2fa		0x2fa
0x2fb		0x2fb
0x2fc		0x2fc
0x2fd		0x2fd
0x2ff		0x2ff
0x300		0x300
0x301		0x301
0x302		0x302
0x303		0x303
0x304		0x304
0x305		0x305
0x306		0x306
0x307		0x307
0x30a		0x30a
0x30b		0x30b
0x30f		0x30f
0x310		0x310
0x311		0x311
0x312		0x312
0x313		0x313
0x315		0x315
0x316		0x316
0x317		0x317
0x319		0x319
0x31a		0x31a
0x31b		0x31b
0x31c		0x31c
0x31d		0x31d
0x31f		0x31f
0x320		0x320
0x321		0x321
0x322		0x322
0x323		0x323
0x32b		0x32b
0x32c		0x32c
0x32d		0x32d
0x32e		0x32e
0x332		0x332
0x333		0x333
0x334		0x334
0x335		0x335
0x336		0x336
0x337		0x337
0x338		0x338
0x339		0x339
0x33a		0x33a
0x33b		0x33b
0x33c		0x33c
0x33d		0x33d
0x33e		0x33e
0x33f		0x33f
0x340		0x340
0x341		0x341
0x342		0x342
0x343		0x343
0x344		0x344
0x345		0x345
0x346		0x346
0x347		0x347
0x348		0x348
0x349		0x349
0x34a		0x34a
0x34b		0x34b
0x34c		0x34c
0x34d		0x34d
0x34e		0x34e
0x34f		0x34f
0x352		0x352
0x354		0x354
0x355		0x355
0x356		0x356
0x357		0x357
0x358		0x358
0x359		0x359
0x35a		0x35a
0x35b		0x35b
0x35c		0x35c
0x35d		0x35d
0x35e		0x35e
0x35f		0x35f
0x361		0x361
0x362		0x362
0x363		0x363
0x364		0x364
0x365		0x365
0x369		0x369
0x36a		0x36a
0x36b		0x36b
0x36c		0x36c
0x36d		0x36d
0x36e		0x36e
0x36f		0x36f
0x370		0x370
0x371		0x371
0x372		0x372
0x373		0x373
0x374		0x374
0x375		0x375
0x376		0x376
0x377		0x377
0x379		0x379
0x37a		0x37a
0x37b		0x37b
0x37d		0x37d
0x37e		0x37e
0x386		0x386
0x387		0x387
0x388		0x388
0x389		0x389
0x38a		0x38a
0x38b		0x38b
0x38c		0x38c
0x391		0x391
0x392		0x392
0x393		0x393
0x394		0x394
0x395		0x395
0x396		0x396
0x39e		0x39e
0x39f		0x39f
0x3a0		0x3a0
0x3a1		0x3a1
0x3a5		0x3a5
0x3a6		0x3a6
0x3a7		0x3a7
0x3a8		0x3a8
0x3a9		0x3a9
0x3aa		0x3aa
0x3ab		0x3ab
0x3ac		0x3ac
0x3ad		0x3ad
0x3ae		0x3ae
0x3af		0x3af
0x3b1		0x3b1
0x3b2		0x3b2
0x3b3		0x3b3
0x3b4		0x3b4
0x3b5		0x3b5
0x3b6		0x3b6
0x3b7		0x3b7
0x3b9		0x3b9
0x3ba		0x3ba
0x3c2		0x3c2
0x3ca		0x3ca
0x3d2		0x3d2
0x3da		0x3da
0x3e2		0x3e2
0x3e3		0x3e3
0x3e5		0x3e5
0x3e6		0x3e6
0x3e7		0x3e7
0x3e8		0x3e8
0x3e9		0x3e9
0x3ea		0x3ea
0x3eb		0x3eb
0x3ed		0x3ed
0x3ef		0x3ef
0x3f1		0x3f1
0x3f3		0x3f3
0x3f4		0x3f4
0x3f5		0x3f5
0x3f6		0x3f6
0x3f7		0x3f7
0x3f9		0x3f9
0x3fa		0x3fa
0x3fb		0x3fb
0x3fc		0x3fc
0x3fd		0x3fd
0x3fe		0x3fe
0x3ff		0x3ff
0x401		0x401
0x403		0x403
0x405		0x405
0x407		0x407
0x408		0x408
0x409		0x409
0x40a		0x40a
0x40b		0x40b
0x40c		0x40c
0x40d		0x40d
0x40e		0x40e
0x40f		0x40f
0x410		0x410
0x412		0x412
0x417		0x417
0x41b		0x41b
0x41c		0x41c
0x41d		0x41d
0x41e		0x41e
0x41f		0x41f
0x420		0x420
0x421		0x421
0x422		0x422
0x423		0x423
0x424		0x424
0x425		0x425
0x426		0x426
0x427		0x427
0x428		0x428
0x429		0x429
0x42a		0x42a
0x42b		0x42b
0x42c		0x42c
0x42d		0x42d
0x42e		0x42e
0x42f		0x42f
0x430		0x430
0x431		0x431
0x432		0x432
0x433		0x433
0x435		0x435
0x436		0x436
0x437		0x437
0x438		0x438
0x439		0x439
0x43a		0x43a
0x43b		0x43b
0x43c		0x43c
0x43d		0x43d
0x43e		0x43e
0x43f		0x43f
0x440		0x440
0x441		0x441
0x443		0x443
0x444		0x444
0x445		0x445
0x447		0x447
0x448		0x448
0x450		0x450
0x451		0x451
0x452		0x452
0x453		0x453
0x454		0x454
0x455		0x455
0x456		0x456
0x457		0x457
0x458		0x458
0x45a		0x45a
0x45b		0x45b
0x45c		0x45c
0x45d		0x45d
0x45e		0x45e
0x45f		0x45f
0x460		0x460
0x468		0x468
0x469		0x469
0x46a		0x46a
0x46b		0x46b
0x46e		0x46e
0x46f		0x46f
0x470		0x470
0x475		0x475
0x479		0x479
0x47a		0x47a
0x47b		0x47b
0x47c		0x47c
0x47d		0x47d
0x47e		0x47e
0x47f		0x47f
0x480		0x480
0x481		0x481
0x482		0x482
0x483		0x483
0x484		0x484
0x485		0x485
0x486		0x486
0x487		0x487
0x488		0x488
0x489		0x489
0x48b		0x48b
0x48c		0x48c
0x48d		0x48d
0x48e		0x48e
0x48f		0x48f
0x490		0x490
0x491		0x491
0x492		0x492
0x493		0x493
0x494		0x494
0x495		0x495
0x496		0x496
0x497		0x497
0x499		0x499
0x49a		0x49a
0x49b		0x49b
0x49d		0x49d
0x49e		0x49e
0x4a6		0x4a6
0x4a7		0x4a7
0x4a8		0x4a8
0x4a9		0x4a9
0x4aa		0x4aa
0x4ab		0x4ab
0x4ac		0x4ac
0x4ad		0x4ad
0x4b2		0x4b2
0x4b3		0x4b3
0x4b4		0x4b4
0x4b5		0x4b5
0x4b6		0x4b6
0x4be		0x4be
0x4bf		0x4bf
0x4c0		0x4c0
0x4c4		0x4c4
0x4c5		0x4c5
0x4c6		0x4c6
0x4c7		0x4c7
0x4c8		0x4c8
0x4c9		0x4c9
0x4ca		0x4ca
0x4cb		0x4cb
0x4cc		0x4cc
0x4cd		0x4cd
0x4ce		0x4ce
0x4cf		0x4cf
0x4d1		0x4d1
0x4d2		0x4d2
0x4d3		0x4d3
0x4d4		0x4d4
0x4d5		0x4d5
0x4d6		0x4d6
0x4d7		0x4d7
0x4d9		0x4d9
0x4da		0x4da
0x4e2		0x4e2
0x4ea		0x4ea
0x4f2		0x4f2
0x4fa		0x4fa
0x502		0x502
0x503		0x503
0x505		0x505
0x506		0x506
0x507		0x507
0x508		0x508
0x509		0x509
0x50a		0x50a
0x50b		0x50b
0x50d		0x50d
0x50f		0x50f
0x511		0x511
0x513		0x513
0x514		0x514
0x515		0x515
0x516		0x516
0x517		0x517
0x519		0x519
0x51a		0x51a
0x522		0x522
0x52a		0x52a
0x532		0x532
0x53a		0x53a
0x542		0x542
0x543		0x543
0x545		0x545
0x546		0x546
0x547		0x547
0x548		0x548
0x549		0x549
0x54a		0x54a
0x54b		0x54b
0x54d		0x54d
0x54f		0x54f
0x551		0x551
0x553		0x553
0x554		0x554
0x555		0x555
0x556		0x556
0x557		0x557
0x559		0x559
0x55a		0x55a
0x55b		0x55b
0x55c		0x55c
0x55d		0x55d
0x55e		0x55e
0x55f		0x55f
0x561		0x561
0x563		0x563
0x565		0x565
0x567		0x567
0x568		0x568
0x569		0x569
0x56a		0x56a
0x56b		0x56b
0x56c		0x56c
0x56d		0x56d
0x56e		0x56e
0x56f		0x56f
0x570		0x570
0x571		0x571
0x572		0x572
0x577		0x577
0x57b		0x57b
0x57c		0x57c
0x57d		0x57d
0x57e		0x57e
0x57f		0x57f
0x580		0x580
0x581		0x581
0x582		0x582
0x583		0x583
0x584		0x584
0x585		0x585
0x586		0x586
0x587		0x587
0x588		0x588
0x589		0x589
0x58a		0x58a
0x58b		0x58b
0x58c		0x58c
0x58d		0x58d
0x58e		0x58e
0x58f		0x58f
0x590		0x590
0x591		0x591
0x592		0x592
0x593		0x593
0x595		0x595
0x596		0x596
0x597		0x597
0x598		0x598
0x599		0x599
0x59a		0x59a
0x59b		0x59b
0x59c		0x59c
0x59d		0x59d
0x59e		0x59e
0x59f		0x59f
0x5a0		0x5a0
0x5a1		0x5a1
0x5a3		0x5a3
0x5a4		0x5a4
0x5a5		0x5a5
0x5a7		0x5a7
0x5a8		0x5a8
0x5b0		0x5b0
0x5b1		0x5b1
0x5b2		0x5b2
0x5b3		0x5b3
0x5b4		0x5b4
0x5b5		0x5b5
0x5b6		0x5b6
0x5bd		0x5bd
0x5be		0x5be
0x5bf		0x5bf
0x5c0		0x5c0
0x5c8		0x5c8
0x5c9		0x5c9
0x5ca		0x5ca
0x5d1		0x5d1
0x5d2		0x5d2
0x5d3		0x5d3
0x5d4		0x5d4
0x5d5		0x5d5
0x5d9		0x5d9
0x5da		0x5da
0x5db		0x5db
0x5dc		0x5dc
0x5dd		0x5dd
0x5de		0x5de
0x5df		0x5df
0x5e0		0x5e0
0x5e1		0x5e1
0x5e2		0x5e2
0x5ea		0x5ea
0x5eb		0x5eb
0x5ec		0x5ec
0x5ed		0x5ed
0x5ee		0x5ee
0x5ef		0x5ef
0x5f0		0x5f0
0x5f1		0x5f1
0x5f2		0x5f2
0x5f3		0x5f3
0x5f4		0x5f4
0x5f5		0x5f5
0x5f7		0x5f7
0x5f8		0x5f8
0x5f9		0x5f9
0x5fa		0x5fa
0x5fb		0x5fb
0x5fc		0x5fc
0x5fd		0x5fd
0x5fe		0x5fe
0x5ff		0x5ff
0x600		0x600
0x601		0x601
0x602		0x602
0x603		0x603
0x605		0x605
0x606		0x606
0x607		0x607
0x609		0x609
0x60a		0x60a
0x612		0x612
0x613		0x613
0x614		0x614
0x615		0x615
0x616		0x616
0x617		0x617
0x618		0x618
0x619		0x619
0x61a		0x61a
0x61c		0x61c
0x61d		0x61d
0x61e		0x61e
0x61f		0x61f
0x620		0x620
0x621		0x621
0x622		0x622
0x62a		0x62a
0x62b		0x62b
0x62c		0x62c
0x62d		0x62d
0x62e		0x62e
0x62f		0x62f
0x630		0x630
0x631		0x631
0x632		0x632
0x633		0x633
0x634		0x634
0x635		0x635
0x636		0x636
0x637		0x637
0x638		0x638
0x639		0x639
0x63a		0x63a
0x63b		0x63b
0x63d		0x63d
0x63e		0x63e
0x63f		0x63f
0x640		0x640
0x641		0x641
0x642		0x642
0x643		0x643
0x645		0x645
0x646		0x646
0x64e		0x64e
0x656		0x656
0x65e		0x65e
0x666		0x666
0x66e		0x66e
0x66f		0x66f
0x671		0x671
0x672		0x672
0x673		0x673
0x674		0x674
0x675		0x675
0x676		0x676
0x677		0x677
0x679		0x679
0x67b		0x67b
0x67d		0x67d
0x67f		0x67f
0x680		0x680
0x681		0x681
0x682		0x682
0x683		0x683
0x685		0x685
0x686		0x686
0x687		0x687
0x688		0x688
0x689		0x689
0x68a		0x68a
0x68b		0x68b
0x68d		0x68d
0x68f		0x68f
0x691		0x691
0x693		0x693
0x694		0x694
0x695		0x695
0x696		0x696
0x697		0x697
0x698		0x698
0x699		0x699
0x69a		0x69a
0x69b		0x69b
0x69c		0x69c
0x69d		0x69d
0x6a2		0x6a2
0x6a3		0x6a3
0x6a7		0x6a7
0x6a8		0x6a8
0x6a9		0x6a9
0x6aa		0x6aa
0x6ab		0x6ab
0x6ac		0x6ac
0x6ad		0x6ad
0x6ae		0x6ae
0x6af		0x6af
0x6b0		0x6b0
0x6b1		0x6b1
0x6b2		0x6b2
0x6b3		0x6b3
0x6b4		0x6b4
0x6b5		0x6b5
0x6b6		0x6b6
0x6b7		0x6b7
0x6b8		0x6b8
0x6b9		0x6b9
0x6ba		0x6ba
0x6bb		0x6bb
0x6bc		0x6bc
0x6bd		0x6bd
0x6be		0x6be
0x6bf		0x6bf
0x6c1		0x6c1
0x6c2		0x6c2
0x6c3		0x6c3
0x6c4		0x6c4
0x6c5		0x6c5
0x6c6		0x6c6
0x6c7		0x6c7
0x6c8		0x6c8
0x6c9		0x6c9
0x6ca		0x6ca
0x6cb		0x6cb
0x6cc		0x6cc
0x6cd		0x6cd
0x6cf		0x6cf
0x6d0		0x6d0
0x6d1		0x6d1
0x6d3		0x6d3
0x6d4		0x6d4
0x6dc		0x6dc
0x6dd		0x6dd
0x6de		0x6de
0x6df		0x6df
0x6e0		0x6e0
0x6e1		0x6e1
0x6e4		0x6e4
0x6e6		0x6e6
0x6e7		0x6e7
0x6e8		0x6e8
0x6e9		0x6e9
0x6ea		0x6ea
0x6eb		0x6eb
0x6ec		0x6ec
0x6f4		0x6f4
0x6f5		0x6f5
0x6f6		0x6f6
0x6fa		0x6fa
0x6fb		0x6fb
0x6fc		0x6fc
0x6fd		0x6fd
0x6fe		0x6fe
0x6ff		0x6ff
0x700		0x700
0x701		0x701
0x702		0x702
0x703		0x703
0x704		0x704
0x705		0x705
0x707		0x707
0x708		0x708
0x709		0x709
0x70a		0x70a
0x70b		0x70b
0x70c		0x70c
0x70d		0x70d
0x70f		0x70f
0x710		0x710
0x718		0x718
0x720		0x720
0x728		0x728
0x730		0x730
0x738		0x738
0x739		0x739
0x73b		0x73b
0x73c		0x73c
0x73d		0x73d
0x73e		0x73e
0x73f		0x73f
0x740		0x740
0x741		0x741
0x743		0x743
0x745		0x745
0x747		0x747
0x749		0x749
0x74a		0x74a
0x74b		0x74b
0x74c		0x74c
0x74d		0x74d
0x74f		0x74f
0x750		0x750
0x751		0x751
0x752		0x752
0x753		0x753
0x754		0x754
0x755		0x755
0x757		0x757
0x759		0x759
0x75b		0x75b
0x75d		0x75d
0x75e		0x75e
0x75f		0x75f
0x760		0x760
0x761		0x761
0x762		0x762
0x763		0x763
0x764		0x764
0x765		0x765
0x766		0x766
0x767		0x767
0x76e		0x76e
0x76f		0x76f
0x770		0x770
0x771		0x771
0x772		0x772
0x773		0x773
0x774		0x774
0x775		0x775
0x776		0x776
0x777		0x777
0x778		0x778
0x779		0x779
0x77a		0x77a
0x77b		0x77b
0x77c		0x77c
0x77d		0x77d
0x77e		0x77e
0x77f		0x77f
0x780		0x780
0x781		0x781
0x782		0x782
0x783		0x783
0x784		0x784
0x785		0x785
0x786		0x786
0x787		0x787
0x788		0x788
0x789		0x789
0x78b		0x78b
0x78c		0x78c
0x78d		0x78d
0x78e		0x78e
0x78f		0x78f
0x790		0x790
0x791		0x791
0x792		0x792
0x793		0x793
0x794		0x794
0x795		0x795
0x796		0x796
0x797		0x797
0x799		0x799
0x79a		0x79a
0x79b		0x79b
0x79d		0x79d
0x79e		0x79e
0x7a6		0x7a6
0x7a7		0x7a7
0x7a8		0x7a8
0x7a9		0x7a9
0x7aa		0x7aa
0x7ab		0x7ab
0x7ac		0x7ac
0x7b2		0x7b2
0x7b3		0x7b3
0x7b4		0x7b4
0x7b5		0x7b5
0x7b6		0x7b6
0x7be		0x7be
0x7bf		0x7bf
0x7c0		0x7c0
0x7c1		0x7c1
0x7c2		0x7c2
0x7c3		0x7c3
0x7c4		0x7c4
0x7c5		0x7c5
0x7c6		0x7c6
0x7c7		0x7c7
0x7c8		0x7c8
0x7c9		0x7c9
0x7ca		0x7ca
0x7cb		0x7cb
0x7cc		0x7cc
0x7cd		0x7cd
0x7ce		0x7ce
0x7cf		0x7cf
0x7d1		0x7d1
0x7d2		0x7d2
0x7d3		0x7d3
0x7d4		0x7d4
0x7d5		0x7d5
0x7d6		0x7d6
0x7d7		0x7d7
0x7d9		0x7d9
0x7da		0x7da
0x7e2		0x7e2
0x7ea		0x7ea
0x7f2		0x7f2
0x7fa		0x7fa
0x802		0x802
0x803		0x803
0x805		0x805
0x806		0x806
0x807		0x807
0x808		0x808
0x809		0x809
0x80a		0x80a
0x80b		0x80b
0x80d		0x80d
0x80f		0x80f
0x811		0x811
0x813		0x813
0x814		0x814
0x815		0x815
0x816		0x816
0x817		0x817
0x818		0x818
0x819		0x819
0x81a		0x81a
0x81b		0x81b
0x81c		0x81c
0x81d		0x81d
0x81e		0x81e
0x81f		0x81f
0x820		0x820
0x821		0x821
0x822		0x822
0x823		0x823
0x827		0x827
0x828		0x828
0x829		0x829
0x82a		0x82a
0x82b		0x82b
0x82c		0x82c
0x82d		0x82d
0x82e		0x82e
0x82f		0x82f
0x830		0x830
0x831		0x831
0x832		0x832
0x833		0x833
0x834		0x834
0x835		0x835
0x836		0x836
0x837		0x837
0x839		0x839
0x83a		0x83a
0x83b		0x83b
0x83c		0x83c
0x83d		0x83d
0x83e		0x83e
0x83f		0x83f
0x840		0x840
0x841		0x841
0x842		0x842
0x843		0x843
0x844		0x844
0x845		0x845
0x847		0x847
0x848		0x848
0x849		0x849
0x84b		0x84b
0x84c		0x84c
0x854		0x854
0x855		0x855
0x856		0x856
0x857		0x857
0x858		0x858
0x859		0x859
0x85a		0x85a
0x85b		0x85b
0x85c		0x85c
0x85e		0x85e
0x85f		0x85f
0x860		0x860
0x861		0x861
0x862		0x862
0x863		0x863
0x864		0x864
0x86c		0x86c
0x86d		0x86d
0x86e		0x86e
0x86f		0x86f
0x874		0x874
0x876		0x876
0x877		0x877
0x878		0x878
0x879		0x879
0x87d		0x87d
0x881		0x881
0x882		0x882
0x883		0x883
0x884		0x884
0x885		0x885
0x886		0x886
0x887		0x887
0x888		0x888
0x889		0x889
0x88c		0x88c
0x88d		0x88d
0x88e		0x88e
0x88f		0x88f
0x890		0x890
0x891		0x891
0x892		0x892
0x89a		0x89a
0x89b		0x89b
0x89c		0x89c
0x89d		0x89d
0x89e		0x89e
0x89f		0x89f
0x8a0		0x8a0
0x8a1		0x8a1
0x8a2		0x8a2
0x8a3		0x8a3
0x8aa		0x8aa
0x8ab		0x8ab
0x8ac		0x8ac
0x8ad		0x8ad
0x8ae		0x8ae
0x8af		0x8af
0x8b0		0x8b0
0x8b1		0x8b1
0x8b2		0x8b2
0x8b3		0x8b3
0x8b4		0x8b4
0x8b5		0x8b5
0x8b6		0x8b6
0x8b7		0x8b7
0x8b8		0x8b8
0x8b9		0x8b9
0x8ba		0x8ba
0x8bb		0x8bb
0x8bc		0x8bc
0x8bd		0x8bd
0x8be		0x8be
0x8bf		0x8bf
0x8c0		0x8c0
0x8c1		0x8c1
0x8c2		0x8c2
0x8c3		0x8c3
0x8c5		0x8c5
0x8c6		0x8c6
0x8c7		0x8c7
0x8c8		0x8c8
0x8c9		0x8c9
0x8ca		0x8ca
0x8cb		0x8cb
0x8cc		0x8cc
0x8cd		0x8cd
0x8ce		0x8ce
0x8cf		0x8cf
0x8d0		0x8d0
0x8d1		0x8d1
0x8d3		0x8d3
0x8d4		0x8d4
0x8d5		0x8d5
0x8d7		0x8d7
0x8d8		0x8d8
0x8e0		0x8e0
0x8e1		0x8e1
0x8e2		0x8e2
0x8e3		0x8e3
0x8e4		0x8e4
0x8e5		0x8e5
0x8e8		0x8e8
0x8ea		0x8ea
0x8eb		0x8eb
0x8ec		0x8ec
0x8ed		0x8ed
0x8ee		0x8ee
0x8ef		0x8ef
0x8f0		0x8f0
0x8f8		0x8f8
0x8f9		0x8f9
0x8fa		0x8fa
0x8fb		0x8fb
0x8fc		0x8fc
0x8fd		0x8fd
0x8fe		0x8fe
0x8ff		0x8ff
0x900		0x900
0x901		0x901
0x902		0x902
0x903		0x903
0x904		0x904
0x905		0x905
0x909		0x909
0x90a		0x90a
0x90b		0x90b
0x90c		0x90c
0x90d		0x90d
0x90e		0x90e
0x90f		0x90f
0x911		0x911
0x912		0x912
0x91a		0x91a
0x922		0x922
0x92a		0x92a
0x932		0x932
0x93a		0x93a
0x93b		0x93b
0x93d		0x93d
0x93e		0x93e
0x946		0x946
0x94e		0x94e
0x956		0x956
0x95e		0x95e
0x966		0x966
0x967		0x967
0x968		0x968
0x969		0x969
0x96a		0x96a
0x96b		0x96b
0x96c		0x96c
0x96d		0x96d
0x96e		0x96e
0x96f		0x96f
0x970		0x970
0x971		0x971
0x973		0x973
0x974		0x974
0x975		0x975
0x976		0x976
0x977		0x977
0x978		0x978
0x979		0x979
0x97a		0x97a
0x97b		0x97b
0x97c		0x97c
0x97d		0x97d
0x97e		0x97e
0x97f		0x97f
0x981		0x981
0x982		0x982
0x983		0x983
0x985		0x985
0x986		0x986
0x98e		0x98e
0x98f		0x98f
0x990		0x990
0x991		0x991
0x992		0x992
0x993		0x993
0x994		0x994
0x99a		0x99a
0x99b		0x99b
0x99c		0x99c
0x99d		0x99d
0x99e		0x99e
0x9a6		0x9a6
0x9a7		0x9a7
0x9a8		0x9a8
0x9ae		0x9ae
0x9af		0x9af
0x9b4		0x9b4
0x9b5		0x9b5
0x9b6		0x9b6
0x9b7		0x9b7
0x9b8		0x9b8
0x9b9		0x9b9
0x9ba		0x9ba
0x9bb		0x9bb
0x9bc		0x9bc
0x9bd		0x9bd
0x9be		0x9be
0x9bf		0x9bf
0x9c0		0x9c0
0x9c1		0x9c1
0x9c2		0x9c2
0x9c3		0x9c3
0x9c4		0x9c4
0x9c5		0x9c5
0x9c6		0x9c6
0x9c7		0x9c7
0x9c8		0x9c8
0x9c9		0x9c9
0x9ca		0x9ca
0x9cb		0x9cb
0x9cc		0x9cc
0x9cd		0x9cd
0x9ce		0x9ce
0x9cf		0x9cf
0x9d0		0x9d0
0x9d1		0x9d1
0x9d2		0x9d2
0x9d3		0x9d3
0x9d4		0x9d4
0x9d5		0x9d5
0x9d6		0x9d6
0x9d7		0x9d7
0x9d8		0x9d8
0x9d9		0x9d9
0x9da		0x9da
0x9db		0x9db
0x9dc		0x9dc
0x9dd		0x9dd
0x9de		0x9de
0x9df		0x9df
0x9e1		0x9e1
0x9e2		0x9e2
0x9e3		0x9e3
0x9e4		0x9e4
0x9e5		0x9e5
0x9e6		0x9e6
0x9e7		0x9e7
0x9e9		0x9e9
0x9ea		0x9ea
0x9eb		0x9eb
0x9ec		0x9ec
0x9ed		0x9ed
0x9ee		0x9ee
0x9ef		0x9ef
0x9f1		0x9f1
0x9f2		0x9f2
0x9f3		0x9f3
0x9f4		0x9f4
0x9f5		0x9f5
0x9f6		0x9f6
0x9f7		0x9f7
0x9f8		0x9f8
0x9f9		0x9f9
0x9fa		0x9fa
0x9fb		0x9fb
0x9fc		0x9fc
0x9fd		0x9fd
0xa01		0xa01
0xa02		0xa02
0xa03		0xa03
0xa04		0xa04
0xa05		0xa05
0xa06		0xa06
0xa07		0xa07
0xa08		0xa08
0xa09		0xa09
0xa0a		0xa0a
0xa0c		0xa0c
0xa0e		0xa0e
0xa0f		0xa0f
0xa10		0xa10
0xa11		0xa11
0xa12		0xa12
0xa13		0xa13
0xa14		0xa14
0xa15		0xa15
0xa16		0xa16
0xa17		0xa17
0xa18		0xa18
0xa19		0xa19
0xa1a		0xa1a
0xa1b		0xa1b
0xa1c		0xa1c
0xa1d		0xa1d
0xa1e		0xa1e
0xa1f		0xa1f
0xa20		0xa20
0xa21		0xa21
0xa22		0xa22
0xa23		0xa23
0xa24		0xa24
0xa25		0xa25
0xa27		0xa27
0xa28		0xa28
0xa29		0xa29
0xa2a		0xa2a
0xa2b		0xa2b
0xa2c		0xa2c
0xa2d		0xa2d
0xa2e		0xa2e
0xa36		0xa36
0xa37		0xa37
0xa38		0xa38
0xa39		0xa39
0xa3a		0xa3a
0xa3b		0xa3b
0xa3d		0xa3d
0xa3e		0xa3e
0xa3f		0xa3f
0xa41		0xa41
0xa42		0xa42
0xa43		0xa43
0xa44		0xa44
0xa45		0xa45
0xa47		0xa47
0xa48		0xa48
0xa49		0xa49
0xa4a		0xa4a
0xa4b		0xa4b
0xa53		0xa53
0xa54		0xa54
0xa55		0xa55
0xa56		0xa56
0xa57		0xa57
0xa58		0xa58
0xa5a		0xa5a
0xa5b		0xa5b
0xa5c		0xa5c
0xa5d		0xa5d
0xa5e		0xa5e
0xa5f		0xa5f
0xa60		0xa60
0xa61		0xa61
0xa62		0xa62
0xa63		0xa63
0xa64		0xa64
0xa65		0xa65
0xa66		0xa66
0xa67		0xa67
0xa68		0xa68
0xa69		0xa69
0xa6a		0xa6a
0xa6b		0xa6b
0xa6c		0xa6c
0xa6d		0xa6d
0xa6e		0xa6e
0xa6f		0xa6f
0xa70		0xa70
0xa71		0xa71
0xa72		0xa72
0xa73		0xa73
0xa74		0xa74
0xa75		0xa75
0xa76		0xa76
0xa77		0xa77
0xa7a		0xa7a
0xa7c		0xa7c
0xa7d		0xa7d
0xa7e		0xa7e
0xa7f		0xa7f
0xa80		0xa80
0xa81		0xa81
0xa82		0xa82
0xa83		0xa83
0xa84		0xa84
0xa85		0xa85
0xa86		0xa86
0xa87		0xa87
0xa89		0xa89
0xa8a		0xa8a
0xa8b		0xa8b
0xa8c		0xa8c
0xa8d		0xa8d
0xa91		0xa91
0xa92		0xa92
0xa93		0xa93
0xa94		0xa94
0xa95		0xa95
0xa96		0xa96
0xa97		0xa97
0xa98		0xa98
0xa99		0xa99
0xa9a		0xa9a
0xa9b		0xa9b
0xa9c		0xa9c
0xa9d		0xa9d
0xa9e		0xa9e
0xa9f		0xa9f
0xaa1		0xaa1
0xaa2		0xaa2
0xaa3		0xaa3
0xaa5		0xaa5
0xaa6		0xaa6
0xaae		0xaae
0xaaf		0xaaf
0xab0		0xab0
0xab1		0xab1
0xab2		0xab2
0xab3		0xab3
0xab4		0xab4
0xab5		0xab5
0xab6		0xab6
0xab8		0xab8
0xab9		0xab9
0xaba		0xaba
0xabb		0xabb
0xabc		0xabc
0xabd		0xabd
0xabe		0xabe
0xac6		0xac6
0xac7		0xac7
0xac9		0xac9
0xad1		0xad1
0xad2		0xad2
0xad3		0xad3
0xad4		0xad4
0xad5		0xad5
0xad6		0xad6
0xad7		0xad7
0xad9		0xad9
0xada		0xada
0xadb		0xadb
0xadc		0xadc
0xadd		0xadd
0xade		0xade
0xadf		0xadf
0xae1		0xae1
0xae2		0xae2
0xaea		0xaea
0xaf2		0xaf2
0xafa		0xafa
0xb02		0xb02
0xb0a		0xb0a
0xb0b		0xb0b
0xb0d		0xb0d
0xb0e		0xb0e
0xb0f		0xb0f
0xb10		0xb10
0xb11		0xb11
0xb12		0xb12
0xb13		0xb13
0xb15		0xb15
0xb17		0xb17
0xb19		0xb19
0xb1b		0xb1b
0xb1c		0xb1c
0xb1d		0xb1d
0xb1e		0xb1e
0xb1f		0xb1f
0xb21		0xb21
0xb22		0xb22
0xb23		0xb23
0xb24		0xb24
0xb25		0xb25
0xb26		0xb26
0xb27		0xb27
0xb29		0xb29
0xb2b		0xb2b
0xb2d		0xb2d
0xb2f		0xb2f
0xb30		0xb30
0xb31		0xb31
0xb32		0xb32
0xb33		0xb33
0xb34		0xb34
0xb35		0xb35
0xb36		0xb36
0xb37		0xb37
0xb38		0xb38
0xb39		0xb39
0xb3b		0xb3b
0xb3c		0xb3c
0xb3d		0xb3d
0xb3e		0xb3e
0xb3f		0xb3f
0xb43		0xb43
0xb44		0xb44
0xb45		0xb45
0xb46		0xb46
0xb47		0xb47
0xb48		0xb48
0xb49		0xb49
0xb4a		0xb4a
0xb4b		0xb4b
0xb4c		0xb4c
0xb4d		0xb4d
0xb4e		0xb4e
0xb4f		0xb4f
0xb50		0xb50
0xb51		0xb51
0xb52		0xb52
0xb53		0xb53
0xb54		0xb54
0xb55		0xb55
0xb56		0xb56
0xb57		0xb57
0xb58		0xb58
0xb59		0xb59
0xb5a		0xb5a
0xb5b		0xb5b
0xb5d		0xb5d
0xb5e		0xb5e
0xb5f		0xb5f
0xb60		0xb60
0xb61		0xb61
0xb62		0xb62
0xb63		0xb63
0xb64		0xb64
0xb65		0xb65
0xb66		0xb66
0xb67		0xb67
0xb68		0xb68
0xb69		0xb69
0xb6b		0xb6b
0xb6c		0xb6c
0xb6d		0xb6d
0xb6f		0xb6f
0xb70		0xb70
0xb78		0xb78
0xb79		0xb79
0xb7a		0xb7a
0xb7b		0xb7b
0xb7c		0xb7c
0xb7d		0xb7d
0xb7e		0xb7e
0xb83		0xb83
0xb84		0xb84
0xb85		0xb85
0xb86		0xb86
0xb87		0xb87
0xb88		0xb88
0xb90		0xb90
0xb91		0xb91
0xb92		0xb92
0xb93		0xb93
0xb96		0xb96
0xb97		0xb97
0xb98		0xb98
0xb99		0xb99
0xb9a		0xb9a
0xb9b		0xb9b
0xb9c		0xb9c
0xb9d		0xb9d
0xb9e		0xb9e
0xb9f		0xb9f
0xba0		0xba0
0xba1		0xba1
0xba3		0xba3
0xba4		0xba4
0xba5		0xba5
0xba6		0xba6
0xba7		0xba7
0xba8		0xba8
0xba9		0xba9
0xbab		0xbab
0xbac		0xbac
0xbb4		0xbb4
0xbbc		0xbbc
0xbc4		0xbc4
0xbcc		0xbcc
0xbd4		0xbd4
0xbd5		0xbd5
0xbd7		0xbd7
0xbd8		0xbd8
0xbd9		0xbd9
0xbda		0xbda
0xbdb		0xbdb
0xbdc		0xbdc
0xbdd		0xbdd
0xbdf		0xbdf
0xbe1		0xbe1
0xbe3		0xbe3
0xbe5		0xbe5
0xbe6		0xbe6
0xbe7		0xbe7
0xbe8		0xbe8
0xbe9		0xbe9
0xbeb		0xbeb
0xbec		0xbec
0xbed		0xbed
0xbee		0xbee
0xbef		0xbef
0xbf0		0xbf0
0xbf1		0xbf1
0xbf3		0xbf3
0xbf5		0xbf5
0xbf7		0xbf7
0xbf9		0xbf9
0xbfa		0xbfa
0xbfb		0xbfb
0xbfc		0xbfc
0xbfd		0xbfd
0xbff		0xbff
0xc00		0xc00
0xc01		0xc01
0xc02		0xc02
0xc03		0xc03
0xc04		0xc04
0xc05		0xc05
0xc07		0xc07
0xc08		0xc08
0xc09		0xc09
0xc0a		0xc0a
0xc0b		0xc0b
0xc0c		0xc0c
0xc0d		0xc0d
0xc0e		0xc0e
0xc0f		0xc0f
0xc11		0xc11
0xc12		0xc12
0xc13		0xc13
0xc14		0xc14
0xc15		0xc15
0xc16		0xc16
0xc17		0xc17
0xc19		0xc19
0xc1a		0xc1a
0xc1b		0xc1b
0xc1c		0xc1c
0xc1d		0xc1d
0xc1e		0xc1e
0xc1f		0xc1f
0xc20		0xc20
0xc21		0xc21
0xc29		0xc29
0xc2b		0xc2b
0xc2c		0xc2c
0xc2d		0xc2d
0xc2e		0xc2e
0xc2f		0xc2f
0xc30		0xc30
0xc31		0xc31
0xc32		0xc32
0xc33		0xc33
0xc34		0xc34
0xc35		0xc35
0xc36		0xc36
0xc37		0xc37
0xc38		0xc38
0xc39		0xc39
0xc3a		0xc3a
0xc3b		0xc3b
0xc3d		0xc3d
0xc3e		0xc3e
0xc3f		0xc3f
0xc40		0xc40
0xc41		0xc41
0xc42		0xc42
0xc43		0xc43
0xc44		0xc44
0xc45		0xc45
0xc46		0xc46
0xc47		0xc47
0xc48		0xc48
0xc49		0xc49
0xc4b		0xc4b
0xc4d		0xc4d
0xc4f		0xc4f
0xc51		0xc51
0xc52		0xc52
0xc53		0xc53
0xc54		0xc54
0xc55		0xc55
0xc56		0xc56
0xc57		0xc57
0xc58		0xc58
0xc59		0xc59
0xc5a		0xc5a
0xc5b		0xc5b
0xc5c		0xc5c
0xc5d		0xc5d
0xc5e		0xc5e
0xc5f		0xc5f
0xc60		0xc60
0xc61		0xc61
0xc62		0xc62
0xc63		0xc63
0xc64		0xc64
0xc65		0xc65
0xc66		0xc66
0xc67		0xc67
0xc68		0xc68
0xc6a		0xc6a
0xc6b		0xc6b
0xc6c		0xc6c
0xc6d		0xc6d
0xc6f		0xc6f
0xc70		0xc70
0xc71		0xc71
0xc72		0xc72
0xc73		0xc73
0xc74		0xc74
0xc75		0xc75
0xc76		0xc76
0xc77		0xc77
0xc78		0xc78
0xc79		0xc79
0xc7a		0xc7a
0xc7b		0xc7b
0xc7d		0xc7d
0xc7f		0xc7f
0xc81		0xc81
0xc83		0xc83
0xc85		0xc85
0xc86		0xc86
0xc87		0xc87
0xc88		0xc88
0xc89		0xc89
0xc8a		0xc8a
0xc8b		0xc8b
0xc8c		0xc8c
0xc8d		0xc8d
0xc8e		0xc8e
0xc8f		0xc8f
0xc91		0xc91
0xc92		0xc92
0xc93		0xc93
0xc94		0xc94
0xc95		0xc95
0xc99		0xc99
0xc9a		0xc9a
0xc9b		0xc9b
0xc9c		0xc9c
0xc9d		0xc9d
0xc9e		0xc9e
0xc9f		0xc9f
0xca0		0xca0
0xca1		0xca1
0xca2		0xca2
0xca3		0xca3
0xca4		0xca4
0xca5		0xca5
0xca6		0xca6
0xca7		0xca7
0xca8		0xca8
0xca9		0xca9
0xcaa		0xcaa
0xcab		0xcab
0xcac		0xcac
0xcad		0xcad
0xcae		0xcae
0xcaf		0xcaf
0xcb0		0xcb0
0xcb1		0xcb1
0xcb3		0xcb3
0xcb4		0xcb4
0xcb5		0xcb5
0xcb6		0xcb6
0xcb7		0xcb7
0xcb8		0xcb8
0xcb9		0xcb9
0xcba		0xcba
0xcbb		0xcbb
0xcbc		0xcbc
0xcbd		0xcbd
0xcbe		0xcbe
0xcbf		0xcbf
0xcc1		0xcc1
0xcc2		0xcc2
0xcc3		0xcc3
0xcc5		0xcc5
0xcc6		0xcc6
0xcce		0xcce
0xccf		0xccf
0xcd0		0xcd0
0xcd1		0xcd1
0xcd2		0xcd2
0xcd3		0xcd3
0xcd5		0xcd5
0xcd6		0xcd6
0xcd8		0xcd8
0xcd9		0xcd9
0xcda		0xcda
0xcdb		0xcdb
0xcdc		0xcdc
0xcdd		0xcdd
0xcde		0xcde
0xce6		0xce6
0xce7		0xce7
0xce8		0xce8
0xceb		0xceb
0xcec		0xcec
0xced		0xced
0xcee		0xcee
0xcef		0xcef
0xcf0		0xcf0
0xcf1		0xcf1
0xcf2		0xcf2
0xcf3		0xcf3
0xcf4		0xcf4
0xcf5		0xcf5
0xcf6		0xcf6
0xcf7		0xcf7
0xcf9		0xcf9
0xcfa		0xcfa
0xcfb		0xcfb
0xcfc		0xcfc
0xcfd		0xcfd
0xcfe		0xcfe
0xcff		0xcff
0xd01		0xd01
0xd02		0xd02
0xd0a		0xd0a
0xd12		0xd12
0xd1a		0xd1a
0xd22		0xd22
0xd2a		0xd2a
0xd2b		0xd2b
0xd2d		0xd2d
0xd2e		0xd2e
0xd2f		0xd2f
0xd30		0xd30
0xd31		0xd31
0xd32		0xd32
0xd33		0xd33
0xd35		0xd35
0xd37		0xd37
0xd39		0xd39
0xd3b		0xd3b
0xd3c		0xd3c
0xd3d		0xd3d
0xd3e		0xd3e
0xd3f		0xd3f
0xd41		0xd41
0xd42		0xd42
0xd43		0xd43
0xd44		0xd44
0xd45		0xd45
0xd46		0xd46
0xd47		0xd47
0xd49		0xd49
0xd4b		0xd4b
0xd4d		0xd4d
0xd4f		0xd4f
0xd50		0xd50
0xd51		0xd51
0xd52		0xd52
0xd53		0xd53
0xd54		0xd54
0xd55		0xd55
0xd56		0xd56
0xd57		0xd57
0xd58		0xd58
0xd59		0xd59
0xd5a		0xd5a
0xd5b		0xd5b
0xd5c		0xd5c
0xd5d		0xd5d
0xd5e		0xd5e
0xd5f		0xd5f
0xd63		0xd63
0xd64		0xd64
0xd65		0xd65
0xd66		0xd66
0xd67		0xd67
0xd68		0xd68
0xd69		0xd69
0xd6a		0xd6a
0xd6b		0xd6b
0xd6c		0xd6c
0xd6d		0xd6d
0xd6e		0xd6e
0xd6f		0xd6f
0xd70		0xd70
0xd71		0xd71
0xd72		0xd72
0xd73		0xd73
0xd74		0xd74
0xd75		0xd75
0xd76		0xd76
0xd77		0xd77
0xd78		0xd78
0xd79		0xd79
0xd7a		0xd7a
0xd7b		0xd7b
0xd7d		0xd7d
0xd7e		0xd7e
0xd7f		0xd7f
0xd80		0xd80
0xd81		0xd81
0xd82		0xd82
0xd83		0xd83
0xd84		0xd84
0xd85		0xd85
0xd86		0xd86
0xd87		0xd87
0xd88		0xd88
0xd89		0xd89
0xd8b		0xd8b
0xd8c		0xd8c
0xd8d		0xd8d
0xd8f		0xd8f
0xd90		0xd90
0xd98		0xd98
0xd99		0xd99
0xd9a		0xd9a
0xd9b		0xd9b
0xd9c		0xd9c
0xd9d		0xd9d
0xd9e		0xd9e
0xda4		0xda4
0xda5		0xda5
0xda6		0xda6
0xda7		0xda7
0xda8		0xda8
0xdb0		0xdb0
0xdb2		0xdb2
0xdb3		0xdb3
0xdb6		0xdb6
0xdb7		0xdb7
0xdb8		0xdb8
0xdb9		0xdb9
0xdba		0xdba
0xdbb		0xdbb
0xdbc		0xdbc
0xdbd		0xdbd
0xdbe		0xdbe
0xdbf		0xdbf
0xdc0		0xdc0
0xdc1		0xdc1
0xdc3		0xdc3
0xdc4		0xdc4
0xdc5		0xdc5
0xdc6		0xdc6
0xdc7		0xdc7
0xdc8		0xdc8
0xdc9		0xdc9
0xdcb		0xdcb
0xdcc		0xdcc
0xdd4		0xdd4
0xddc		0xddc
0xde4		0xde4
0xdec		0xdec
0xdf4		0xdf4
0xdf5		0xdf5
0xdf7		0xdf7
0xdf8		0xdf8
0xdf9		0xdf9
0xdfa		0xdfa
0xdfb		0xdfb
0xdfc		0xdfc
0xdfd		0xdfd
0xdff		0xdff
0xe01		0xe01
0xe03		0xe03
0xe05		0xe05
0xe06		0xe06
0xe07		0xe07
0xe08		0xe08
0xe09		0xe09
0xe0b		0xe0b
0xe0c		0xe0c
0xe14		0xe14
0xe1c		0xe1c
0xe24		0xe24
0xe2c		0xe2c
0xe34		0xe34
0xe35		0xe35
0xe37		0xe37
0xe38		0xe38
0xe39		0xe39
0xe3a		0xe3a
0xe3b		0xe3b
0xe3c		0xe3c
0xe3d		0xe3d
0xe3f		0xe3f
0xe41		0xe41
0xe43		0xe43
0xe45		0xe45
0xe46		0xe46
0xe47		0xe47
0xe48		0xe48
0xe49		0xe49
0xe4a		0xe4a
0xe4b		0xe4b
0xe4c		0xe4c
0xe4d		0xe4d
0xe4e		0xe4e
0xe4f		0xe4f
0xe52		0xe52
0xe53		0xe53
0xe54		0xe54
0xe55		0xe55
0xe59		0xe59
0xe5a		0xe5a
0xe5b		0xe5b
0xe5c		0xe5c
0xe5d		0xe5d
0xe5e		0xe5e
0xe5f		0xe5f
0xe60		0xe60
0xe61		0xe61
0xe62		0xe62
0xe63		0xe63
0xe64		0xe64
0xe65		0xe65
0xe66		0xe66
0xe67		0xe67
0xe68		0xe68
0xe69		0xe69
0xe6b		0xe6b
0xe6c		0xe6c
0xe6d		0xe6d
0xe6e		0xe6e
0xe6f		0xe6f
0xe70		0xe70
0xe71		0xe71
0xe72		0xe72
0xe73		0xe73
0xe74		0xe74
0xe75		0xe75
0xe76		0xe76
0xe77		0xe77
0xe79		0xe79
0xe7a		0xe7a
0xe7b		0xe7b
0xe7d		0xe7d
0xe7e		0xe7e
0xe86		0xe86
0xe87		0xe87
0xe88		0xe88
0xe89		0xe89
0xe8a		0xe8a
0xe8c		0xe8c
0xe8d		0xe8d
0xe92		0xe92
0xe93		0xe93
0xe94		0xe94
0xe95		0xe95
0xe96		0xe96
0xe9e		0xe9e
0xea0		0xea0
0xea1		0xea1
0xea2		0xea2
0xea3		0xea3
0xea4		0xea4
0xea5		0xea5
0xea6		0xea6
0xea7		0xea7
0xea8		0xea8
0xea9		0xea9
0xeaa		0xeaa
0xeab		0xeab
0xeac		0xeac
0xead		0xead
0xeae		0xeae
0xeaf		0xeaf
0xeb1		0xeb1
0xeb2		0xeb2
0xeb3		0xeb3
0xeb4		0xeb4
0xeb5		0xeb5
0xeb6		0xeb6
0xeb7		0xeb7
0xeb9		0xeb9
0xeba		0xeba
0xec2		0xec2
0xeca		0xeca
0xed2		0xed2
0xeda		0xeda
0xee2		0xee2
0xee3		0xee3
0xee5		0xee5
0xee6		0xee6
0xee7		0xee7
0xee8		0xee8
0xee9		0xee9
0xeea		0xeea
0xeeb		0xeeb
0xeed		0xeed
0xeef		0xeef
0xef1		0xef1
0xef3		0xef3
0xef4		0xef4
0xef5		0xef5
0xef6		0xef6
0xef7		0xef7
0xef8		0xef8
0xef9		0xef9
0xefa		0xefa
0xefb		0xefb
0xefc		0xefc
0xefd		0xefd
0xf00		0xf00
0xf01		0xf01
0xf02		0xf02
0xf03		0xf03
0xf07		0xf07
0xf0b		0xf0b
0xf0c		0xf0c
0xf0d		0xf0d
0xf0e		0xf0e
0xf0f		0xf0f
0xf11		0xf11
0xf12		0xf12
0xf13		0xf13
0xf15		0xf15
0xf16		0xf16
0xf17		0xf17
0xf18		0xf18
0xf19		0xf19
0xf1a		0xf1a
0xf1b		0xf1b
0xf1c		0xf1c
0xf1d		0xf1d
0xf20		0xf20
0xf21		0xf21
0xf22		0xf22
0xf23		0xf23
0xf24		0xf24
0xf2c		0xf2c
0xf2d		0xf2d
0xf31		0xf31
0xf32		0xf32
0xf33		0xf33
0xf34		0xf34
0xf35		0xf35
0xf37		0xf37
0xf38		0xf38
0xf39		0xf39
0xf3a		0xf3a
0xf3b		0xf3b
0xf3c		0xf3c
0xf3d		0xf3d
0xf3e		0xf3e
0xf3f		0xf3f
0xf40		0xf40
0xf41		0xf41
0xf42		0xf42
0xf43		0xf43
0xf44		0xf44
0xf45		0xf45
0xf46		0xf46
0xf47		0xf47
0xf48		0xf48
0xf49		0xf49
0xf4a		0xf4a
0xf4b		0xf4b
0xf4c		0xf4c
0xf4d		0xf4d
0xf4e		0xf4e
0xf4f		0xf4f
0xf50		0xf50
0xf51		0xf51
0xf53		0xf53
0xf5b		0xf5b
0xf5d		0xf5d
0xf5e		0xf5e
0xf5f		0xf5f
0xf60		0xf60
0xf61		0xf61
0xf62		0xf62
0xf63		0xf63
0xf64		0xf64
0xf65		0xf65
0xf66		0xf66
0xf67		0xf67
0xf68		0xf68
0xf69		0xf69
0xf6a		0xf6a
0xf6b		0xf6b
0xf6c		0xf6c
0xf6d		0xf6d
0xf6e		0xf6e
0xf6f		0xf6f
0xf70		0xf70
0xf71		0xf71
0xf72		0xf72
0xf73		0xf73
0xf74		0xf74
0xf75		0xf75
0xf76		0xf76
0xf77		0xf77
0xf78		0xf78
0xf79		0xf79
0xf7a		0xf7a
0xf7b		0xf7b
0xf7c		0xf7c
0xf7d		0xf7d
0xf7e		0xf7e
0xf7f		0xf7f
0xf80		0xf80
0xf81		0xf81
0xf82		0xf82
0xf83		0xf83
0xf84		0xf84
0xf85		0xf85
0xf86		0xf86
0xf87		0xf87
0xf88		0xf88
0xf89		0xf89
0xf8a		0xf8a
0xf8b		0xf8b
0xf8c		0xf8c
0xf8d		0xf8d
0xf8e		0xf8e
0xf8f		0xf8f
0xf90		0xf90
0xf91		0xf91
0xf92		0xf92
0xf93		0xf93
0xf94		0xf94
0xf95		0xf95
0xf96		0xf96
0xf97		0xf97
0xf98		0xf98
0xf99		0xf99
0xf9a		0xf9a
0xf9b		0xf9b
0xf9c		0xf9c
0xf9d		0xf9d
0xf9e		0xf9e
0xf9f		0xf9f
0xfa3		0xfa3
0xfa4		0xfa4
0xfa5		0xfa5
0xfa6		0xfa6
0xfa7		0xfa7
0xfa8		0xfa8
0xfa9		0xfa9
0xfaa		0xfaa
0xfab		0xfab
0xfac		0xfac
0xfad		0xfad
0xfae		0xfae
0xfaf		0xfaf
0xfb1		0xfb1
0xfb2		0xfb2
0xfba		0xfba
0xfc2		0xfc2
0xfca		0xfca
0xfd2		0xfd2
0xfda		0xfda
0xfdb		0xfdb
0xfdd		0xfdd
0xfde		0xfde
0xfe6		0xfe6
0xfee		0xfee
0xff6		0xff6
0xffe		0xffe
0x1006		0x1006
0x1007		0x1007
0x1008		0x1008
0x1009		0x1009
0x100a		0x100a
0x100b		0x100b
0x100c		0x100c
0x100d		0x100d
0x100e		0x100e
0x100f		0x100f
0x1010		0x1010
0x1011		0x1011
0x1013		0x1013
0x1014		0x1014
0x1015		0x1015
0x1016		0x1016
0x1017		0x1017
0x1018		0x1018
0x1019		0x1019
0x101a		0x101a
0x101b		0x101b
0x101c		0x101c
0x101d		0x101d
0x101e		0x101e
0x101f		0x101f
0x1020		0x1020
0x1021		0x1021
0x1022		0x1022
0x1023		0x1023
0x1024		0x1024
0x1025		0x1025
0x1026		0x1026
0x1027		0x1027
0x1028		0x1028
0x1029		0x1029
0x102b		0x102b
0x102c		0x102c
0x1034		0x1034
0x103c		0x103c
0x1044		0x1044
0x104c		0x104c
0x1054		0x1054
0x1055		0x1055
0x1057		0x1057
0x1058		0x1058
0x1060		0x1060
0x1068		0x1068
0x1070		0x1070
0x1078		0x1078
0x1080		0x1080
0x1081		0x1081
0x1082		0x1082
0x1083		0x1083
0x1084		0x1084
0x1085		0x1085
0x1086		0x1086
0x1087		0x1087
0x1088		0x1088
0x1089		0x1089
0x108a		0x108a
0x108b		0x108b
0x108d		0x108d
0x108e		0x108e
0x108f		0x108f
0x1090		0x1090
0x1091		0x1091
0x1092		0x1092
0x1093		0x1093
0x1094		0x1094
0x1095		0x1095
0x1096		0x1096
0x1097		0x1097
0x1098		0x1098
0x1099		0x1099
0x109a		0x109a
0x109b		0x109b
0x109c		0x109c
0x109d		0x109d
0x109e		0x109e
0x109f		0x109f
0x10a1		0x10a1
0x10a2		0x10a2
0x10a3		0x10a3
0x10a4		0x10a4
0x10a5		0x10a5
0x10a6		0x10a6
0x10a7		0x10a7
0x10a9		0x10a9
0x10aa		0x10aa
0x10b2		0x10b2
0x10ba		0x10ba
0x10c2		0x10c2
0x10ca		0x10ca
0x10d2		0x10d2
0x10d3		0x10d3
0x10d4		0x10d4
0x10d5		0x10d5
0x10d7		0x10d7
0x10d8		0x10d8
0x10e0		0x10e0
0x10e8		0x10e8
0x10f0		0x10f0
0x10f8		0x10f8
0x1100		0x1100
0x1101		0x1101
0x1103		0x1103
0x110b		0x110b
0x110c		0x110c
0x1113		0x1113
0x1117		0x1117
0x111f		0x111f
0x1126		0x1126
0x1127		0x1127
0x1128		0x1128
0x1129		0x1129
0x112a		0x112a
0x112f		0x112f
0x1130		0x1130
0x1132		0x1132
0x1133		0x1133
0x113a		0x113a
0x113f		0x113f
0x1140		0x1140
0x1144		0x1144
0x1145		0x1145
0x1146		0x1146
0x1147		0x1147
0x1148		0x1148
0x1149		0x1149
0x114a		0x114a
0x114b		0x114b
0x114c		0x114c
0x114d		0x114d
0x114e		0x114e
0x114f		0x114f
0x1150		0x1150
0x1151		0x1151
0x1152		0x1152
0x1153		0x1153
0x1154		0x1154
0x1155		0x1155
0x1156		0x1156
0x1157		0x1157
0x1158		0x1158
0x1159		0x1159
0x115b		0x115b
0x115c		0x115c
0x115d		0x115d
0x115e		0x115e
0x115f		0x115f
0x1160		0x1160
0x1161		0x1161
0x1162		0x1162
0x1163		0x1163
0x1164		0x1164
0x1165		0x1165
0x1166		0x1166
0x1167		0x1167
0x1169		0x1169
0x116a		0x116a
0x116b		0x116b
0x116d		0x116d
0x116e		0x116e
0x1171		0x1171
0x1172		0x1172
0x1173		0x1173
0x1175		0x1175
0x1176		0x1176
0x1177		0x1177
0x1179		0x1179
0x117b		0x117b
0x117c		0x117c
0x117d		0x117d
0x117e		0x117e
0x117f		0x117f
0x1180		0x1180
0x1181		0x1181
0x1182		0x1182
0x1183		0x1183
0x1187		0x1187
0x1188		0x1188
0x1189		0x1189
0x118a		0x118a
0x118b		0x118b
0x118c		0x118c
0x118d		0x118d
0x118f		0x118f
0x1190		0x1190
0x1191		0x1191
0x1193		0x1193
0x1194		0x1194
0x1195		0x1195
0x1196		0x1196
0x1197		0x1197
0x119b		0x119b
0x119c		0x119c
0x119d		0x119d
0x119f		0x119f
0x11a0		0x11a0
0x11a8		0x11a8
0x11b0		0x11b0
0x11b8		0x11b8
0x11c0		0x11c0
0x11c8		0x11c8
0x11c9		0x11c9
0x11ca		0x11ca
0x11cb		0x11cb
0x11cd		0x11cd
0x11ce		0x11ce
0x11d6		0x11d6
0x11de		0x11de
0x11e6		0x11e6
0x11ee		0x11ee
0x11f6		0x11f6
0x11f7		0x11f7
0x11f8		0x11f8
0x11f9		0x11f9
0x11fa		0x11fa
0x11fb		0x11fb
0x11fc		0x11fc
0x11fd		0x11fd
0x11fe		0x11fe
0x11ff		0x11ff
0x1200		0x1200
0x1201		0x1201
0x1202		0x1202
0x1204		0x1204
0x1205		0x1205
0x1206		0x1206
0x1208		0x1208
0x1209		0x1209
0x120a		0x120a
0x120b		0x120b
0x120c		0x120c
0x120d		0x120d
0x120e		0x120e
0x1216		0x1216
0x1217		0x1217
0x1218		0x1218
0x1219		0x1219
0x121b		0x121b
0x121c		0x121c
0x1224		0x1224
0x122c		0x122c
0x1234		0x1234
0x123c		0x123c
0x1244		0x1244
0x1245		0x1245
0x1247		0x1247
0x1248		0x1248
0x1250		0x1250
0x1258		0x1258
0x1260		0x1260
0x1268		0x1268
0x1270		0x1270
0x1271		0x1271
0x1272		0x1272
0x1273		0x1273
0x1274		0x1274
0x1275		0x1275
0x1276		0x1276
0x1277		0x1277
0x1278		0x1278
0x1279		0x1279
0x127a		0x127a
0x127b		0x127b
0x127d		0x127d
0x127e		0x127e
0x127f		0x127f
0x1280		0x1280
0x1281		0x1281
0x1282		0x1282
0x1283		0x1283
0x1284		0x1284
0x1285		0x1285
0x1286		0x1286
0x1287		0x1287
0x1288		0x1288
0x1289		0x1289
0x128a		0x128a
0x128b		0x128b
0x128c		0x128c
0x128d		0x128d
0x128e		0x128e
0x128f		0x128f
0x1290		0x1290
0x1291		0x1291
0x1292		0x1292
0x1293		0x1293
0x1294		0x1294
0x1295		0x1295
0x1296		0x1296
0x1297		0x1297
0x1298		0x1298
0x1299		0x1299
0x129a		0x129a
0x129b		0x129b
0x129c		0x129c
0x129e		0x129e
0x129f		0x129f
0x12a0		0x12a0
0x12a2		0x12a2
0x12a3		0x12a3
0x12a4		0x12a4
0x12a5		0x12a5
0x12a6		0x12a6
0x12a7		0x12a7
0x12a8		0x12a8
0x12b0		0x12b0
0x12b1		0x12b1
0x12b2		0x12b2
0x12b3		0x12b3
0x12b4		0x12b4
0x12b5		0x12b5
0x12b7		0x12b7
0x12b8		0x12b8
0x12c0		0x12c0
0x12c8		0x12c8
0x12d0		0x12d0
0x12d8		0x12d8
0x12e0		0x12e0
0x12e1		0x12e1
0x12e3		0x12e3
0x12e4		0x12e4
0x12ec		0x12ec
0x12f4		0x12f4
0x12fc		0x12fc
0x1304		0x1304
0x130c		0x130c
0x130d		0x130d
0x130e		0x130e
0x130f		0x130f
0x1310		0x1310
0x1311		0x1311
0x1312		0x1312
0x1313		0x1313
0x1314		0x1314
0x1315		0x1315
0x1316		0x1316
0x1317		0x1317
0x1319		0x1319
0x131a		0x131a
0x131b		0x131b
0x131c		0x131c
0x131d		0x131d
0x131e		0x131e
0x131f		0x131f
0x1320		0x1320
0x1321		0x1321
0x1322		0x1322
0x1323		0x1323
0x1324		0x1324
0x1325		0x1325
0x1326		0x1326
0x1327		0x1327
0x1328		0x1328
0x1329		0x1329
0x132a		0x132a
0x132b		0x132b
0x132c		0x132c
0x132d		0x132d
0x132e		0x132e
0x132f		0x132f
0x1331		0x1331
0x1332		0x1332
0x133a		0x133a
0x1342		0x1342
0x134a		0x134a
0x1352		0x1352
0x135a		0x135a
0x135b		0x135b
0x135d		0x135d
0x135e		0x135e
0x1366		0x1366
0x136e		0x136e
0x1376		0x1376
0x137e		0x137e
0x1386		0x1386
0x1387		0x1387
0x1388		0x1388
0x1389		0x1389
0x138a		0x138a
0x138b		0x138b
0x138c		0x138c
0x138d		0x138d
0x138e		0x138e
0x138f		0x138f
0x1390		0x1390
0x1391		0x1391
0x1393		0x1393
0x1394		0x1394
0x1395		0x1395
0x1396		0x1396
0x1397		0x1397
0x1398		0x1398
0x1399		0x1399
0x139a		0x139a
0x139b		0x139b
0x139c		0x139c
0x139d		0x139d
0x139e		0x139e
0x139f		0x139f
0x13a0		0x13a0
0x13a1		0x13a1
0x13a2		0x13a2
0x13a3		0x13a3
0x13a4		0x13a4
0x13a5		0x13a5
0x13a6		0x13a6
0x13a7		0x13a7
0x13a8		0x13a8
0x13a9		0x13a9
0x13aa		0x13aa
0x13ab		0x13ab
0x13ac		0x13ac
0x13ad		0x13ad
0x13ae		0x13ae
0x13af		0x13af
0x13b0		0x13b0
0x13b1		0x13b1
0x13b2		0x13b2
0x13b4		0x13b4
0x13bb		0x13bb
0x13bc		0x13bc
0x13bd		0x13bd
0x13be		0x13be
0x13c6		0x13c6
0x13c7		0x13c7
0x13c8		0x13c8
0x13c9		0x13c9
0x13ca		0x13ca
0x13cb		0x13cb
0x13cc		0x13cc
0x13cd		0x13cd
0x13ce		0x13ce
0x13cf		0x13cf
0x13d0		0x13d0
0x13d3		0x13d3
0x13d4		0x13d4
0x13dc		0x13dc
0x13e4		0x13e4
0x13ec		0x13ec
0x13f4		0x13f4
0x13fc		0x13fc
0x13fd		0x13fd
0x13ff		0x13ff
0x1400		0x1400
0x1408		0x1408
0x1410		0x1410
0x1418		0x1418
0x1420		0x1420
0x1428		0x1428
0x1429		0x1429
0x142a		0x142a
0x142b		0x142b
0x142c		0x142c
0x142d		0x142d
0x142e		0x142e
0x142f		0x142f
0x1430		0x1430
0x1431		0x1431
0x1432		0x1432
0x1433		0x1433
0x1435		0x1435
0x1436		0x1436
0x1437		0x1437
0x1438		0x1438
0x1439		0x1439
0x143a		0x143a
0x143b		0x143b
0x143c		0x143c
0x143d		0x143d
0x143e		0x143e
0x143f		0x143f
0x1440		0x1440
0x1441		0x1441
0x1442		0x1442
0x1443		0x1443
0x1444		0x1444
0x1445		0x1445
0x1446		0x1446
0x1447		0x1447
0x1448		0x1448
0x1449		0x1449
0x144a		0x144a
0x144b		0x144b
0x144f		0x144f
0x1451		0x1451
0x1453		0x1453
0x1454		0x1454
0x1455		0x1455
0x1456		0x1456
0x145e		0x145e
0x145f		0x145f
0x1460		0x1460
0x1461		0x1461
0x1462		0x1462
0x1463		0x1463
0x1467		0x1467
0x1468		0x1468
0x1469		0x1469
0x146a		0x146a
0x146b		0x146b
0x146d		0x146d
0x146e		0x146e
0x1476		0x1476
0x147e		0x147e
0x1486		0x1486
0x148e		0x148e
0x1496		0x1496
0x1497		0x1497
0x1499		0x1499
0x149a		0x149a
0x14a2		0x14a2
0x14aa		0x14aa
0x14b2		0x14b2
0x14ba		0x14ba
0x14c2		0x14c2
0x14c3		0x14c3
0x14c4		0x14c4
0x14c5		0x14c5
0x14c6		0x14c6
0x14c7		0x14c7
0x14c8		0x14c8
0x14c9		0x14c9
0x14ca		0x14ca
0x14cb		0x14cb
0x14cc		0x14cc
0x14cd		0x14cd
0x14cf		0x14cf
0x14d0		0x14d0
0x14d1		0x14d1
0x14d2		0x14d2
0x14d3		0x14d3
0x14d4		0x14d4
0x14d5		0x14d5
0x14d6		0x14d6
0x14d7		0x14d7
0x14d8		0x14d8
0x14d9		0x14d9
0x14da		0x14da
0x14db		0x14db
0x14dc		0x14dc
0x14dd		0x14dd
0x14de		0x14de
0x14df		0x14df
0x14e0		0x14e0
0x14e1		0x14e1
0x14e3		0x14e3
0x14e4		0x14e4
0x14e5		0x14e5
0x14e6		0x14e6
0x14e7		0x14e7
0x14e8		0x14e8
0x14e9		0x14e9
0x14ea		0x14ea
0x14eb		0x14eb
0x14ee		0x14ee
0x14ef		0x14ef
0x14f0		0x14f0
0x14f1		0x14f1
0x14f2		0x14f2
0x14f3		0x14f3
0x14f4		0x14f4
0x14f5		0x14f5
0x14f6		0x14f6
0x14f7		0x14f7
0x14f9		0x14f9
0x14fa		0x14fa
0x1502		0x1502
0x150a		0x150a
0x1512		0x1512
0x151a		0x151a
0x1522		0x1522
0x1523		0x1523
0x1525		0x1525
0x1526		0x1526
0x152e		0x152e
0x1536		0x1536
0x153e		0x153e
0x1546		0x1546
0x154e		0x154e
0x154f		0x154f
0x1550		0x1550
0x1551		0x1551
0x1552		0x1552
0x1553		0x1553
0x1554		0x1554
0x1555		0x1555
0x1556		0x1556
0x1557		0x1557
0x1558		0x1558
0x1559		0x1559
0x155b		0x155b
0x155c		0x155c
0x155d		0x155d
0x155e		0x155e
0x155f		0x155f
0x1560		0x1560
0x1561		0x1561
0x1562		0x1562
0x1563		0x1563
0x1564		0x1564
0x1565		0x1565
0x1566		0x1566
0x1567		0x1567
0x1568		0x1568
0x1569		0x1569
0x156a		0x156a
0x156b		0x156b
0x156c		0x156c
0x156d		0x156d
0x156e		0x156e
0x156f		0x156f
0x1570		0x1570
0x1571		0x1571
0x1575		0x1575
0x1577		0x1577
0x1579		0x1579
0x157a		0x157a
0x157b		0x157b
0x157c		0x157c
0x1584		0x1584
0x1585		0x1585
0x1586		0x1586
0x1587		0x1587
0x1588		0x1588
0x1589		0x1589
0x158d		0x158d
0x158e		0x158e
0x158f		0x158f
0x1590		0x1590
0x1591		0x1591
0x1593		0x1593
0x1594		0x1594
0x159c		0x159c
0x15a4		0x15a4
0x15ac		0x15ac
0x15b4		0x15b4
0x15bc		0x15bc
0x15bd		0x15bd
0x15bf		0x15bf
0x15c0		0x15c0
0x15c8		0x15c8
0x15d0		0x15d0
0x15d8		0x15d8
0x15e0		0x15e0
0x15e8		0x15e8
0x15e9		0x15e9
0x15ea		0x15ea
0x15eb		0x15eb
0x15ec		0x15ec
0x15ed		0x15ed
0x15ee		0x15ee
0x15ef		0x15ef
0x15f0		0x15f0
0x15f1		0x15f1
0x15f2		0x15f2
0x15f3		0x15f3
0x15f5		0x15f5
0x15f6		0x15f6
0x15f7		0x15f7
0x15f8		0x15f8
0x15f9		0x15f9
0x15fa		0x15fa
0x15fb		0x15fb
0x15fc		0x15fc
0x15fd		0x15fd
0x15fe		0x15fe
0x15ff		0x15ff
0x1600		0x1600
0x1601		0x1601
0x1602		0x1602
0x1603		0x1603
0x1604		0x1604
0x1605		0x1605
0x1606		0x1606
0x1607		0x1607
0x1609		0x1609
0x160a		0x160a
0x160b		0x160b
0x160c		0x160c
0x160d		0x160d
0x160e		0x160e
0x160f		0x160f
0x1610		0x1610
0x1611		0x1611
0x1615		0x1615
0x1616		0x1616
0x1617		0x1617
0x1618		0x1618
0x1619		0x1619
0x161a		0x161a
0x161b		0x161b
0x161c		0x161c
0x161d		0x161d
0x161e		0x161e
0x1621		0x1621
0x1622		0x1622
0x162a		0x162a
0x1632		0x1632
0x163a		0x163a
0x1642		0x1642
0x164a		0x164a
0x164b		0x164b
0x164d		0x164d
0x164e		0x164e
0x1656		0x1656
0x165e		0x165e
0x1666		0x1666
0x166e		0x166e
0x1676		0x1676
0x1677		0x1677
0x1678		0x1678
0x1679		0x1679
0x167a		0x167a
0x167b		0x167b
0x167c		0x167c
0x167d		0x167d
0x167e		0x167e
0x167f		0x167f
0x1680		0x1680
0x1681		0x1681
0x1683		0x1683
0x1684		0x1684
0x1685		0x1685
0x1686		0x1686
0x1687		0x1687
0x1688		0x1688
0x1689		0x1689
0x168a		0x168a
0x168b		0x168b
0x168c		0x168c
0x168d		0x168d
0x168e		0x168e
0x168f		0x168f
0x1690		0x1690
0x1691		0x1691
0x1692		0x1692
0x1693		0x1693
0x1694		0x1694
0x1695		0x1695
0x1696		0x1696
0x1697		0x1697
0x1698		0x1698
0x1699		0x1699
0x169b		0x169b
0x169c		0x169c
0x16a4		0x16a4
0x16ac		0x16ac
0x16b4		0x16b4
0x16bc		0x16bc
0x16c4		0x16c4
0x16c5		0x16c5
0x16c7		0x16c7
0x16c8		0x16c8
0x16d0		0x16d0
0x16d8		0x16d8
0x16e0		0x16e0
0x16e8		0x16e8
0x16f0		0x16f0
0x16f1		0x16f1
0x16f2		0x16f2
0x16f3		0x16f3
0x16f4		0x16f4
0x16f5		0x16f5
0x16f6		0x16f6
0x16f7		0x16f7
0x16f8		0x16f8
0x16f9		0x16f9
0x16fa		0x16fa
0x16fb		0x16fb
0x16fd		0x16fd
0x16fe		0x16fe
0x16ff		0x16ff
0x1700		0x1700
0x1701		0x1701
0x1702		0x1702
0x1703		0x1703
0x1704		0x1704
0x1705		0x1705
0x1706		0x1706
0x1707		0x1707
0x1708		0x1708
0x1709		0x1709
0x170a		0x170a
0x170b		0x170b
0x170c		0x170c
0x170d		0x170d
0x170e		0x170e
0x170f		0x170f
0x1710		0x1710
0x1711		0x1711
0x1712		0x1712
0x1713		0x1713
0x1717		0x1717
0x1719		0x1719
0x171b		0x171b
0x171c		0x171c
0x171d		0x171d
0x171e		0x171e
0x1726		0x1726
0x1727		0x1727
0x1728		0x1728
0x1729		0x1729
0x172a		0x172a
0x172b		0x172b
0x172f		0x172f
0x1730		0x1730
0x1731		0x1731
0x1732		0x1732
0x1733		0x1733
0x1734		0x1734
0x1735		0x1735
0x1737		0x1737
0x1738		0x1738
0x1740		0x1740
0x1748		0x1748
0x1750		0x1750
0x1758		0x1758
0x1760		0x1760
0x1761		0x1761
0x1763		0x1763
0x1764		0x1764
0x176c		0x176c
0x1774		0x1774
0x177c		0x177c
0x1784		0x1784
0x178c		0x178c
0x178d		0x178d
0x178e		0x178e
0x178f		0x178f
0x1790		0x1790
0x1791		0x1791
0x1792		0x1792
0x1793		0x1793
0x1794		0x1794
0x1795		0x1795
0x1796		0x1796
0x1797		0x1797
0x1799		0x1799
0x179a		0x179a
0x179b		0x179b
0x179c		0x179c
0x179d		0x179d
0x179e		0x179e
0x179f		0x179f
0x17a0		0x17a0
0x17a1		0x17a1
0x17a2		0x17a2
0x17a3		0x17a3
0x17a4		0x17a4
0x17a5		0x17a5
0x17a6		0x17a6
0x17a7		0x17a7
0x17a8		0x17a8
0x17a9		0x17a9
0x17aa		0x17aa
0x17ab		0x17ab
0x17ac		0x17ac
0x17ad		0x17ad
0x17ae		0x17ae
0x17af		0x17af
0x17b1		0x17b1
0x17b2		0x17b2
0x17ba		0x17ba
0x17c2		0x17c2
0x17ca		0x17ca
0x17d2		0x17d2
0x17da		0x17da
0x17db		0x17db
0x17dd		0x17dd
0x17de		0x17de
0x17e6		0x17e6
0x17ee		0x17ee
0x17f6		0x17f6
0x17fe		0x17fe
0x1806		0x1806
0x1807		0x1807
0x1808		0x1808
0x1809		0x1809
0x180a		0x180a
0x180b		0x180b
0x180c		0x180c
0x180d		0x180d
0x180e		0x180e
0x180f		0x180f
0x1810		0x1810
0x1811		0x1811
0x1813		0x1813
0x1814		0x1814
0x1815		0x1815
0x1816		0x1816
0x1817		0x1817
0x1818		0x1818
0x1819		0x1819
0x181a		0x181a
0x181b		0x181b
0x181c		0x181c
0x181d		0x181d
0x181e		0x181e
0x181f		0x181f
0x1820		0x1820
0x1821		0x1821
0x1822		0x1822
0x1823		0x1823
0x1824		0x1824
0x1825		0x1825
0x1827		0x1827
0x1828		0x1828
0x1829		0x1829
0x182a		0x182a
0x182b		0x182b
0x182c		0x182c
0x182d		0x182d
0x182f		0x182f
0x1830		0x1830
0x1838		0x1838
0x1840		0x1840
0x1848		0x1848
0x1850		0x1850
0x1858		0x1858
0x1859		0x1859
0x185a		0x185a
0x185b		0x185b
0x185d		0x185d
0x185e		0x185e
0x1866		0x1866
0x186e		0x186e
0x1876		0x1876
0x187e		0x187e
0x1886		0x1886
0x1887		0x1887
0x1889		0x1889
0x1891		0x1891
0x1897		0x1897
0x1899		0x1899
0x189d		0x189d
0x189e		0x189e
0x18a2		0x18a2
0x18ab		0x18ab
0x18ac		0x18ac
0x18ad		0x18ad
0x18b1		0x18b1
0x18b2		0x18b2
0x18b3		0x18b3
0x18b4		0x18b4
0x18b9		0x18b9
0x18ba		0x18ba
0x18bb		0x18bb
0x18bc		0x18bc
0x18c4		0x18c4
0x18c5		0x18c5
0x18c6		0x18c6
0x18ca		0x18ca
0x18cb		0x18cb
0x18cc		0x18cc
0x18cd		0x18cd
0x18ce		0x18ce
0x18cf		0x18cf
0x18d0		0x18d0
0x18d1		0x18d1
0x18d2		0x18d2
0x18d3		0x18d3
0x18d4		0x18d4
0x18d5		0x18d5
0x18d6		0x18d6
0x18d7		0x18d7
0x18d8		0x18d8
0x18d9		0x18d9
0x18da		0x18da
0x18db		0x18db
0x18dc		0x18dc
0x18dd		0x18dd
0x18de		0x18de
0x18df		0x18df
0x18e1		0x18e1
0x18e2		0x18e2
0x18e3		0x18e3
0x18e4		0x18e4
0x18e5		0x18e5
0x18e6		0x18e6
0x18e7		0x18e7
0x18e8		0x18e8
0x18e9		0x18e9
0x18ea		0x18ea
0x18eb		0x18eb
0x18ec		0x18ec
0x18ed		0x18ed
0x18ef		0x18ef
0x18f0		0x18f0
0x18f1		0x18f1
0x18f3		0x18f3
0x18f4		0x18f4
0x18f7		0x18f7
0x18f8		0x18f8
0x18f9		0x18f9
0x18fb		0x18fb
0x18fc		0x18fc
0x18fd		0x18fd
0x18ff		0x18ff
0x1901		0x1901
0x1902		0x1902
0x1903		0x1903
0x1904		0x1904
0x1905		0x1905
0x1906		0x1906
0x1907		0x1907
0x1908		0x1908
0x1909		0x1909
0x190a		0x190a
0x190b		0x190b
0x190f		0x190f
0x1910		0x1910
0x1911		0x1911
0x1912		0x1912
0x1913		0x1913
0x1914		0x1914
0x1915		0x1915
0x1919		0x1919
0x191a		0x191a
0x191b		0x191b
0x191c		0x191c
0x191d		0x191d
0x191e		0x191e
0x191f		0x191f
0x1920		0x1920
0x1921		0x1921
0x1923		0x1923
0x1924		0x1924
0x1925		0x1925
0x1927		0x1927
0x1928		0x1928
0x1929		0x1929
0x192a		0x192a
0x192b		0x192b
0x192c		0x192c
0x192d		0x192d
0x192e		0x192e
0x192f		0x192f
0x1932		0x1932
0x1933		0x1933
0x1935		0x1935
0x1936		0x1936
0x193e		0x193e
0x1946		0x1946
0x194e		0x194e
0x1956		0x1956
0x195e		0x195e
0x195f		0x195f
0x1961		0x1961
0x1962		0x1962
0x196a		0x196a
0x1972		0x1972
0x197a		0x197a
0x1982		0x1982
0x198a		0x198a
0x198b		0x198b
0x198c		0x198c
0x198d		0x198d
0x198f		0x198f
0x1990		0x1990
0x1998		0x1998
0x19a0		0x19a0
0x19a8		0x19a8
0x19b0		0x19b0
0x19b8		0x19b8
0x19b9		0x19b9
0x19ba		0x19ba
0x19bb		0x19bb
0x19bc		0x19bc
0x19bd		0x19bd
0x19be		0x19be
0x19bf		0x19bf
0x19c0		0x19c0
0x19c1		0x19c1
0x19c2		0x19c2
0x19c3		0x19c3
0x19c8		0x19c8
0x19c9		0x19c9
0x19ca		0x19ca
0x19cb		0x19cb
0x19cc		0x19cc
0x19cd		0x19cd
0x19ce		0x19ce
0x19d6		0x19d6
0x19d7		0x19d7
0x19d8		0x19d8
0x19d9		0x19d9
0x19db		0x19db
0x19dc		0x19dc
0x19dd		0x19dd
0x19df		0x19df
0x19e0		0x19e0
0x19e1		0x19e1
0x19e2		0x19e2
0x19e3		0x19e3
0x19e4		0x19e4
0x19e5		0x19e5
0x19e6		0x19e6
0x19e7		0x19e7
0x19ea		0x19ea
0x19eb		0x19eb
0x19ec		0x19ec
0x19ed		0x19ed
0x19ee		0x19ee
0x19f6		0x19f6
0x19f7		0x19f7
0x19f8		0x19f8
0x19f9		0x19f9
0x19fa		0x19fa
0x19fb		0x19fb
0x1a01		0x1a01
0x1a02		0x1a02
0x1a03		0x1a03
0x1a04		0x1a04
0x1a05		0x1a05
0x1a06		0x1a06
0x1a0e		0x1a0e
0x1a10		0x1a10
0x1a11		0x1a11
0x1a12		0x1a12
0x1a13		0x1a13
0x1a14		0x1a14
0x1a15		0x1a15
0x1a16		0x1a16
0x1a17		0x1a17
0x1a18		0x1a18
0x1a19		0x1a19
0x1a1a		0x1a1a
0x1a1b		0x1a1b
0x1a1f		0x1a1f
0x1a21		0x1a21
0x1a23		0x1a23
0x1a24		0x1a24
0x1a25		0x1a25
0x1a26		0x1a26
0x1a2e		0x1a2e
0x1a2f		0x1a2f
0x1a30		0x1a30
0x1a31		0x1a31
0x1a32		0x1a32
0x1a33		0x1a33
0x1a37		0x1a37
0x1a38		0x1a38
0x1a39		0x1a39
0x1a3b		0x1a3b
0x1a3c		0x1a3c
0x1a3d		0x1a3d
0x1a3e		0x1a3e
0x1a3f		0x1a3f
0x1a40		0x1a40
0x1a41		0x1a41
0x1a42		0x1a42
0x1a43		0x1a43
0x1a49		0x1a49
0x1a4a		0x1a4a
0x1a4b		0x1a4b
0x1a4c		0x1a4c
0x1a4d		0x1a4d
0x1a4e		0x1a4e
0x1a4f		0x1a4f
0x1a51		0x1a51
0x1a52		0x1a52
0x1a5a		0x1a5a
0x1a62		0x1a62
0x1a6a		0x1a6a
0x1a72		0x1a72
0x1a7a		0x1a7a
0x1a7b		0x1a7b
0x1a7d		0x1a7d
0x1a7e		0x1a7e
0x1a86		0x1a86
0x1a8e		0x1a8e
0x1a96		0x1a96
0x1a9e		0x1a9e
0x1aa6		0x1aa6
0x1aa7		0x1aa7
0x1aa8		0x1aa8
0x1aa9		0x1aa9
0x1aaa		0x1aaa
0x1aab		0x1aab
0x1aac		0x1aac
0x1aad		0x1aad
0x1aae		0x1aae
0x1aaf		0x1aaf
0x1ab0		0x1ab0
0x1ab1		0x1ab1
0x1ab3		0x1ab3
0x1ab4		0x1ab4
0x1ab5		0x1ab5
0x1ab6		0x1ab6
0x1ab7		0x1ab7
0x1ab8		0x1ab8
0x1ab9		0x1ab9
0x1aba		0x1aba
0x1abb		0x1abb
0x1abc		0x1abc
0x1abd		0x1abd
0x1abe		0x1abe
0x1abf		0x1abf
0x1ac0		0x1ac0
0x1ac1		0x1ac1
0x1ac2		0x1ac2
0x1ac3		0x1ac3
0x1ac4		0x1ac4
0x1ac5		0x1ac5
0x1ac6		0x1ac6
0x1ac7		0x1ac7
0x1ac8		0x1ac8
0x1ac9		0x1ac9
0x1acd		0x1acd
0x1acf		0x1acf
0x1ad1		0x1ad1
0x1ad2		0x1ad2
0x1ad3		0x1ad3
0x1ad4		0x1ad4
0x1adc		0x1adc
0x1add		0x1add
0x1ade		0x1ade
0x1adf		0x1adf
0x1ae0		0x1ae0
0x1ae1		0x1ae1
0x1ae5		0x1ae5
0x1ae6		0x1ae6
0x1ae7		0x1ae7
0x1ae8		0x1ae8
0x1ae9		0x1ae9
0x1aeb		0x1aeb
0x1aec		0x1aec
0x1af4		0x1af4
0x1afc		0x1afc
0x1b04		0x1b04
0x1b0c		0x1b0c
0x1b14		0x1b14
0x1b15		0x1b15
0x1b17		0x1b17
0x1b18		0x1b18
0x1b20		0x1b20
0x1b28		0x1b28
0x1b30		0x1b30
0x1b38		0x1b38
0x1b40		0x1b40
0x1b41		0x1b41
0x1b42		0x1b42
0x1b43		0x1b43
0x1b44		0x1b44
0x1b45		0x1b45
0x1b46		0x1b46
0x1b47		0x1b47
0x1b48		0x1b48
0x1b49		0x1b49
0x1b4a		0x1b4a
0x1b4b		0x1b4b
0x1b4d		0x1b4d
0x1b4e		0x1b4e
0x1b4f		0x1b4f
0x1b50		0x1b50
0x1b51		0x1b51
0x1b52		0x1b52
0x1b53		0x1b53
0x1b54		0x1b54
0x1b55		0x1b55
0x1b56		0x1b56
0x1b57		0x1b57
0x1b58		0x1b58
0x1b59		0x1b59
0x1b5a		0x1b5a
0x1b5b		0x1b5b
0x1b5c		0x1b5c
0x1b5d		0x1b5d
0x1b5e		0x1b5e
0x1b5f		0x1b5f
0x1b61		0x1b61
0x1b62		0x1b62
0x1b63		0x1b63
0x1b64		0x1b64
0x1b65		0x1b65
0x1b66		0x1b66
0x1b67		0x1b67
0x1b69		0x1b69
0x1b6a		0x1b6a
0x1b72		0x1b72
0x1b7a		0x1b7a
0x1b82		0x1b82
0x1b8a		0x1b8a
0x1b92		0x1b92
0x1b93		0x1b93
0x1b95		0x1b95
0x1b9d		0x1b9d
0x1b9e		0x1b9e
0x1b9f		0x1b9f
0x1ba2		0x1ba2
0x1ba3		0x1ba3
0x1ba6		0x1ba6
0x1bab		0x1bab
0x1bb2		0x1bb2
0x1bb8		0x1bb8
0x1bb9		0x1bb9
0x1bbb		0x1bbb
0x1bc1		0x1bc1
0x1bc8		0x1bc8
0x1bc9		0x1bc9
0x1bcb		0x1bcb
0x1bd2		0x1bd2
0x1bd3		0x1bd3
0x1bd4		0x1bd4
0x1bd5		0x1bd5
0x1bd6		0x1bd6
0x1bd7		0x1bd7
0x1bd8		0x1bd8
0x1bd9		0x1bd9
0x1bda		0x1bda
0x1bdb		0x1bdb
0x1bdc		0x1bdc
0x1bdd		0x1bdd
0x1bde		0x1bde
0x1bdf		0x1bdf
0x1be0		0x1be0
0x1be1		0x1be1
0x1be2		0x1be2
0x1be3		0x1be3
0x1be4		0x1be4
0x1be5		0x1be5
0x1be6		0x1be6
0x1be7		0x1be7
0x1be8		0x1be8
0x1be9		0x1be9
0x1bea		0x1bea
0x1beb		0x1beb
0x1bed		0x1bed
0x1bee		0x1bee
0x1bef		0x1bef
0x1bf0		0x1bf0
0x1bf1		0x1bf1
0x1bf2		0x1bf2
0x1bf3		0x1bf3
0x1bf4		0x1bf4
0x1bf5		0x1bf5
0x1bf6		0x1bf6
0x1bf7		0x1bf7
0x1bf8		0x1bf8
0x1bf9		0x1bf9
0x1bfb		0x1bfb
0x1bfc		0x1bfc
0x1bfd		0x1bfd
0x1bff		0x1bff
0x1c00		0x1c00
0x1c03		0x1c03
0x1c05		0x1c05
0x1c06		0x1c06
0x1c0e		0x1c0e
0x1c16		0x1c16
0x1c1e		0x1c1e
0x1c26		0x1c26
0x1c2e		0x1c2e
0x1c2f		0x1c2f
0x1c30		0x1c30
0x1c31		0x1c31
0x1c32		0x1c32
0x1c33		0x1c33
0x1c35		0x1c35
0x1c36		0x1c36
0x1c3e		0x1c3e
0x1c46		0x1c46
0x1c4e		0x1c4e
0x1c56		0x1c56
0x1c5e		0x1c5e
0x1c5f		0x1c5f
0x1c61		0x1c61
0x1c69		0x1c69
0x1c6f		0x1c6f
0x1c71		0x1c71
0x1c75		0x1c75
0x1c76		0x1c76
0x1c7a		0x1c7a
0x1c83		0x1c83
0x1c84		0x1c84
0x1c85		0x1c85
0x1c89		0x1c89
0x1c8a		0x1c8a
0x1c8b		0x1c8b
0x1c8c		0x1c8c
0x1c91		0x1c91
0x1c92		0x1c92
0x1c93		0x1c93
0x1c94		0x1c94
0x1c9c		0x1c9c
0x1c9d		0x1c9d
0x1c9e		0x1c9e
0x1ca2		0x1ca2
0x1ca3		0x1ca3
0x1ca4		0x1ca4
0x1ca5		0x1ca5
0x1ca6		0x1ca6
0x1ca7		0x1ca7
0x1ca8		0x1ca8
0x1ca9		0x1ca9
0x1caa		0x1caa
0x1cab		0x1cab
0x1cac		0x1cac
0x1cad		0x1cad
0x1cae		0x1cae
0x1caf		0x1caf
0x1cb0		0x1cb0
0x1cb1		0x1cb1
0x1cb2		0x1cb2
0x1cb3		0x1cb3
0x1cb4		0x1cb4
0x1cb5		0x1cb5
0x1cb6		0x1cb6
0x1cb7		0x1cb7
0x1cb9		0x1cb9
0x1cba		0x1cba
0x1cbb		0x1cbb
0x1cbc		0x1cbc
0x1cbd		0x1cbd
0x1cbe		0x1cbe
0x1cbf		0x1cbf
0x1cc0		0x1cc0
0x1cc1		0x1cc1
0x1cc2		0x1cc2
0x1cc3		0x1cc3
0x1cc4		0x1cc4
0x1cc5		0x1cc5
0x1cc7		0x1cc7
0x1cc8		0x1cc8
0x1cc9		0x1cc9
0x1ccb		0x1ccb
0x1ccc		0x1ccc
0x1ccf		0x1ccf
0x1cd0		0x1cd0
0x1cd1		0x1cd1
0x1cd3		0x1cd3
0x1cd4		0x1cd4
0x1cd5		0x1cd5
0x1cd7		0x1cd7
0x1cd9		0x1cd9
0x1cda		0x1cda
0x1cdb		0x1cdb
0x1cdc		0x1cdc
0x1cdd		0x1cdd
0x1cde		0x1cde
0x1cdf		0x1cdf
0x1ce0		0x1ce0
0x1ce1		0x1ce1
0x1ce5		0x1ce5
0x1ce6		0x1ce6
0x1ce7		0x1ce7
0x1ce8		0x1ce8
0x1ce9		0x1ce9
0x1cea		0x1cea
0x1ceb		0x1ceb
0x1cec		0x1cec
0x1ced		0x1ced
0x1cee		0x1cee
0x1cef		0x1cef
0x1cf0		0x1cf0
0x1cf1		0x1cf1
0x1cf3		0x1cf3
0x1cf4		0x1cf4
0x1cfc		0x1cfc
0x1d04		0x1d04
0x1d0c		0x1d0c
0x1d14		0x1d14
0x1d1c		0x1d1c
0x1d1d		0x1d1d
0x1d1f		0x1d1f
0x1d20		0x1d20
0x1d28		0x1d28
0x1d30		0x1d30
0x1d38		0x1d38
0x1d40		0x1d40
0x1d48		0x1d48
0x1d49		0x1d49
0x1d4a		0x1d4a
0x1d4b		0x1d4b
0x1d4c		0x1d4c
0x1d4d		0x1d4d
0x1d4e		0x1d4e
0x1d4f		0x1d4f
0x1d50		0x1d50
0x1d51		0x1d51
0x1d52		0x1d52
0x1d53		0x1d53
0x1d55		0x1d55
0x1d56		0x1d56
0x1d57		0x1d57
0x1d58		0x1d58
0x1d59		0x1d59
0x1d5a		0x1d5a
0x1d5b		0x1d5b
0x1d5c		0x1d5c
0x1d5d		0x1d5d
0x1d5e		0x1d5e
0x1d5f		0x1d5f
0x1d60		0x1d60
0x1d61		0x1d61
0x1d62		0x1d62
0x1d63		0x1d63
0x1d64		0x1d64
0x1d65		0x1d65
0x1d66		0x1d66
0x1d67		0x1d67
0x1d68		0x1d68
0x1d69		0x1d69
0x1d6a		0x1d6a
0x1d6b		0x1d6b
0x1d6d		0x1d6d
0x1d6e		0x1d6e
0x1d76		0x1d76
0x1d7e		0x1d7e
0x1d86		0x1d86
0x1d8e		0x1d8e
0x1d96		0x1d96
0x1d97		0x1d97
0x1d99		0x1d99
0x1d9a		0x1d9a
0x1da2		0x1da2
0x1daa		0x1daa
0x1db2		0x1db2
0x1dba		0x1dba
0x1dc2		0x1dc2
0x1dc3		0x1dc3
0x1dc4		0x1dc4
0x1dc5		0x1dc5
0x1dc6		0x1dc6
0x1dc7		0x1dc7
0x1dc8		0x1dc8
0x1dc9		0x1dc9
0x1dca		0x1dca
0x1dcb		0x1dcb
0x1dcc		0x1dcc
0x1dcd		0x1dcd
0x1dcf		0x1dcf
0x1dd0		0x1dd0
0x1dd1		0x1dd1
0x1dd2		0x1dd2
0x1dd3		0x1dd3
0x1dd4		0x1dd4
0x1dd5		0x1dd5
0x1dd6		0x1dd6
0x1dd7		0x1dd7
0x1dd8		0x1dd8
0x1dd9		0x1dd9
0x1dda		0x1dda
0x1ddb		0x1ddb
0x1ddc		0x1ddc
0x1ddd		0x1ddd
0x1dde		0x1dde
0x1ddf		0x1ddf
0x1de0		0x1de0
0x1de1		0x1de1
0x1de3		0x1de3
0x1de4		0x1de4
0x1de5		0x1de5
0x1de6		0x1de6
0x1de7		0x1de7
0x1de8		0x1de8
0x1de9		0x1de9
0x1dea		0x1dea
0x1deb		0x1deb
0x1dec		0x1dec
0x1ded		0x1ded
0x1dee		0x1dee
0x1def		0x1def
0x1df0		0x1df0
0x1df1		0x1df1
0x1df9		0x1df9
0x1dfa		0x1dfa
0x1dfb		0x1dfb
0x1dfc		0x1dfc
0x1dfd		0x1dfd
0x1dfe		0x1dfe
0x1dff		0x1dff
0x1e00		0x1e00
0x1e01		0x1e01
0x1e02		0x1e02
0x1e03		0x1e03
0x1e05		0x1e05
0x1e06		0x1e06
0x1e0e		0x1e0e
0x1e16		0x1e16
0x1e1e		0x1e1e
0x1e26		0x1e26
0x1e2e		0x1e2e
0x1e2f		0x1e2f
0x1e31		0x1e31
0x1e32		0x1e32
0x1e3a		0x1e3a
0x1e42		0x1e42
0x1e4a		0x1e4a
0x1e52		0x1e52
0x1e5a		0x1e5a
0x1e5b		0x1e5b
0x1e5c		0x1e5c
0x1e5d		0x1e5d
0x1e5e		0x1e5e
0x1e5f		0x1e5f
0x1e60		0x1e60
0x1e61		0x1e61
0x1e62		0x1e62
0x1e63		0x1e63
0x1e64		0x1e64
0x1e65		0x1e65
0x1e67		0x1e67
0x1e68		0x1e68
0x1e69		0x1e69
0x1e6a		0x1e6a
0x1e6b		0x1e6b
0x1e6c		0x1e6c
0x1e6d		0x1e6d
0x1e6e		0x1e6e
0x1e6f		0x1e6f
0x1e70		0x1e70
0x1e71		0x1e71
0x1e72		0x1e72
0x1e73		0x1e73
0x1e74		0x1e74
0x1e75		0x1e75
0x1e76		0x1e76
0x1e77		0x1e77
0x1e78		0x1e78
0x1e79		0x1e79
0x1e7a		0x1e7a
0x1e7b		0x1e7b
0x1e7c		0x1e7c
0x1e7d		0x1e7d
0x1e7f		0x1e7f
0x1e80		0x1e80
0x1e88		0x1e88
0x1e90		0x1e90
0x1e98		0x1e98
0x1ea0		0x1ea0
0x1ea8		0x1ea8
0x1ea9		0x1ea9
0x1eab		0x1eab
0x1eac		0x1eac
0x1eb4		0x1eb4
0x1ebc		0x1ebc
0x1ec4		0x1ec4
0x1ecc		0x1ecc
0x1ed4		0x1ed4
0x1ed5		0x1ed5
0x1ed6		0x1ed6
0x1ed7		0x1ed7
0x1ed8		0x1ed8
0x1ed9		0x1ed9
0x1eda		0x1eda
0x1edb		0x1edb
0x1edc		0x1edc
0x1edd		0x1edd
0x1ede		0x1ede
0x1edf		0x1edf
0x1ee1		0x1ee1
0x1ee2		0x1ee2
0x1ee3		0x1ee3
0x1ee4		0x1ee4
0x1ee5		0x1ee5
0x1ee6		0x1ee6
0x1ee7		0x1ee7
0x1ee8		0x1ee8
0x1ee9		0x1ee9
0x1eea		0x1eea
0x1eeb		0x1eeb
0x1eec		0x1eec
0x1eed		0x1eed
0x1eee		0x1eee
0x1eef		0x1eef
0x1ef0		0x1ef0
0x1ef1		0x1ef1
0x1ef2		0x1ef2
0x1ef3		0x1ef3
0x1ef5		0x1ef5
0x1ef6		0x1ef6
0x1ef7		0x1ef7
0x1ef8		0x1ef8
0x1ef9		0x1ef9
0x1efa		0x1efa
0x1efb		0x1efb
0x1efc		0x1efc
0x1efd		0x1efd
0x1efe		0x1efe
0x1eff		0x1eff
0x1f00		0x1f00
0x1f01		0x1f01
0x1f02		0x1f02
0x1f03		0x1f03
0x1f07		0x1f07
0x1f0f		0x1f0f
0x1f10		0x1f10
0x1f11		0x1f11
0x1f15		0x1f15
0x1f17		0x1f17
0x1f19		0x1f19
0x1f1a		0x1f1a
0x1f1b		0x1f1b
0x1f1c		0x1f1c
0x1f24		0x1f24
0x1f25		0x1f25
0x1f26		0x1f26
0x1f27		0x1f27
0x1f28		0x1f28
0x1f29		0x1f29
0x1f2d		0x1f2d
0x1f2e		0x1f2e
0x1f2f		0x1f2f
0x1f30		0x1f30
0x1f31		0x1f31
0x1f32		0x1f32
0x1f33		0x1f33
0x1f35		0x1f35
0x1f36		0x1f36
0x1f3e		0x1f3e
0x1f46		0x1f46
0x1f4e		0x1f4e
0x1f56		0x1f56
0x1f5e		0x1f5e
0x1f5f		0x1f5f
0x1f61		0x1f61
0x1f62		0x1f62
0x1f6a		0x1f6a
0x1f72		0x1f72
0x1f7a		0x1f7a
0x1f82		0x1f82
0x1f8a		0x1f8a
0x1f8b		0x1f8b
0x1f8c		0x1f8c
0x1f8d		0x1f8d
0x1f8e		0x1f8e
0x1f8f		0x1f8f
0x1f90		0x1f90
0x1f91		0x1f91
0x1f92		0x1f92
0x1f93		0x1f93
0x1f94		0x1f94
0x1f95		0x1f95
0x1f97		0x1f97
0x1f98		0x1f98
0x1f99		0x1f99
0x1f9a		0x1f9a
0x1f9b		0x1f9b
0x1f9c		0x1f9c
0x1f9d		0x1f9d
0x1f9e		0x1f9e
0x1f9f		0x1f9f
0x1fa0		0x1fa0
0x1fa1		0x1fa1
0x1fa2		0x1fa2
0x1fa3		0x1fa3
0x1fa4		0x1fa4
0x1fa5		0x1fa5
0x1fa6		0x1fa6
0x1fa7		0x1fa7
0x1fa8		0x1fa8
0x1fa9		0x1fa9
0x1faa		0x1faa
0x1fab		0x1fab
0x1fac		0x1fac
0x1fad		0x1fad
0x1faf		0x1faf
0x1fb0		0x1fb0
0x1fb8		0x1fb8
0x1fc0		0x1fc0
0x1fc8		0x1fc8
0x1fd0		0x1fd0
0x1fd8		0x1fd8
0x1fd9		0x1fd9
0x1fdb		0x1fdb
0x1fdc		0x1fdc
0x1fe4		0x1fe4
0x1fec		0x1fec
0x1ff4		0x1ff4
0x1ffc		0x1ffc
0x2004		0x2004
0x2005		0x2005
0x2006		0x2006
0x2007		0x2007
0x2008		0x2008
0x2009		0x2009
0x200a		0x200a
0x200b		0x200b
0x200c		0x200c
0x200d		0x200d
0x200e		0x200e
0x200f		0x200f
0x2011		0x2011
0x2012		0x2012
0x2013		0x2013
0x2014		0x2014
0x2015		0x2015
0x2016		0x2016
0x2017		0x2017
0x2018		0x2018
0x2019		0x2019
0x201a		0x201a
0x201b		0x201b
0x201c		0x201c
0x201d		0x201d
0x201e		0x201e
0x201f		0x201f
0x2020		0x2020
0x2021		0x2021
0x2022		0x2022
0x2023		0x2023
0x2025		0x2025
0x2026		0x2026
0x2027		0x2027
0x2028		0x2028
0x2029		0x2029
0x202a		0x202a
0x202b		0x202b
0x202f		0x202f
0x2030		0x2030
0x2038		0x2038
0x2040		0x2040
0x2048		0x2048
0x2050		0x2050
0x2058		0x2058
0x2059		0x2059
0x205a		0x205a
0x205b		0x205b
0x205d		0x205d
0x205e		0x205e
0x2066		0x2066
0x206e		0x206e
0x2076		0x2076
0x207e		0x207e
0x2086		0x2086
0x2087		0x2087
0x2089		0x2089
0x2091		0x2091
0x2092		0x2092
0x2099		0x2099
0x209d		0x209d
0x20a5		0x20a5
0x20ac		0x20ac
0x20ad		0x20ad
0x20ae		0x20ae
0x20af		0x20af
0x20b0		0x20b0
0x20b5		0x20b5
0x20b6		0x20b6
0x20b8		0x20b8
0x20b9		0x20b9
0x20c0		0x20c0
0x20c5		0x20c5
0x20c6		0x20c6
0x20ca		0x20ca
0x20cb		0x20cb
0x20cc		0x20cc
0x20cd		0x20cd
0x20ce		0x20ce
0x20cf		0x20cf
0x20d0		0x20d0
0x20d1		0x20d1
0x20d2		0x20d2
0x20d3		0x20d3
0x20d5		0x20d5
0x20d6		0x20d6
0x20de		0x20de
0x20e6		0x20e6
0x20ee		0x20ee
0x20f6		0x20f6
0x20fe		0x20fe
0x20ff		0x20ff
0x2101		0x2101
0x2102		0x2102
0x210a		0x210a
0x2112		0x2112
0x211a		0x211a
0x2122		0x2122
0x212a		0x212a
0x212b		0x212b
0x212c		0x212c
0x212d		0x212d
0x212e		0x212e
0x212f		0x212f
0x2130		0x2130
0x2131		0x2131
0x2132		0x2132
0x2133		0x2133
0x2134		0x2134
0x2135		0x2135
0x2137		0x2137
0x2138		0x2138
0x2139		0x2139
0x213a		0x213a
0x213b		0x213b
0x213c		0x213c
0x213d		0x213d
0x213e		0x213e
0x213f		0x213f
0x2140		0x2140
0x2141		0x2141
0x2142		0x2142
0x2143		0x2143
0x2144		0x2144
0x2145		0x2145
0x2146		0x2146
0x2147		0x2147
0x2148		0x2148
0x2149		0x2149
0x214a		0x214a
0x214b		0x214b
0x214c		0x214c
0x214d		0x214d
0x214f		0x214f
0x2150		0x2150
0x2158		0x2158
0x2160		0x2160
0x2168		0x2168
0x2170		0x2170
0x2178		0x2178
0x2179		0x2179
0x217b		0x217b
0x217c		0x217c
0x2184		0x2184
0x218c		0x218c
0x2194		0x2194
0x219c		0x219c
0x21a4		0x21a4
0x21a5		0x21a5
0x21a6		0x21a6
0x21a7		0x21a7
0x21a8		0x21a8
0x21a9		0x21a9
0x21aa		0x21aa
0x21ab		0x21ab
0x21ac		0x21ac
0x21ad		0x21ad
0x21ae		0x21ae
0x21af		0x21af
0x21b1		0x21b1
0x21b2		0x21b2
0x21b3		0x21b3
0x21b4		0x21b4
0x21b5		0x21b5
0x21b6		0x21b6
0x21b7		0x21b7
0x21b8		0x21b8
0x21b9		0x21b9
0x21ba		0x21ba
0x21bb		0x21bb
0x21bc		0x21bc
0x21bd		0x21bd
0x21be		0x21be
0x21bf		0x21bf
0x21c0		0x21c0
0x21c1		0x21c1
0x21c2		0x21c2
0x21c3		0x21c3
0x21c4		0x21c4
0x21c5		0x21c5
0x21c6		0x21c6
0x21c7		0x21c7
0x21c8		0x21c8
0x21c9		0x21c9
0x21ca		0x21ca
0x21cb		0x21cb
0x21cc		0x21cc
0x21cd		0x21cd
0x21ce		0x21ce
0x21cf		0x21cf
0x21d0		0x21d0
0x21d1		0x21d1
0x21d2		0x21d2
0x21d3		0x21d3
0x21d4		0x21d4
0x21d5		0x21d5
0x21d6		0x21d6
0x21d7		0x21d7
0x21d9		0x21d9
0x21da		0x21da
0x21db		0x21db
0x21dc		0x21dc
0x21dd		0x21dd
0x21de		0x21de
0x21df		0x21df
0x21e0		0x21e0
0x21e1		0x21e1
0x21e2		0x21e2
0x21e3		0x21e3
0x21e4		0x21e4
0x21e5		0x21e5
0x21e7		0x21e7
0x21e8		0x21e8
0x21e9		0x21e9
0x21eb		0x21eb
0x21ec		0x21ec
0x21ef		0x21ef
0x21f0		0x21f0
0x21f1		0x21f1
0x21f3		0x21f3
0x21f4		0x21f4
0x21f5		0x21f5
0x21f6		0x21f6
0x21f7		0x21f7
0x21f9		0x21f9
0x21fb		0x21fb
0x21fc		0x21fc
0x21fd		0x21fd
0x21fe		0x21fe
0x21ff		0x21ff
0x2200		0x2200
0x2201		0x2201
0x2202		0x2202
0x2203		0x2203
0x2207		0x2207
0x2208		0x2208
0x2209		0x2209
0x220a		0x220a
0x220b		0x220b
0x220c		0x220c
0x220d		0x220d
0x220e		0x220e
0x220f		0x220f
0x2211		0x2211
0x2212		0x2212
0x221a		0x221a
0x2222		0x2222
0x222a		0x222a
0x2232		0x2232
0x223a		0x223a
0x223b		0x223b
0x223d		0x223d
0x223e		0x223e
0x2246		0x2246
0x224e		0x224e
0x2256		0x2256
0x225e		0x225e
0x2266		0x2266
0x2267		0x2267
0x2268		0x2268
0x2269		0x2269
0x226a		0x226a
0x226b		0x226b
0x226c		0x226c
0x226d		0x226d
0x226e		0x226e
0x226f		0x226f
0x2270		0x2270
0x2271		0x2271
0x2273		0x2273
0x2274		0x2274
0x2275		0x2275
0x2276		0x2276
0x2277		0x2277
0x2278		0x2278
0x2279		0x2279
0x227a		0x227a
0x227b		0x227b
0x227c		0x227c
0x227d		0x227d
0x227e		0x227e
0x227f		0x227f
0x2280		0x2280
0x2281		0x2281
0x2282		0x2282
0x2283		0x2283
0x2284		0x2284
0x2285		0x2285
0x2287		0x2287
0x2288		0x2288
0x2289		0x2289
0x228b		0x228b
0x228d		0x228d
0x228e		0x228e
0x228f		0x228f
0x2290		0x2290
0x2291		0x2291
0x2292		0x2292
0x2293		0x2293
0x2297		0x2297
0x2298		0x2298
0x2299		0x2299
0x229a		0x229a
0x229b		0x229b
0x229d		0x229d
0x229e		0x229e
0x229f		0x229f
0x22a1		0x22a1
0x22a2		0x22a2
0x22a3		0x22a3
0x22a4		0x22a4
0x22a5		0x22a5
0x22a6		0x22a6
0x22a7		0x22a7
0x22a8		0x22a8
0x22a9		0x22a9
0x22ac		0x22ac
0x22ad		0x22ad
0x22af		0x22af
0x22b0		0x22b0
0x22b8		0x22b8
0x22c0		0x22c0
0x22c8		0x22c8
0x22d0		0x22d0
0x22d8		0x22d8
0x22d9		0x22d9
0x22db		0x22db
0x22dc		0x22dc
0x22e4		0x22e4
0x22ec		0x22ec
0x22f4		0x22f4
0x22fc		0x22fc
0x2304		0x2304
0x2305		0x2305
0x2306		0x2306
0x2307		0x2307
0x2309		0x2309
0x230a		0x230a
0x2312		0x2312
0x231a		0x231a
0x2322		0x2322
0x232a		0x232a
0x2332		0x2332
0x2333		0x2333
0x2334		0x2334
0x2335		0x2335
0x2336		0x2336
0x2337		0x2337
0x2338		0x2338
0x2339		0x2339
0x233a		0x233a
0x233b		0x233b
0x233c		0x233c
0x233d		0x233d
0x233e		0x233e
0x2342		0x2342
0x2343		0x2343
0x2344		0x2344
0x2345		0x2345
0x2346		0x2346
0x2347		0x2347
0x2348		0x2348
0x2350		0x2350
0x2351		0x2351
0x2352		0x2352
0x2353		0x2353
0x2355		0x2355
0x2356		0x2356
0x2357		0x2357
0x2359		0x2359
0x235a		0x235a
0x235b		0x235b
0x235c		0x235c
0x235d		0x235d
0x235e		0x235e
0x235f		0x235f
0x2360		0x2360
0x2361		0x2361
0x2364		0x2364
0x2365		0x2365
0x2367		0x2367
0x2368		0x2368
0x2370		0x2370
0x2378		0x2378
0x2380		0x2380
0x2388		0x2388
0x2390		0x2390
0x2391		0x2391
0x2393		0x2393
0x2394		0x2394
0x239c		0x239c
0x23a4		0x23a4
0x23ac		0x23ac
0x23b4		0x23b4
0x23bc		0x23bc
0x23bd		0x23bd
0x23bf		0x23bf
0x23c7		0x23c7
0x23c8		0x23c8
0x23c9		0x23c9
0x23cf		0x23cf
0x23d7		0x23d7
0x23db		0x23db
0x23dc		0x23dc
0x23df		0x23df
0x23e0		0x23e0
0x23e1		0x23e1
0x23e3		0x23e3
0x23e9		0x23e9
0x23ea		0x23ea
0x23eb		0x23eb
0x23f0		0x23f0
0x23f1		0x23f1
0x23f2		0x23f2
0x23f6		0x23f6
0x23f9		0x23f9
0x23fa		0x23fa
0x23ff		0x23ff
0x2400		0x2400
0x2401		0x2401
0x2402		0x2402
0x2403		0x2403
0x2404		0x2404
0x2405		0x2405
0x2406		0x2406
0x2407		0x2407
0x2408		0x2408
0x2409		0x2409
0x240a		0x240a
0x240b		0x240b
0x240c		0x240c
0x240d		0x240d
0x240f		0x240f
0x2410		0x2410
0x2411		0x2411
0x2413		0x2413
0x2414		0x2414
0x2417		0x2417
0x2418		0x2418
0x2419		0x2419
0x241a		0x241a
0x241b		0x241b
0x241c		0x241c
0x241d		0x241d
0x241e		0x241e
0x241f		0x241f
0x2420		0x2420
0x2421		0x2421
0x2422		0x2422
0x2423		0x2423
0x2424		0x2424
0x2425		0x2425
0x2426		0x2426
0x2427		0x2427
0x2428		0x2428
0x2429		0x2429
0x242c		0x242c
0x242d		0x242d
0x242e		0x242e
0x242f		0x242f
0x2431		0x2431
0x2432		0x2432
0x243a		0x243a
0x2442		0x2442
0x244a		0x244a
0x2452		0x2452
0x245a		0x245a
0x245b		0x245b
0x245c		0x245c
0x245e		0x245e
0x245f		0x245f
0x2461		0x2461
0x2462		0x2462
0x2463		0x2463
0x2465		0x2465
0x2466		0x2466
0x246e		0x246e
0x2476		0x2476
0x247e		0x247e
0x2486		0x2486
0x248e		0x248e
0x248f		0x248f
0x2490		0x2490
0x2491		0x2491
0x2492		0x2492
0x2495		0x2495
0x2496		0x2496
0x2497		0x2497
0x2498		0x2498
0x2499		0x2499
0x249a		0x249a
0x249b		0x249b
0x249c		0x249c
0x249d		0x249d
0x24a1		0x24a1
0x24a2		0x24a2
0x24a3		0x24a3
0x24a4		0x24a4
0x24a5		0x24a5
0x24a6		0x24a6
0x24a7		0x24a7
0x24a8		0x24a8
0x24a9		0x24a9
0x24ab		0x24ab
0x24ac		0x24ac
0x24ad		0x24ad
0x24af		0x24af
0x24b0		0x24b0
0x24b1		0x24b1
0x24b2		0x24b2
0x24b3		0x24b3
0x24b4		0x24b4
0x24b5		0x24b5
0x24b6		0x24b6
0x24b7		0x24b7
0x24ba		0x24ba
0x24bb		0x24bb
0x24bd		0x24bd
0x24be		0x24be
0x24c6		0x24c6
0x24ce		0x24ce
0x24d6		0x24d6
0x24de		0x24de
0x24e6		0x24e6
0x24e7		0x24e7
0x24e9		0x24e9
0x24ea		0x24ea
0x24f2		0x24f2
0x24fa		0x24fa
0x2502		0x2502
0x250a		0x250a
0x2512		0x2512
0x2513		0x2513
0x2514		0x2514
0x2515		0x2515
0x2517		0x2517
0x2518		0x2518
0x2520		0x2520
0x2528		0x2528
0x2530		0x2530
0x2538		0x2538
0x2540		0x2540
0x2541		0x2541
0x2542		0x2542
0x2543		0x2543
0x2544		0x2544
0x2545		0x2545
0x2546		0x2546
0x2547		0x2547
0x2548		0x2548
0x2549		0x2549
0x254a		0x254a
0x254b		0x254b
0x254c		0x254c
0x2550		0x2550
0x2551		0x2551
0x2552		0x2552
0x2553		0x2553
0x2554		0x2554
0x2555		0x2555
0x2556		0x2556
0x255e		0x255e
0x255f		0x255f
0x2560		0x2560
0x2561		0x2561
0x2563		0x2563
0x2564		0x2564
0x2565		0x2565
0x2567		0x2567
0x2568		0x2568
0x2569		0x2569
0x256a		0x256a
0x256b		0x256b
0x256c		0x256c
0x256d		0x256d
0x256e		0x256e
0x256f		0x256f
0x2572		0x2572
0x2573		0x2573
0x2574		0x2574
0x2575		0x2575
0x2576		0x2576
0x257e		0x257e
0x257f		0x257f
0x2580		0x2580
0x2581		0x2581
0x2582		0x2582
0x2583		0x2583
0x2584		0x2584
0x2589		0x2589
0x258a		0x258a
0x258b		0x258b
0x258c		0x258c
0x258d		0x258d
0x258e		0x258e
0x2596		0x2596
0x2597		0x2597
0x2598		0x2598
0x2599		0x2599
0x259a		0x259a
0x259b		0x259b
0x259c		0x259c
0x259d		0x259d
0x259e		0x259e
0x259f		0x259f
0x25a0		0x25a0
0x25a1		0x25a1
0x25a2		0x25a2
0x25a3		0x25a3
0x25a4		0x25a4
0x25a5		0x25a5
0x25a8		0x25a8
0x25a9		0x25a9
0x25aa		0x25aa
0x25ab		0x25ab
0x25ac		0x25ac
0x25ad		0x25ad
0x25ae		0x25ae
0x25b7		0x25b7
0x25b8		0x25b8
0x25b9		0x25b9
0x25ba		0x25ba
0x25bb		0x25bb
0x25bc		0x25bc
0x25bd		0x25bd
0x25be		0x25be
0x25bf		0x25bf
0x25c0		0x25c0
0x25c3		0x25c3
0x25c4		0x25c4
0x25c5		0x25c5
0x25c6		0x25c6
0x25c7		0x25c7
0x25c9		0x25c9
0x25d1		0x25d1
0x25d5		0x25d5
0x25d6		0x25d6
0x25db		0x25db
0x25e3		0x25e3
0x25e4		0x25e4
0x25e6		0x25e6
0x25ea		0x25ea
0x25eb		0x25eb
0x25ec		0x25ec
0x25f3		0x25f3
0x25f4		0x25f4
0x25f5		0x25f5
0x25fd		0x25fd
0x2604		0x2604
0x2605		0x2605
0x2606		0x2606
0x260e		0x260e
0x260f		0x260f
0x2610		0x2610
0x2611		0x2611
0x2612		0x2612
0x2613		0x2613
0x2614		0x2614
0x2615		0x2615
0x2616		0x2616
0x2617		0x2617
0x2619		0x2619
0x261a		0x261a
0x261b		0x261b
0x261d		0x261d
0x261e		0x261e
0x2621		0x2621
0x2622		0x2622
0x2623		0x2623
0x2625		0x2625
0x2626		0x2626
0x2627		0x2627
0x2629		0x2629
0x262a		0x262a
0x262b		0x262b
0x262c		0x262c
0x262d		0x262d
0x2631		0x2631
0x2632		0x2632
0x2633		0x2633
0x2634		0x2634
0x2635		0x2635
0x2637		0x2637
0x2638		0x2638
0x2639		0x2639
0x263b		0x263b
0x263c		0x263c
0x263d		0x263d
0x263e		0x263e
0x263f		0x263f
0x2640		0x2640
0x2641		0x2641
0x2642		0x2642
0x2643		0x2643
0x2646		0x2646
0x2647		0x2647
0x2649		0x2649
0x264a		0x264a
0x2652		0x2652
0x265a		0x265a
0x2662		0x2662
0x266a		0x266a
0x2672		0x2672
0x2673		0x2673
0x2674		0x2674
0x2675		0x2675
0x2676		0x2676
0x2677		0x2677
0x2678		0x2678
0x2679		0x2679
0x267d		0x267d
0x267e		0x267e
0x267f		0x267f
0x2680		0x2680
0x2681		0x2681
0x2683		0x2683
0x2684		0x2684
0x2685		0x2685
0x2686		0x2686
0x2687		0x2687
0x2688		0x2688
0x2689		0x2689
0x268a		0x268a
0x268b		0x268b
0x268c		0x268c
0x268d		0x268d
0x268e		0x268e
0x268f		0x268f
0x2690		0x2690
0x2691		0x2691
0x2692		0x2692
0x2693		0x2693
0x2694		0x2694
0x2695		0x2695
0x2696		0x2696
0x2697		0x2697
0x2698		0x2698
0x2699		0x2699
0x269a		0x269a
0x269b		0x269b
0x269c		0x269c
0x269d		0x269d
0x269f		0x269f
0x26a7		0x26a7
0x26a8		0x26a8
0x26a9		0x26a9
0x26aa		0x26aa
0x26ab		0x26ab
0x26ac		0x26ac
0x26ad		0x26ad
0x26ae		0x26ae
0x26af		0x26af
0x26b0		0x26b0
0x26b1		0x26b1
0x26b2		0x26b2
0x26b3		0x26b3
0x26b4		0x26b4
0x26b5		0x26b5
0x26b6		0x26b6
0x26b7		0x26b7
0x26b8		0x26b8
0x26b9		0x26b9
0x26ba		0x26ba
0x26bb		0x26bb
0x26bc		0x26bc
0x26bd		0x26bd
0x26be		0x26be
0x26bf		0x26bf
0x26c0		0x26c0
0x26c1		0x26c1
0x26c2		0x26c2
0x26c3		0x26c3
0x26c4		0x26c4
0x26c5		0x26c5
0x26c6		0x26c6
0x26c7		0x26c7
0x26c8		0x26c8
0x26c9		0x26c9
0x26ca		0x26ca
0x26cb		0x26cb
0x26cc		0x26cc
0x26cd		0x26cd
0x26ce		0x26ce
0x26cf		0x26cf
0x26d0		0x26d0
0x26d1		0x26d1
0x26d2		0x26d2
0x26d3		0x26d3
0x26d4		0x26d4
0x26d5		0x26d5
0x26d6		0x26d6
0x26d7		0x26d7
0x26d8		0x26d8
0x26d9		0x26d9
0x26da		0x26da
0x26db		0x26db
0x26dc		0x26dc
0x26dd		0x26dd
0x26de		0x26de
0x26df		0x26df
0x26e0		0x26e0
0x26e1		0x26e1
0x26e2		0x26e2
0x26e3		0x26e3
0x26e4		0x26e4
0x26e5		0x26e5
0x26e6		0x26e6
0x26e7		0x26e7
0x26e8		0x26e8
0x26e9		0x26e9
0x26ea		0x26ea
0x26eb		0x26eb
0x26ef		0x26ef
0x26f0		0x26f0
0x26f1		0x26f1
0x26f3		0x26f3
0x26f4		0x26f4
0x26fc		0x26fc
0x2704		0x2704
0x270c		0x270c
0x2714		0x2714
0x271c		0x271c
0x271d		0x271d
0x271e		0x271e
0x271f		0x271f
0x2721		0x2721
0x2722		0x2722
0x272a		0x272a
0x2732		0x2732
0x273a		0x273a
0x2742		0x2742
0x274a		0x274a
0x274b		0x274b
0x274c		0x274c
0x274d		0x274d
0x274e		0x274e
0x274f		0x274f
0x2750		0x2750
0x2751		0x2751
0x2752		0x2752
0x2753		0x2753
0x2754		0x2754
0x2755		0x2755
0x2756		0x2756
0x2757		0x2757
0x2758		0x2758
0x275c		0x275c
0x275d		0x275d
0x275e		0x275e
0x275f		0x275f
0x2760		0x2760
0x2761		0x2761
0x2762		0x2762
0x276a		0x276a
0x276b		0x276b
0x276c		0x276c
0x276d		0x276d
0x276f		0x276f
0x2770		0x2770
0x2778		0x2778
0x2780		0x2780
0x2788		0x2788
0x2790		0x2790
0x2798		0x2798
0x2799		0x2799
0x279b		0x279b
0x279c		0x279c
0x27a4		0x27a4
0x27ac		0x27ac
0x27b4		0x27b4
0x27bc		0x27bc
0x27c4		0x27c4
0x27c5		0x27c5
0x27c6		0x27c6
0x27c7		0x27c7
0x27c8		0x27c8
0x27c9		0x27c9
0x27ca		0x27ca
0x27cb		0x27cb
0x27cc		0x27cc
0x27cd		0x27cd
0x27ce		0x27ce
0x27cf		0x27cf
0x27d1		0x27d1
0x27d2		0x27d2
0x27d3		0x27d3
0x27d4		0x27d4
0x27d5		0x27d5
0x27d6		0x27d6
0x27d7		0x27d7
0x27d8		0x27d8
0x27d9		0x27d9
0x27da		0x27da
0x27db		0x27db
0x27dc		0x27dc
0x27dd		0x27dd
0x27de		0x27de
0x27df		0x27df
0x27e0		0x27e0
0x27e1		0x27e1
0x27e2		0x27e2
0x27e3		0x27e3
0x27e4		0x27e4
0x27e5		0x27e5
0x27e6		0x27e6
0x27e7		0x27e7
0x27e8		0x27e8
0x27e9		0x27e9
0x27ea		0x27ea
0x27eb		0x27eb
0x27ec		0x27ec
0x27ed		0x27ed
0x27ee		0x27ee
0x27ef		0x27ef
0x27f0		0x27f0
0x27f1		0x27f1
0x27f2		0x27f2
0x27fa		0x27fa
0x27fb		0x27fb
0x27fc		0x27fc
0x2804		0x2804
0x2805		0x2805
0x2806		0x2806
0x2807		0x2807
0x2808		0x2808
0x2809		0x2809
0x280a		0x280a
0x280b		0x280b
0x280c		0x280c
0x280d		0x280d
0x280e		0x280e
0x280f		0x280f
0x2811		0x2811
0x2812		0x2812
0x281a		0x281a
0x2822		0x2822
0x282a		0x282a
0x2832		0x2832
0x283a		0x283a
0x283b		0x283b
0x283d		0x283d
0x283e		0x283e
0x2846		0x2846
0x284e		0x284e
0x2856		0x2856
0x285e		0x285e
0x2866		0x2866
0x2867		0x2867
0x2868		0x2868
0x2869		0x2869
0x286a		0x286a
0x286b		0x286b
0x286c		0x286c
0x286d		0x286d
0x286e		0x286e
0x286f		0x286f
0x2870		0x2870
0x2871		0x2871
0x2873		0x2873
0x2874		0x2874
0x2875		0x2875
0x2876		0x2876
0x2877		0x2877
0x2878		0x2878
0x2879		0x2879
0x287a		0x287a
0x287b		0x287b
0x287c		0x287c
0x287d		0x287d
0x287e		0x287e
0x287f		0x287f
0x2880		0x2880
0x2881		0x2881
0x2882		0x2882
0x2883		0x2883
0x2884		0x2884
0x2885		0x2885
0x2886		0x2886
0x2887		0x2887
0x2888		0x2888
0x2889		0x2889
0x288d		0x288d
0x288f		0x288f
0x2891		0x2891
0x2892		0x2892
0x2893		0x2893
0x2894		0x2894
0x289c		0x289c
0x289d		0x289d
0x289e		0x289e
0x289f		0x289f
0x28a0		0x28a0
0x28a1		0x28a1
0x28a5		0x28a5
0x28a6		0x28a6
0x28a7		0x28a7
0x28a8		0x28a8
0x28a9		0x28a9
0x28ab		0x28ab
0x28ac		0x28ac
0x28b4		0x28b4
0x28bc		0x28bc
0x28c4		0x28c4
0x28cc		0x28cc
0x28d4		0x28d4
0x28d5		0x28d5
0x28d7		0x28d7
0x28d8		0x28d8
0x28e0		0x28e0
0x28e8		0x28e8
0x28f0		0x28f0
0x28f8		0x28f8
0x2900		0x2900
0x2901		0x2901
0x2902		0x2902
0x2903		0x2903
0x2904		0x2904
0x2905		0x2905
0x2906		0x2906
0x2907		0x2907
0x2908		0x2908
0x2909		0x2909
0x290a		0x290a
0x290b		0x290b
0x290d		0x290d
0x290e		0x290e
0x290f		0x290f
0x2910		0x2910
0x2911		0x2911
0x2912		0x2912
0x2913		0x2913
0x2914		0x2914
0x2915		0x2915
0x2916		0x2916
0x2917		0x2917
0x2918		0x2918
0x2919		0x2919
0x291a		0x291a
0x291b		0x291b
0x291c		0x291c
0x291d		0x291d
0x291e		0x291e
0x291f		0x291f
0x2921		0x2921
0x2922		0x2922
0x2923		0x2923
0x2924		0x2924
0x2925		0x2925
0x2926		0x2926
0x2927		0x2927
0x2928		0x2928
0x2929		0x2929
0x292a		0x292a
0x2931		0x2931
0x2932		0x2932
0x2933		0x2933
0x2934		0x2934
0x2935		0x2935
0x2937		0x2937
0x2938		0x2938
0x2940		0x2940
0x2948		0x2948
0x2950		0x2950
0x2958		0x2958
0x2960		0x2960
0x2961		0x2961
0x2963		0x2963
0x2964		0x2964
0x296c		0x296c
0x2974		0x2974
0x297c		0x297c
0x2984		0x2984
0x298c		0x298c
0x298d		0x298d
0x298e		0x298e
0x298f		0x298f
0x2990		0x2990
0x2991		0x2991
0x2992		0x2992
0x2993		0x2993
0x2994		0x2994
0x2995		0x2995
0x2996		0x2996
0x2997		0x2997
0x2999		0x2999
0x299a		0x299a
0x299b		0x299b
0x299c		0x299c
0x299d		0x299d
0x299e		0x299e
0x299f		0x299f
0x29a0		0x29a0
0x29a1		0x29a1
0x29a2		0x29a2
0x29a3		0x29a3
0x29a4		0x29a4
0x29a5		0x29a5
0x29a6		0x29a6
0x29a7		0x29a7
0x29a8		0x29a8
0x29a9		0x29a9
0x29aa		0x29aa
0x29ab		0x29ab
0x29ac		0x29ac
0x29ad		0x29ad
0x29ae		0x29ae
0x29af		0x29af
0x29b3		0x29b3
0x29b5		0x29b5
0x29b7		0x29b7
0x29b8		0x29b8
0x29b9		0x29b9
0x29ba		0x29ba
0x29c2		0x29c2
0x29c3		0x29c3
0x29c4		0x29c4
0x29c5		0x29c5
0x29c6		0x29c6
0x29c7		0x29c7
0x29cb		0x29cb
0x29cc		0x29cc
0x29cd		0x29cd
0x29ce		0x29ce
0x29cf		0x29cf
0x29d1		0x29d1
0x29d2		0x29d2
0x29da		0x29da
0x29e2		0x29e2
0x29ea		0x29ea
0x29f2		0x29f2
0x29fa		0x29fa
0x29fb		0x29fb
0x29fd		0x29fd
0x29fe		0x29fe
0x2a06		0x2a06
0x2a0e		0x2a0e
0x2a16		0x2a16
0x2a1e		0x2a1e
0x2a26		0x2a26
0x2a27		0x2a27
0x2a28		0x2a28
0x2a29		0x2a29
0x2a2a		0x2a2a
0x2a2b		0x2a2b
0x2a2c		0x2a2c
0x2a2d		0x2a2d
0x2a2e		0x2a2e
0x2a2f		0x2a2f
0x2a30		0x2a30
0x2a31		0x2a31
0x2a33		0x2a33
0x2a34		0x2a34
0x2a35		0x2a35
0x2a36		0x2a36
0x2a37		0x2a37
0x2a38		0x2a38
0x2a39		0x2a39
0x2a3a		0x2a3a
0x2a3b		0x2a3b
0x2a3c		0x2a3c
0x2a3d		0x2a3d
0x2a3e		0x2a3e
0x2a3f		0x2a3f
0x2a40		0x2a40
0x2a41		0x2a41
0x2a42		0x2a42
0x2a43		0x2a43
0x2a44		0x2a44
0x2a45		0x2a45
0x2a47		0x2a47
0x2a48		0x2a48
0x2a49		0x2a49
0x2a4a		0x2a4a
0x2a4b		0x2a4b
0x2a4c		0x2a4c
0x2a4d		0x2a4d
0x2a4f		0x2a4f
0x2a50		0x2a50
0x2a58		0x2a58
0x2a60		0x2a60
0x2a68		0x2a68
0x2a70		0x2a70
0x2a78		0x2a78
0x2a79		0x2a79
0x2a7a		0x2a7a
0x2a7b		0x2a7b
0x2a7d		0x2a7d
0x2a7e		0x2a7e
0x2a86		0x2a86
0x2a8e		0x2a8e
0x2a96		0x2a96
0x2a9e		0x2a9e
0x2aa6		0x2aa6
0x2aa7		0x2aa7
0x2aa9		0x2aa9
0x2ab1		0x2ab1
0x2ab7		0x2ab7
0x2ab9		0x2ab9
0x2abd		0x2abd
0x2abe		0x2abe
0x2ac2		0x2ac2
0x2acb		0x2acb
0x2acc		0x2acc
0x2acd		0x2acd
0x2ad1		0x2ad1
0x2ad2		0x2ad2
0x2ad3		0x2ad3
0x2ad4		0x2ad4
0x2ad9		0x2ad9
0x2ada		0x2ada
0x2adb		0x2adb
0x2adc		0x2adc
0x2ae4		0x2ae4
0x2ae5		0x2ae5
0x2ae6		0x2ae6
0x2aea		0x2aea
0x2aeb		0x2aeb
0x2aec		0x2aec
0x2aed		0x2aed
0x2aee		0x2aee
0x2aef		0x2aef
0x2af0		0x2af0
0x2af1		0x2af1
0x2af2		0x2af2
0x2af3		0x2af3
0x2af4		0x2af4
0x2af5		0x2af5
0x2af6		0x2af6
0x2af7		0x2af7
0x2af8		0x2af8
0x2af9		0x2af9
0x2afa		0x2afa
0x2afb		0x2afb
0x2afc		0x2afc
0x2afd		0x2afd
0x2afe		0x2afe
0x2aff		0x2aff
0x2b01		0x2b01
0x2b02		0x2b02
0x2b03		0x2b03
0x2b04		0x2b04
0x2b05		0x2b05
0x2b06		0x2b06
0x2b07		0x2b07
0x2b08		0x2b08
0x2b09		0x2b09
0x2b0a		0x2b0a
0x2b0b		0x2b0b
0x2b0c		0x2b0c
0x2b0d		0x2b0d
0x2b0f		0x2b0f
0x2b10		0x2b10
0x2b11		0x2b11
0x2b13		0x2b13
0x2b14		0x2b14
0x2b17		0x2b17
0x2b18		0x2b18
0x2b19		0x2b19
0x2b1b		0x2b1b
0x2b1c		0x2b1c
0x2b1d		0x2b1d
0x2b1f		0x2b1f
0x2b21		0x2b21
0x2b22		0x2b22
0x2b23		0x2b23
0x2b24		0x2b24
0x2b25		0x2b25
0x2b26		0x2b26
0x2b27		0x2b27
0x2b28		0x2b28
0x2b29		0x2b29
0x2b2d		0x2b2d
0x2b2e		0x2b2e
0x2b2f		0x2b2f
0x2b30		0x2b30
0x2b31		0x2b31
0x2b32		0x2b32
0x2b33		0x2b33
0x2b34		0x2b34
0x2b35		0x2b35
0x2b36		0x2b36
0x2b37		0x2b37
0x2b38		0x2b38
0x2b39		0x2b39
0x2b3b		0x2b3b
0x2b3c		0x2b3c
0x2b44		0x2b44
0x2b4c		0x2b4c
0x2b54		0x2b54
0x2b5c		0x2b5c
0x2b64		0x2b64
0x2b65		0x2b65
0x2b67		0x2b67
0x2b68		0x2b68
0x2b70		0x2b70
0x2b78		0x2b78
0x2b80		0x2b80
0x2b88		0x2b88
0x2b90		0x2b90
0x2b91		0x2b91
0x2b92		0x2b92
0x2b93		0x2b93
0x2b94		0x2b94
0x2b95		0x2b95
0x2b96		0x2b96
0x2b97		0x2b97
0x2b98		0x2b98
0x2b99		0x2b99
0x2b9a		0x2b9a
0x2b9b		0x2b9b
0x2b9d		0x2b9d
0x2b9e		0x2b9e
0x2b9f		0x2b9f
0x2ba0		0x2ba0
0x2ba1		0x2ba1
0x2ba2		0x2ba2
0x2ba3		0x2ba3
0x2ba4		0x2ba4
0x2ba5		0x2ba5
0x2ba6		0x2ba6
0x2ba7		0x2ba7
0x2ba8		0x2ba8
0x2ba9		0x2ba9
0x2baa		0x2baa
0x2bab		0x2bab
0x2bac		0x2bac
0x2bad		0x2bad
0x2bae		0x2bae
0x2baf		0x2baf
0x2bb0		0x2bb0
0x2bb1		0x2bb1
0x2bb2		0x2bb2
0x2bb3		0x2bb3
0x2bb5		0x2bb5
0x2bb6		0x2bb6
0x2bbe		0x2bbe
0x2bc6		0x2bc6
0x2bce		0x2bce
0x2bd6		0x2bd6
0x2bde		0x2bde
0x2bdf		0x2bdf
0x2be1		0x2be1
0x2be2		0x2be2
0x2bea		0x2bea
0x2bf2		0x2bf2
0x2bfa		0x2bfa
0x2c02		0x2c02
0x2c0a		0x2c0a
0x2c0b		0x2c0b
0x2c0c		0x2c0c
0x2c0d		0x2c0d
0x2c0e		0x2c0e
0x2c0f		0x2c0f
0x2c10		0x2c10
0x2c11		0x2c11
0x2c12		0x2c12
0x2c13		0x2c13
0x2c14		0x2c14
0x2c15		0x2c15
0x2c17		0x2c17
0x2c18		0x2c18
0x2c19		0x2c19
0x2c1a		0x2c1a
0x2c1b		0x2c1b
0x2c1c		0x2c1c
0x2c1d		0x2c1d
0x2c1e		0x2c1e
0x2c1f		0x2c1f
0x2c20		0x2c20
0x2c21		0x2c21
0x2c22		0x2c22
0x2c23		0x2c23
0x2c24		0x2c24
0x2c25		0x2c25
0x2c26		0x2c26
0x2c27		0x2c27
0x2c28		0x2c28
0x2c29		0x2c29
0x2c2b		0x2c2b
0x2c2c		0x2c2c
0x2c2d		0x2c2d
0x2c2e		0x2c2e
0x2c2f		0x2c2f
0x2c30		0x2c30
0x2c31		0x2c31
0x2c33		0x2c33
0x2c34		0x2c34
0x2c3c		0x2c3c
0x2c44		0x2c44
0x2c4c		0x2c4c
0x2c54		0x2c54
0x2c5c		0x2c5c
0x2c5d		0x2c5d
0x2c5e		0x2c5e
0x2c5f		0x2c5f
0x2c61		0x2c61
0x2c62		0x2c62
0x2c6a		0x2c6a
0x2c72		0x2c72
0x2c7a		0x2c7a
0x2c82		0x2c82
0x2c8a		0x2c8a
0x2c8b		0x2c8b
0x2c8d		0x2c8d
0x2c95		0x2c95
0x2c96		0x2c96
0x2c9d		0x2c9d
0x2ca1		0x2ca1
0x2ca9		0x2ca9
0x2cb0		0x2cb0
0x2cb1		0x2cb1
0x2cb2		0x2cb2
0x2cb3		0x2cb3
0x2cb4		0x2cb4
0x2cb9		0x2cb9
0x2cba		0x2cba
0x2cbc		0x2cbc
0x2cbd		0x2cbd
0x2cc4		0x2cc4
0x2cc9		0x2cc9
0x2cca		0x2cca
0x2cce		0x2cce
0x2ccf		0x2ccf
0x2cd0		0x2cd0
0x2cd1		0x2cd1
0x2cd2		0x2cd2
0x2cd3		0x2cd3
0x2cd4		0x2cd4
0x2cd5		0x2cd5
0x2cd6		0x2cd6
0x2cd7		0x2cd7
0x2cd8		0x2cd8
0x2cd9		0x2cd9
0x2cda		0x2cda
0x2cdb		0x2cdb
0x2cdc		0x2cdc
0x2cdd		0x2cdd
0x2cde		0x2cde
0x2cdf		0x2cdf
0x2ce0		0x2ce0
0x2ce1		0x2ce1
0x2ce2		0x2ce2
0x2ce3		0x2ce3
0x2ce5		0x2ce5
0x2ce6		0x2ce6
0x2ce7		0x2ce7
0x2ce8		0x2ce8
0x2ce9		0x2ce9
0x2cea		0x2cea
0x2ceb		0x2ceb
0x2cec		0x2cec
0x2ced		0x2ced
0x2cee		0x2cee
0x2cef		0x2cef
0x2cf0		0x2cf0
0x2cf1		0x2cf1
0x2cf3		0x2cf3
0x2cf4		0x2cf4
0x2cf5		0x2cf5
0x2cf7		0x2cf7
0x2cf8		0x2cf8
0x2cfb		0x2cfb
0x2cfd		0x2cfd
0x2cfe		0x2cfe
0x2d06		0x2d06
0x2d0e		0x2d0e
0x2d16		0x2d16
0x2d1e		0x2d1e
0x2d26		0x2d26
0x2d27		0x2d27
0x2d28		0x2d28
0x2d29		0x2d29
0x2d2a		0x2d2a
0x2d2b		0x2d2b
0x2d2c		0x2d2c
0x2d2d		0x2d2d
0x2d2e		0x2d2e
0x2d2f		0x2d2f
0x2d30		0x2d30
0x2d31		0x2d31
0x2d33		0x2d33
0x2d3b		0x2d3b
0x2d3c		0x2d3c
0x2d3f		0x2d3f
0x2d40		0x2d40
0x2d41		0x2d41
0x2d42		0x2d42
0x2d43		0x2d43
0x2d45		0x2d45
0x2d47		0x2d47
0x2d49		0x2d49
0x2d4a		0x2d4a
0x2d4b		0x2d4b
0x2d53		0x2d53
0x2d54		0x2d54
0x2d55		0x2d55
0x2d56		0x2d56
0x2d57		0x2d57
0x2d58		0x2d58
0x2d59		0x2d59
0x2d5b		0x2d5b
0x2d5c		0x2d5c
0x2d5d		0x2d5d
0x2d5f		0x2d5f
0x2d61		0x2d61
0x2d62		0x2d62
0x2d63		0x2d63
0x2d68		0x2d68
0x2d69		0x2d69
0x2d70		0x2d70
0x2d71		0x2d71
0x2d72		0x2d72
0x2d73		0x2d73
0x2d78		0x2d78
0x2d79		0x2d79
0x2d7a		0x2d7a
0x2d7b		0x2d7b
0x2d7c		0x2d7c
0x2d7d		0x2d7d
0x2d7f		0x2d7f
0x2d87		0x2d87
0x2d88		0x2d88
0x2d89		0x2d89
0x2d8b		0x2d8b
0x2d8d		0x2d8d
0x2d8e		0x2d8e
0x2d8f		0x2d8f
0x2d95		0x2d95
0x2d96		0x2d96
0x2d97		0x2d97
0x2d99		0x2d99
0x2d9a		0x2d9a
0x2d9c		0x2d9c
0x2d9d		0x2d9d
0x2d9e		0x2d9e
0x2d9f		0x2d9f
0x2da0		0x2da0
0x2da1		0x2da1
0x2da2		0x2da2
0x2da3		0x2da3
0x2da4		0x2da4
0x2da5		0x2da5
0x2da6		0x2da6
0x2da7		0x2da7
0x2da8		0x2da8
0x2da9		0x2da9
0x2daa		0x2daa
0x2dab		0x2dab
0x2dac		0x2dac
0x2dad		0x2dad
0x2dae		0x2dae
0x2daf		0x2daf
0x2db0		0x2db0
0x2db1		0x2db1
0x2db2		0x2db2
0x2db3		0x2db3
0x2db4		0x2db4
0x2db5		0x2db5
0x2db6		0x2db6
0x2db7		0x2db7
0x2db8		0x2db8
0x2db9		0x2db9
0x2dba		0x2dba
0x2dbb		0x2dbb
0x2dbc		0x2dbc
0x2dbd		0x2dbd
0x2dbe		0x2dbe
0x2dbf		0x2dbf
0x2dc0		0x2dc0
0x2dc1		0x2dc1
0x2dc2		0x2dc2
0x2dc3		0x2dc3
0x2dc4		0x2dc4
0x2dc5		0x2dc5
0x2dc6		0x2dc6
0x2dc7		0x2dc7
0x2dc8		0x2dc8
0x2dc9		0x2dc9
0x2dd0		0x2dd0
0x2dd1		0x2dd1
0x2dd2		0x2dd2
0x2dd3		0x2dd3
0x2dd4		0x2dd4
0x2dd5		0x2dd5
0x2dd6		0x2dd6
0x2dd7		0x2dd7
0x2dd9		0x2dd9
0x2dda		0x2dda
0x2ddb		0x2ddb
0x2ddd		0x2ddd
0x2dde		0x2dde
0x2ddf		0x2ddf
0x2de1		0x2de1
0x2de6		0x2de6
0x2de7		0x2de7
0x2de8		0x2de8
0x2de9		0x2de9
0x2dea		0x2dea
0x2deb		0x2deb
0x2dec		0x2dec
0x2ded		0x2ded
0x2dee		0x2dee
0x2def		0x2def
0x2df0		0x2df0
0x2df1		0x2df1
0x2df2		0x2df2
0x2df3		0x2df3
0x2df4		0x2df4
0x2df5		0x2df5
0x2df6		0x2df6
0x2df7		0x2df7
0x2df8		0x2df8
0x2df9		0x2df9
0x2dfa		0x2dfa
0x2dfb		0x2dfb
0x2dfc		0x2dfc
0x2dfd		0x2dfd
0x2dfe		0x2dfe
0x2dff		0x2dff
0x2e00		0x2e00
0x2e01		0x2e01
0x2e02		0x2e02
0x2e03		0x2e03
0x2e04		0x2e04
0x2e05		0x2e05
0x2e06		0x2e06
0x2e07		0x2e07
0x2e08		0x2e08
0x2e09		0x2e09
0x2e0a		0x2e0a
0x2e0b		0x2e0b
0x2e0c		0x2e0c
0x2e0d		0x2e0d
0x2e0e		0x2e0e
0x2e0f		0x2e0f
0x2e10		0x2e10
0x2e11		0x2e11
0x2e12		0x2e12
0x2e13		0x2e13
0x2e14		0x2e14
0x2e15		0x2e15
0x2e16		0x2e16
0x2e17		0x2e17
0x2e18		0x2e18
0x2e19		0x2e19
0x2e1a		0x2e1a
0x2e1b		0x2e1b
0x2e1d		0x2e1d
0x2e1e		0x2e1e
0x2e1f		0x2e1f
0x2e20		0x2e20
0x2e21		0x2e21
0x2e22		0x2e22
0x2e23		0x2e23
0x2e24		0x2e24
0x2e25		0x2e25
0x2e26		0x2e26
0x2e27		0x2e27
0x2e28		0x2e28
0x2e29		0x2e29
0x2e2a		0x2e2a
0x2e2b		0x2e2b
0x2e2c		0x2e2c
0x2e2d		0x2e2d
0x2e2e		0x2e2e
0x2e2f		0x2e2f
0x2e30		0x2e30
0x2e31		0x2e31
0x2e32		0x2e32
0x2e3a		0x2e3a
0x2e3b		0x2e3b
0x2e3d		0x2e3d
0x2e42		0x2e42
0x2e43		0x2e43
0x2e44		0x2e44
0x2e45		0x2e45
0x2e46		0x2e46
0x2e47		0x2e47
0x2e48		0x2e48
0x2e49		0x2e49
0x2e4a		0x2e4a
0x2e4b		0x2e4b
0x2e4c		0x2e4c
0x2e4d		0x2e4d
0x2e4e		0x2e4e
0x2e4f		0x2e4f
0x2e50		0x2e50
0x2e51		0x2e51
0x2e52		0x2e52
0x2e53		0x2e53
0x2e54		0x2e54
0x2e55		0x2e55
0x2e56		0x2e56
0x2e57		0x2e57
0x2e58		0x2e58
0x2e59		0x2e59
0x2e5a		0x2e5a
0x2e5b		0x2e5b
0x2e5c		0x2e5c
0x2e5d		0x2e5d
0x2e5e		0x2e5e
0x2e5f		0x2e5f
0x2e60		0x2e60
0x2e61		0x2e61
0x2e62		0x2e62
0x2e63		0x2e63
0x2e64		0x2e64
0x2e65		0x2e65
0x2e66		0x2e66
0x2e67		0x2e67
0x2e68		0x2e68
0x2e69		0x2e69
0x2e6a		0x2e6a
0x2e6b		0x2e6b
0x2e6c		0x2e6c
0x2e6d		0x2e6d
0x2e6e		0x2e6e
0x2e6f		0x2e6f
0x2e70		0x2e70
0x2e71		0x2e71
0x2e72		0x2e72
0x2e73		0x2e73
0x2e74		0x2e74
0x2e75		0x2e75
0x2e76		0x2e76
0x2e77		0x2e77
0x2e78		0x2e78
0x2e79		0x2e79
0x2e7a		0x2e7a
0x2e7b		0x2e7b
0x2e7c		0x2e7c
0x2e7d		0x2e7d
0x2e7e		0x2e7e
0x2e7f		0x2e7f
0x2e80		0x2e80
0x2e81		0x2e81
0x2e82		0x2e82
0x2e83		0x2e83
0x2e84		0x2e84
0x2e85		0x2e85
0x2e86		0x2e86
0x2e87		0x2e87
0x2e89		0x2e89
0x2e8a		0x2e8a
0x2e92		0x2e92
0x2e9a		0x2e9a
0x2ea2		0x2ea2
0x2eaa		0x2eaa
0x2eb2		0x2eb2
0x2eb3		0x2eb3
0x2eb5		0x2eb5
0x2eb6		0x2eb6
0x2ebe		0x2ebe
0x2ec6		0x2ec6
0x2ece		0x2ece
0x2ed6		0x2ed6
0x2ede		0x2ede
0x2edf		0x2edf
0x2ee0		0x2ee0
0x2ee1		0x2ee1
0x2ee2		0x2ee2
0x2ee3		0x2ee3
0x2ee4		0x2ee4
0x2ee5		0x2ee5
0x2ee6		0x2ee6
0x2ee7		0x2ee7
0x2ee8		0x2ee8
0x2ee9		0x2ee9
0x2eea		0x2eea
0x2eeb		0x2eeb
0x2eec		0x2eec
0x2eed		0x2eed
0x2eee		0x2eee
0x2eef		0x2eef
0x2ef0		0x2ef0
0x2ef1		0x2ef1
0x2ef2		0x2ef2
0x2ef3		0x2ef3
0x2ef4		0x2ef4
0x2ef5		0x2ef5
0x2ef6		0x2ef6
0x2ef7		0x2ef7
0x2ef9		0x2ef9
0x2efa		0x2efa
0x2f02		0x2f02
0x2f0a		0x2f0a
0x2f12		0x2f12
0x2f1a		0x2f1a
0x2f22		0x2f22
0x2f23		0x2f23
0x2f25		0x2f25
0x2f26		0x2f26
0x2f2e		0x2f2e
0x2f36		0x2f36
0x2f3e		0x2f3e
0x2f46		0x2f46
0x2f4e		0x2f4e
0x2f4f		0x2f4f
0x2f50		0x2f50
0x2f51		0x2f51
0x2f52		0x2f52
0x2f53		0x2f53
0x2f54		0x2f54
0x2f55		0x2f55
0x2f56		0x2f56
0x2f57		0x2f57
0x2f58		0x2f58
0x2f59		0x2f59
0x2f5a		0x2f5a
0x2f5b		0x2f5b
0x2f5c		0x2f5c
0x2f5d		0x2f5d
0x2f5e		0x2f5e
0x2f5f		0x2f5f
0x2f61		0x2f61
0x2f62		0x2f62
0x2f63		0x2f63
0x2f64		0x2f64
0x2f65		0x2f65
0x2f66		0x2f66
0x2f67		0x2f67
0x2f69		0x2f69
0x2f6a		0x2f6a
0x2f6b		0x2f6b
0x2f6c		0x2f6c
0x2f6d		0x2f6d
0x2f6e		0x2f6e
0x2f6f		0x2f6f
0x2f70		0x2f70
0x2f71		0x2f71
0x2f72		0x2f72
0x2f73		0x2f73
0x2f74		0x2f74
0x2f75		0x2f75
0x2f79		0x2f79
0x2f7a		0x2f7a
0x2f7b		0x2f7b
0x2f7c		0x2f7c
0x2f7d		0x2f7d
0x2f7e		0x2f7e
0x2f7f		0x2f7f
0x2f80		0x2f80
0x2f82		0x2f82
0x2f88		0x2f88
0x2f89		0x2f89
0x2f8a		0x2f8a
0x2f8b		0x2f8b
0x2f8c		0x2f8c
0x2f8d		0x2f8d
0x2f8e		0x2f8e
0x2f8f		0x2f8f
0x2f90		0x2f90
0x2f91		0x2f91
0x2f92		0x2f92
0x2f93		0x2f93
0x2f94		0x2f94
0x2f95		0x2f95
0x2f96		0x2f96
0x2f97		0x2f97
0x2f98		0x2f98
0x2f99		0x2f99
0x2f9a		0x2f9a
0x2f9b		0x2f9b
0x2f9c		0x2f9c
0x2f9d		0x2f9d
0x2f9f		0x2f9f
0x2fa0		0x2fa0
0x2fa1		0x2fa1
0x2fa2		0x2fa2
0x2fa3		0x2fa3
0x2fa4		0x2fa4
0x2fa6		0x2fa6
0x2faa		0x2faa
0x2fab		0x2fab
0x2faf		0x2faf
0x2fb0		0x2fb0
0x2fb1		0x2fb1
0x2fb2		0x2fb2
0x2fb3		0x2fb3
0x2fb5		0x2fb5
0x2fb6		0x2fb6
0x2fb7		0x2fb7
0x2fb9		0x2fb9
0x2fba		0x2fba
0x2fbb		0x2fbb
0x2fbc		0x2fbc
0x2fbd		0x2fbd
0x2fbf		0x2fbf
0x2fc0		0x2fc0
0x2fc1		0x2fc1
0x2fc2		0x2fc2
0x2fc3		0x2fc3
0x2fcb		0x2fcb
0x2fcc		0x2fcc
0x2fcd		0x2fcd
0x2fce		0x2fce
0x2fcf		0x2fcf
0x2fd0		0x2fd0
0x2fd2		0x2fd2
0x2fd3		0x2fd3
0x2fd4		0x2fd4
0x2fd5		0x2fd5
0x2fd6		0x2fd6
0x2fd7		0x2fd7
0x2fd8		0x2fd8
0x2fd9		0x2fd9
0x2fda		0x2fda
0x2fdb		0x2fdb
0x2fdc		0x2fdc
0x2fdd		0x2fdd
0x2fde		0x2fde
0x2fdf		0x2fdf
0x2fe0		0x2fe0
0x2fe1		0x2fe1
0x2fe2		0x2fe2
0x2fe3		0x2fe3
0x2fe4		0x2fe4
0x2fe5		0x2fe5
0x2fe6		0x2fe6
0x2fe7		0x2fe7
0x2fe8		0x2fe8
0x2fe9		0x2fe9
0x2fea		0x2fea
0x2feb		0x2feb
0x2fec		0x2fec
0x2fed		0x2fed
0x2fee		0x2fee
0x2fef		0x2fef
0x2ff2		0x2ff2
0x2ff4		0x2ff4
0x2ff5		0x2ff5
0x2ff6		0x2ff6
0x2ff7		0x2ff7
0x2ff8		0x2ff8
0x2ff9		0x2ff9
0x2ffa		0x2ffa
0x2ffb		0x2ffb
0x2ffc		0x2ffc
0x2ffd		0x2ffd
0x2ffe		0x2ffe
0x2fff		0x2fff
0x3001		0x3001
0x3002		0x3002
0x3003		0x3003
0x3004		0x3004
0x3005		0x3005
0x3009		0x3009
0x300a		0x300a
0x300b		0x300b
0x300c		0x300c
0x300d		0x300d
0x300e		0x300e
0x300f		0x300f
0x3010		0x3010
0x3011		0x3011
0x3012		0x3012
0x3013		0x3013
0x3014		0x3014
0x3015		0x3015
0x3016		0x3016
0x3017		0x3017
0x3018		0x3018
0x3019		0x3019
0x301a		0x301a
0x301b		0x301b
0x301c		0x301c
0x301d		0x301d
0x301e		0x301e
0x301f		0x301f
0x3020		0x3020
0x3021		0x3021
0x3022		0x3022
0x3023		0x3023
0x3024		0x3024
0x3025		0x3025
0x3026		0x3026
0x3027		0x3027
0x3028		0x3028
0x3029		0x3029
0x302a		0x302a
0x302c		0x302c
0x302d		0x302d
0x3031		0x3031
0x3032		0x3032
0x3033		0x3033
0x3034		0x3034
0x3035		0x3035
0x3036		0x3036
0x3037		0x3037
0x3038		0x3038
0x3039		0x3039
0x303a		0x303a
0x303b		0x303b
0x303c		0x303c
0x303d		0x303d
0x303e		0x303e
0x303f		0x303f
0x3040		0x3040
0x3041		0x3041
0x3042		0x3042
0x3044		0x3044
0x3045		0x3045
0x3046		0x3046
0x3047		0x3047
0x3048		0x3048
0x3049		0x3049
0x304a		0x304a
0x3053		0x3053
0x3054		0x3054
0x3055		0x3055
0x3057		0x3057
0x3059		0x3059
0x305a		0x305a
0x305b		0x305b
0x305c		0x305c
0x305d		0x305d
0x305e		0x305e
0x305f		0x305f
0x3060		0x3060
0x3061		0x3061
0x3062		0x3062
0x3063		0x3063
0x3067		0x3067
0x3068		0x3068
0x3069		0x3069
0x306a		0x306a
0x306b		0x306b
0x306c		0x306c
0x3071		0x3071
0x3072		0x3072
0x3073		0x3073
0x3074		0x3074
0x3075		0x3075
0x3076		0x3076
0x3077		0x3077
0x3078		0x3078
0x3079		0x3079
0x307b		0x307b
0x307c		0x307c
0x3084		0x3084
0x308c		0x308c
0x3094		0x3094
0x309c		0x309c
0x30a4		0x30a4
0x30a5		0x30a5
0x30a7		0x30a7
0x30a8		0x30a8
0x30b0		0x30b0
0x30b8		0x30b8
0x30c0		0x30c0
0x30c8		0x30c8
0x30d0		0x30d0
0x30d1		0x30d1
0x30d2		0x30d2
0x30d3		0x30d3
0x30d4		0x30d4
0x30d5		0x30d5
0x30d6		0x30d6
0x30d7		0x30d7
0x30d8		0x30d8
0x30d9		0x30d9
0x30da		0x30da
0x30db		0x30db
0x30dd		0x30dd
0x30de		0x30de
0x30df		0x30df
0x30e0		0x30e0
0x30e1		0x30e1
0x30e2		0x30e2
0x30e3		0x30e3
0x30e4		0x30e4
0x30e5		0x30e5
0x30e6		0x30e6
0x30e7		0x30e7
0x30e8		0x30e8
0x30e9		0x30e9
0x30ea		0x30ea
0x30eb		0x30eb
0x30ec		0x30ec
0x30ed		0x30ed
0x30ee		0x30ee
0x30ef		0x30ef
0x30f0		0x30f0
0x30f1		0x30f1
0x30f2		0x30f2
0x30f3		0x30f3
0x30f5		0x30f5
0x30f6		0x30f6
0x30fe		0x30fe
0x3106		0x3106
0x310e		0x310e
0x3116		0x3116
0x311e		0x311e
0x311f		0x311f
0x3121		0x3121
0x3122		0x3122
0x312a		0x312a
0x3132		0x3132
0x313a		0x313a
0x3142		0x3142
0x314a		0x314a
0x314b		0x314b
0x314c		0x314c
0x314d		0x314d
0x314e		0x314e
0x314f		0x314f
0x3150		0x3150
0x3151		0x3151
0x3152		0x3152
0x3153		0x3153
0x3154		0x3154
0x3155		0x3155
0x3157		0x3157
0x3158		0x3158
0x3159		0x3159
0x315a		0x315a
0x315b		0x315b
0x315c		0x315c
0x315d		0x315d
0x315e		0x315e
0x315f		0x315f
0x3160		0x3160
0x3161		0x3161
0x3162		0x3162
0x3163		0x3163
0x3164		0x3164
0x3165		0x3165
0x3166		0x3166
0x3167		0x3167
0x3168		0x3168
0x3169		0x3169
0x316a		0x316a
0x316b		0x316b
0x316c		0x316c
0x316d		0x316d
0x3171		0x3171
0x3173		0x3173
0x3175		0x3175
0x3176		0x3176
0x3177		0x3177
0x3178		0x3178
0x3180		0x3180
0x3181		0x3181
0x3182		0x3182
0x3183		0x3183
0x3184		0x3184
0x3185		0x3185
0x3189		0x3189
0x318a		0x318a
0x318b		0x318b
0x318c		0x318c
0x318d		0x318d
0x318e		0x318e
0x318f		0x318f
0x3191		0x3191
0x3192		0x3192
0x319a		0x319a
0x31a2		0x31a2
0x31aa		0x31aa
0x31b2		0x31b2
0x31ba		0x31ba
0x31bb		0x31bb
0x31bd		0x31bd
0x31be		0x31be
0x31c6		0x31c6
0x31ce		0x31ce
0x31d6		0x31d6
0x31de		0x31de
0x31e6		0x31e6
0x31e7		0x31e7
0x31e8		0x31e8
0x31e9		0x31e9
0x31ea		0x31ea
0x31eb		0x31eb
0x31ec		0x31ec
0x31ed		0x31ed
0x31ee		0x31ee
0x31ef		0x31ef
0x31f0		0x31f0
0x31f1		0x31f1
0x31f3		0x31f3
0x31f4		0x31f4
0x31f5		0x31f5
0x31f6		0x31f6
0x31f7		0x31f7
0x31f8		0x31f8
0x31f9		0x31f9
0x31fa		0x31fa
0x31fb		0x31fb
0x31fc		0x31fc
0x31fd		0x31fd
0x31fe		0x31fe
0x31ff		0x31ff
0x3200		0x3200
0x3201		0x3201
0x3202		0x3202
0x3203		0x3203
0x3204		0x3204
0x3205		0x3205
0x3206		0x3206
0x3207		0x3207
0x3208		0x3208
0x3209		0x3209
0x320b		0x320b
0x320c		0x320c
0x3214		0x3214
0x321c		0x321c
0x3224		0x3224
0x322c		0x322c
0x3234		0x3234
0x3235		0x3235
0x3237		0x3237
0x3238		0x3238
0x3240		0x3240
0x3248		0x3248
0x3250		0x3250
0x3258		0x3258
0x3260		0x3260
0x3261		0x3261
0x3262		0x3262
0x3263		0x3263
0x3264		0x3264
0x3265		0x3265
0x3266		0x3266
0x3267		0x3267
0x3268		0x3268
0x3269		0x3269
0x326a		0x326a
0x326b		0x326b
0x326d		0x326d
0x326e		0x326e
0x326f		0x326f
0x3270		0x3270
0x3271		0x3271
0x3272		0x3272
0x3273		0x3273
0x3274		0x3274
0x3275		0x3275
0x3276		0x3276
0x3277		0x3277
0x3278		0x3278
0x3279		0x3279
0x327a		0x327a
0x327b		0x327b
0x327c		0x327c
0x327d		0x327d
0x327e		0x327e
0x327f		0x327f
0x3281		0x3281
0x3282		0x3282
0x3283		0x3283
0x3284		0x3284
0x3285		0x3285
0x3286		0x3286
0x3287		0x3287
0x3289		0x3289
0x328a		0x328a
0x3292		0x3292
0x329a		0x329a
0x32a2		0x32a2
0x32aa		0x32aa
0x32b2		0x32b2
0x32b3		0x32b3
0x32b4		0x32b4
0x32b5		0x32b5
0x32b7		0x32b7
0x32b8		0x32b8
0x32c0		0x32c0
0x32c8		0x32c8
0x32d0		0x32d0
0x32d8		0x32d8
0x32e0		0x32e0
0x32e1		0x32e1
0x32e3		0x32e3
0x32eb		0x32eb
0x32ec		0x32ec
0x32f3		0x32f3
0x32f7		0x32f7
0x32ff		0x32ff
0x3306		0x3306
0x3307		0x3307
0x3308		0x3308
0x3309		0x3309
0x330a		0x330a
0x330f		0x330f
0x3310		0x3310
0x3312		0x3312
0x3313		0x3313
0x331a		0x331a
0x331f		0x331f
0x3320		0x3320
0x3324		0x3324
0x3325		0x3325
0x3326		0x3326
0x3327		0x3327
0x3328		0x3328
0x3329		0x3329
0x332a		0x332a
0x332b		0x332b
0x332c		0x332c
0x332d		0x332d
0x332f		0x332f
0x3330		0x3330
0x3338		0x3338
0x3340		0x3340
0x3348		0x3348
0x3350		0x3350
0x3358		0x3358
0x3359		0x3359
0x335b		0x335b
0x335c		0x335c
0x3364		0x3364
0x336c		0x336c
0x3374		0x3374
0x337c		0x337c
0x3384		0x3384
0x3385		0x3385
0x3386		0x3386
0x3387		0x3387
0x3388		0x3388
0x3389		0x3389
0x338a		0x338a
0x338b		0x338b
0x338c		0x338c
0x338d		0x338d
0x338e		0x338e
0x338f		0x338f
0x3391		0x3391
0x3392		0x3392
0x3393		0x3393
0x3394		0x3394
0x3395		0x3395
0x3396		0x3396
0x3397		0x3397
0x3398		0x3398
0x3399		0x3399
0x339a		0x339a
0x339b		0x339b
0x339c		0x339c
0x339d		0x339d
0x339e		0x339e
0x339f		0x339f
0x33a0		0x33a0
0x33a1		0x33a1
0x33a2		0x33a2
0x33a3		0x33a3
0x33a4		0x33a4
0x33a5		0x33a5
0x33a6		0x33a6
0x33a9		0x33a9
0x33aa		0x33aa
0x33b2		0x33b2
0x33ba		0x33ba
0x33c2		0x33c2
0x33ca		0x33ca
0x33d2		0x33d2
0x33d3		0x33d3
0x33d5		0x33d5
0x33d6		0x33d6
0x33de		0x33de
0x33e6		0x33e6
0x33ee		0x33ee
0x33f6		0x33f6
0x33fe		0x33fe
0x33ff		0x33ff
0x3400		0x3400
0x3401		0x3401
0x3402		0x3402
0x3403		0x3403
0x3404		0x3404
0x3405		0x3405
0x3406		0x3406
0x3407		0x3407
0x3408		0x3408
0x3409		0x3409
0x340b		0x340b
0x340c		0x340c
0x340d		0x340d
0x340e		0x340e
0x340f		0x340f
0x3410		0x3410
0x3411		0x3411
0x3412		0x3412
0x3413		0x3413
0x3414		0x3414
0x3415		0x3415
0x3416		0x3416
0x3417		0x3417
0x3418		0x3418
0x3419		0x3419
0x341a		0x341a
0x341b		0x341b
0x341c		0x341c
0x341d		0x341d
0x341e		0x341e
0x341f		0x341f
0x3420		0x3420
0x3421		0x3421
0x3422		0x3422
0x3423		0x3423
0x3424		0x3424
0x3425		0x3425
0x3426		0x3426
0x3427		0x3427
0x3428		0x3428
0x3429		0x3429
0x342a		0x342a
0x342b		0x342b
0x342c		0x342c
0x342d		0x342d
0x342e		0x342e
0x342f		0x342f
0x3430		0x3430
0x3431		0x3431
0x3433		0x3433
0x3434		0x3434
0x3435		0x3435
0x3436		0x3436
0x3437		0x3437
0x3438		0x3438
0x3439		0x3439
0x343a		0x343a
0x343b		0x343b
0x343c		0x343c
0x343d		0x343d
0x343e		0x343e
0x343f		0x343f
0x3441		0x3441
0x3442		0x3442
0x3443		0x3443
0x3445		0x3445
0x3446		0x3446
0x3449		0x3449
0x344a		0x344a
0x344b		0x344b
0x344d		0x344d
0x344e		0x344e
0x344f		0x344f
0x3451		0x3451
0x3453		0x3453
0x3454		0x3454
0x3455		0x3455
0x3456		0x3456
0x3457		0x3457
0x3458		0x3458
0x3459		0x3459
0x345a		0x345a
0x345b		0x345b
0x345f		0x345f
0x3460		0x3460
0x3461		0x3461
0x3462		0x3462
0x3463		0x3463
0x3464		0x3464
0x3465		0x3465
0x3466		0x3466
0x3467		0x3467
0x3468		0x3468
0x3469		0x3469
0x346b		0x346b
0x346c		0x346c
0x3474		0x3474
0x347c		0x347c
0x3484		0x3484
0x348c		0x348c
0x3494		0x3494
0x3495		0x3495
0x3497		0x3497
0x3498		0x3498
0x34a0		0x34a0
0x34a8		0x34a8
0x34b0		0x34b0
0x34b8		0x34b8
0x34c0		0x34c0
0x34c1		0x34c1
0x34c2		0x34c2
0x34c3		0x34c3
0x34c4		0x34c4
0x34c5		0x34c5
0x34c6		0x34c6
0x34c7		0x34c7
0x34c8		0x34c8
0x34c9		0x34c9
0x34ca		0x34ca
0x34cb		0x34cb
0x34cd		0x34cd
0x34ce		0x34ce
0x34cf		0x34cf
0x34d0		0x34d0
0x34d1		0x34d1
0x34d2		0x34d2
0x34d3		0x34d3
0x34d4		0x34d4
0x34d5		0x34d5
0x34d6		0x34d6
0x34d7		0x34d7
0x34d8		0x34d8
0x34d9		0x34d9
0x34da		0x34da
0x34db		0x34db
0x34dc		0x34dc
0x34dd		0x34dd
0x34de		0x34de
0x34df		0x34df
0x34e0		0x34e0
0x34e1		0x34e1
0x34e2		0x34e2
0x34e3		0x34e3
0x34e5		0x34e5
0x34e6		0x34e6
0x34ee		0x34ee
0x34f6		0x34f6
0x34fe		0x34fe
0x3506		0x3506
0x350e		0x350e
0x350f		0x350f
0x3511		0x3511
0x3512		0x3512
0x351a		0x351a
0x3522		0x3522
0x352a		0x352a
0x3532		0x3532
0x353a		0x353a
0x353b		0x353b
0x353c		0x353c
0x353d		0x353d
0x353e		0x353e
0x353f		0x353f
0x3540		0x3540
0x3541		0x3541
0x3542		0x3542
0x3543		0x3543
0x3544		0x3544
0x3545		0x3545
0x3547		0x3547
0x3548		0x3548
0x3549		0x3549
0x354a		0x354a
0x354b		0x354b
0x354c		0x354c
0x354d		0x354d
0x354e		0x354e
0x354f		0x354f
0x3550		0x3550
0x3551		0x3551
0x3552		0x3552
0x3553		0x3553
0x3554		0x3554
0x3555		0x3555
0x3556		0x3556
0x3557		0x3557
0x3558		0x3558
0x3559		0x3559
0x355b		0x355b
0x355c		0x355c
0x355d		0x355d
0x355f		0x355f
0x3561		0x3561
0x3562		0x3562
0x3563		0x3563
0x3564		0x3564
0x3565		0x3565
0x3566		0x3566
0x3567		0x3567
0x3568		0x3568
0x3569		0x3569
0x356d		0x356d
0x356e		0x356e
0x356f		0x356f
0x3570		0x3570
0x3571		0x3571
0x3573		0x3573
0x3574		0x3574
0x3575		0x3575
0x3577		0x3577
0x3578		0x3578
0x3579		0x3579
0x357a		0x357a
0x357b		0x357b
0x357c		0x357c
0x357d		0x357d
0x357e		0x357e
0x357f		0x357f
0x3582		0x3582
0x3583		0x3583
0x3585		0x3585
0x3586		0x3586
0x358e		0x358e
0x3596		0x3596
0x359e		0x359e
0x35a6		0x35a6
0x35ae		0x35ae
0x35af		0x35af
0x35b1		0x35b1
0x35b2		0x35b2
0x35ba		0x35ba
0x35c2		0x35c2
0x35ca		0x35ca
0x35d2		0x35d2
0x35da		0x35da
0x35db		0x35db
0x35dc		0x35dc
0x35dd		0x35dd
0x35df		0x35df
0x35e0		0x35e0
0x35e8		0x35e8
0x35f0		0x35f0
0x35f8		0x35f8
0x3600		0x3600
0x3608		0x3608
0x3609		0x3609
0x360a		0x360a
0x360b		0x360b
0x360c		0x360c
0x360d		0x360d
0x360e		0x360e
0x360f		0x360f
0x3610		0x3610
0x3611		0x3611
0x3612		0x3612
0x3613		0x3613
0x3618		0x3618
0x3619		0x3619
0x361a		0x361a
0x361b		0x361b
0x361c		0x361c
0x361d		0x361d
0x361e		0x361e
0x3626		0x3626
0x3628		0x3628
0x3629		0x3629
0x362a		0x362a
0x362b		0x362b
0x362c		0x362c
0x362d		0x362d
0x3631		0x3631
0x3632		0x3632
0x3633		0x3633
0x3637		0x3637
0x3638		0x3638
0x3639		0x3639
0x363d		0x363d
0x363e		0x363e
0x363f		0x363f
0x3640		0x3640
0x3641		0x3641
0x3642		0x3642
0x3643		0x3643
0x3644		0x3644
0x3645		0x3645
0x3646		0x3646
0x3647		0x3647
0x3648		0x3648
0x3649		0x3649
0x364a		0x364a
0x364b		0x364b
0x364c		0x364c
0x364d		0x364d
0x3652		0x3652
0x365a		0x365a
0x365b		0x365b
0x365d		0x365d
0x365e		0x365e
0x365f		0x365f
0x3661		0x3661
0x3663		0x3663
0x3664		0x3664
0x3665		0x3665
0x3666		0x3666
0x3667		0x3667
0x3668		0x3668
0x3669		0x3669
0x366a		0x366a
0x366b		0x366b
0x366f		0x366f
0x3670		0x3670
0x3671		0x3671
0x3672		0x3672
0x3673		0x3673
0x3674		0x3674
0x3675		0x3675
0x3677		0x3677
0x3678		0x3678
0x3679		0x3679
0x367a		0x367a
0x367b		0x367b
0x367c		0x367c
0x367d		0x367d
0x367e		0x367e
0x367f		0x367f
0x3680		0x3680
0x3681		0x3681
0x3682		0x3682
0x3683		0x3683
0x3684		0x3684
0x3685		0x3685
0x3686		0x3686
0x3687		0x3687
0x3688		0x3688
0x3689		0x3689
0x368e		0x368e
0x3696		0x3696
0x3697		0x3697
0x3699		0x3699
0x369b		0x369b
0x369c		0x369c
0x369d		0x369d
0x369e		0x369e
0x369f		0x369f
0x36a0		0x36a0
0x36a1		0x36a1
0x36a2		0x36a2
0x36a3		0x36a3
0x36a7		0x36a7
0x36a9		0x36a9
0x36aa		0x36aa
0x36b2		0x36b2
0x36ba		0x36ba
0x36c2		0x36c2
0x36ca		0x36ca
0x36d2		0x36d2
0x36d3		0x36d3
0x36d4		0x36d4
0x36d5		0x36d5
0x36d7		0x36d7
0x36d8		0x36d8
0x36e0		0x36e0
0x36e8		0x36e8
0x36f0		0x36f0
0x36f8		0x36f8
0x3700		0x3700
0x3701		0x3701
0x3702		0x3702
0x3703		0x3703
0x3704		0x3704
0x3705		0x3705
0x3706		0x3706
0x3707		0x3707
0x3708		0x3708
0x3709		0x3709
0x370a		0x370a
0x370b		0x370b
0x370c		0x370c
0x370d		0x370d
0x3712		0x3712
0x3713		0x3713
0x3714		0x3714
0x3715		0x3715
0x3716		0x3716
0x3717		0x3717
0x3718		0x3718
0x3720		0x3720
0x3728		0x3728
0x3730		0x3730
0x3738		0x3738
0x3740		0x3740
0x3748		0x3748
0x3749		0x3749
0x374a		0x374a
0x374b		0x374b
0x374c		0x374c
0x374d		0x374d
0x374e		0x374e
0x374f		0x374f
0x3750		0x3750
0x3751		0x3751
0x3753		0x3753
0x3754		0x3754
0x3755		0x3755
0x3757		0x3757
0x3758		0x3758
0x3759		0x3759
0x375a		0x375a
0x375b		0x375b
0x375c		0x375c
0x375d		0x375d
0x375e		0x375e
0x375f		0x375f
0x3762		0x3762
0x3763		0x3763
0x3765		0x3765
0x3766		0x3766
0x376e		0x376e
0x3776		0x3776
0x377e		0x377e
0x3786		0x3786
0x378e		0x378e
0x378f		0x378f
0x3791		0x3791
0x3792		0x3792
0x379a		0x379a
0x37a2		0x37a2
0x37aa		0x37aa
0x37b2		0x37b2
0x37ba		0x37ba
0x37bb		0x37bb
0x37bd		0x37bd
0x37c5		0x37c5
0x37ca		0x37ca
0x37cc		0x37cc
0x37cd		0x37cd
0x37ce		0x37ce
0x37cf		0x37cf
0x37d0		0x37d0
0x37d1		0x37d1
0x37d2		0x37d2
0x37d7		0x37d7
0x37d8		0x37d8
0x37db		0x37db
0x37dc		0x37dc
0x37dd		0x37dd
0x37de		0x37de
0x37e0		0x37e0
0x37e3		0x37e3
0x37eb		0x37eb
0x37ee		0x37ee
0x37f5		0x37f5
0x37fd		0x37fd
0x37fe		0x37fe
0x37ff		0x37ff
0x3800		0x3800
0x3801		0x3801
0x3802		0x3802
0x3803		0x3803
0x3804		0x3804
0x3805		0x3805
0x3806		0x3806
0x3807		0x3807
0x3808		0x3808
0x3809		0x3809
0x380a		0x380a
0x380b		0x380b
0x380d		0x380d
0x380e		0x380e
0x380f		0x380f
0x3811		0x3811
0x3812		0x3812
0x3815		0x3815
0x3816		0x3816
0x3817		0x3817
0x3818		0x3818
0x3819		0x3819
0x381a		0x381a
0x381b		0x381b
0x381c		0x381c
0x381d		0x381d
0x381e		0x381e
0x381f		0x381f
0x3820		0x3820
0x3821		0x3821
0x3822		0x3822
0x3823		0x3823
0x3824		0x3824
0x3825		0x3825
0x3828		0x3828
0x3829		0x3829
0x382a		0x382a
0x382b		0x382b
0x382d		0x382d
0x382e		0x382e
0x3836		0x3836
0x383e		0x383e
0x3846		0x3846
0x384e		0x384e
0x3856		0x3856
0x3857		0x3857
0x3858		0x3858
0x385a		0x385a
0x385b		0x385b
0x385d		0x385d
0x385e		0x385e
0x385f		0x385f
0x3861		0x3861
0x3862		0x3862
0x386a		0x386a
0x3872		0x3872
0x387a		0x387a
0x3882		0x3882
0x388a		0x388a
0x388b		0x388b
0x388c		0x388c
0x388d		0x388d
0x388e		0x388e
0x3891		0x3891
0x3892		0x3892
0x3893		0x3893
0x3894		0x3894
0x3895		0x3895
0x3896		0x3896
0x3897		0x3897
0x3898		0x3898
0x3899		0x3899
0x389a		0x389a
0x389b		0x389b
0x389c		0x389c
0x389f		0x389f
0x38a0		0x38a0
0x38a1		0x38a1
0x38a3		0x38a3
0x38a7		0x38a7
0x38a8		0x38a8
0x38a9		0x38a9
0x38aa		0x38aa
0x38ab		0x38ab
0x38ac		0x38ac
0x38ad		0x38ad
0x38ae		0x38ae
0x38af		0x38af
0x38b2		0x38b2
0x38b3		0x38b3
0x38b4		0x38b4
0x38b5		0x38b5
0x38b6		0x38b6
0x38be		0x38be
0x38bf		0x38bf
0x38c0		0x38c0
0x38c3		0x38c3
0x38ca		0x38ca
0x38cb		0x38cb
0x38d0		0x38d0
0x38d3		0x38d3
0x38d4		0x38d4
0x38da		0x38da
0x38df		0x38df
0x38e5		0x38e5
0x38e7		0x38e7
0x38ed		0x38ed
0x38ee		0x38ee
0x38ef		0x38ef
0x38f0		0x38f0
