0x0	0x0	0x0
0x4	0x0	0x4
0x1	0x0	0x1
0x2	0x0	0x2
0x3	0x0	0x3
0x5	0x0	0x5
0x6	0x0	0x6
0x7	0x0	0x7
0x8	0x0	0x8
0x9	0x0	0x9
0xa	0x0	0xa
0xb	0x0	0xb
0xc	0x0	0xc
0xd	0x0	0xd
0xe	0x0	0xe
0xf	0x0	0xf
0x10	0x0	0x10
0x11	0x0	0x11
0x12	0x0	0x12
0x13	0x0	0x13
0x14	0x0	0x14
0x15	0x0	0x15
0x16	0x0	0x16
0x17	0x0	0x17
0x18	0x0	0x18
0x20	0x0	0x20
0x21	0x0	0x21
0x22	0x0	0x22
0x29	0x0	0x29
0x2c	0x0	0x2c
0x2d	0x0	0x2d
0x2e	0x0	0x2e
0x2f	0x0	0x2f
0x30	0x0	0x30
0x31	0x0	0x31
0x32	0x0	0x32
0x33	0x0	0x33
0x34	0x0	0x34
0x35	0x0	0x35
0x36	0x0	0x36
0x37	0x0	0x37
0x38	0x0	0x38
0x40	0x0	0x40
0x41	0x0	0x41
0x42	0x0	0x42
0x43	0x0	0x43
0x44	0x0	0x44
0x45	0x0	0x45
0x46	0x0	0x46
0x47	0x0	0x47
0x48	0x0	0x48
0x49	0x0	0x49
0x4a	0x0	0x4a
0x4b	0x0	0x4b
0x4c	0x0	0x4c
0x4d	0x0	0x4d
0x4e	0x0	0x4e
0x4f	0x0	0x4f
0x50	0x0	0x50
0x51	0x0	0x51
0x58	0x0	0x58
0x59	0x0	0x59
0x5a	0x0	0x5a
0x5b	0x0	0x5b
0x5c	0x0	0x5c
0x64	0x0	0x64
0x65	0x0	0x65
0x66	0x0	0x66
0x67	0x0	0x67
0x68	0x0	0x68
0x69	0x0	0x69
0x6f	0x0	0x6f
0x70	0x0	0x70
0x71	0x0	0x71
0x72	0x0	0x72
0x73	0x0	0x73
0x76	0x0	0x76
0x77	0x0	0x77
0x78	0x0	0x78
0x79	0x0	0x79
0x7a	0x0	0x7a
0x7b	0x0	0x7b
0x80	0x0	0x80
0x81	0x0	0x81
0x82	0x0	0x82
0x83	0x0	0x83
0x84	0x0	0x84
0x85	0x0	0x85
0x86	0x0	0x86
0x87	0x0	0x87
0x88	0x0	0x88
0x89	0x0	0x89
0x91	0x0	0x91
0x92	0x0	0x92
0x93	0x0	0x93
0x9a	0x0	0x9a
0x9b	0x0	0x9b
0x9c	0x0	0x9c
0x9d	0x0	0x9d
0x9e	0x0	0x9e
0x9f	0x0	0x9f
0xa0	0x0	0xa0
0xa1	0x0	0xa1
0xa2	0x0	0xa2
0xa3	0x0	0xa3
0xa4	0x0	0xa4
0xa5	0x0	0xa5
0xa6	0x0	0xa6
0xa7	0x0	0xa7
0xa8	0x0	0xa8
0xa9	0x0	0xa9
0xaa	0x0	0xaa
0xaf	0x0	0xaf
0xb0	0x0	0xb0
0xb1	0x0	0xb1
0xb2	0x0	0xb2
0xb3	0x0	0xb3
0xb4	0x0	0xb4
0xb5	0x0	0xb5
0xbd	0x0	0xbd
0xbe	0x0	0xbe
0xc2	0x0	0xc2
0xc8	0x0	0xc8
0xc9	0x0	0xc9
0xca	0x0	0xca
0xcf	0x0	0xcf
0xd0	0x0	0xd0
0xd1	0x0	0xd1
0xd2	0x0	0xd2
0xd3	0x0	0xd3
0xd4	0x0	0xd4
0xd5	0x0	0xd5
0xda	0x0	0xda
0xdb	0x0	0xdb
0xdc	0x0	0xdc
0xdd	0x0	0xdd
0xde	0x0	0xde
0xdf	0x0	0xdf
0xe0	0x0	0xe0
0xe1	0x0	0xe1
0xe2	0x0	0xe2
0xe3	0x0	0xe3
0xe4	0x0	0xe4
0xe5	0x0	0xe5
0xe6	0x0	0xe6
0xe7	0x0	0xe7
0xe8	0x0	0xe8
0xe9	0x0	0xe9
0xf1	0x0	0xf1
0xf2	0x0	0xf2
0xf3	0x0	0xf3
0xf4	0x0	0xf4
0xf5	0x0	0xf5
0xf6	0x0	0xf6
0xf7	0x0	0xf7
0xf8	0x0	0xf8
0xf9	0x0	0xf9
0xfa	0x0	0xfa
0xfb	0x0	0xfb
0xfc	0x0	0xfc
0xfd	0x0	0xfd
0xfe	0x0	0xfe
0xff	0x0	0xff
0x100	0x0	0x100
0x101	0x0	0x101
0x102	0x0	0x102
0x103	0x0	0x103
0x108	0x0	0x108
0x109	0x0	0x109
0x10a	0x0	0x10a
0x10b	0x0	0x10b
0x10c	0x0	0x10c
0x10d	0x0	0x10d
0x10e	0x0	0x10e
0x10f	0x0	0x10f
0x110	0x0	0x110
0x111	0x0	0x111
0x112	0x0	0x112
0x113	0x0	0x113
0x114	0x0	0x114
0x115	0x0	0x115
0x119	0x0	0x119
0x11a	0x0	0x11a
0x122	0x0	0x122
0x123	0x0	0x123
0x12a	0x0	0x12a
0x12b	0x0	0x12b
0x12e	0x0	0x12e
0x12f	0x0	0x12f
0x132	0x0	0x132
0x133	0x0	0x133
0x134	0x0	0x134
0x135	0x0	0x135
0x136	0x0	0x136
0x137	0x0	0x137
0x138	0x0	0x138
0x139	0x0	0x139
0x13a	0x0	0x13a
0x13b	0x0	0x13b
0x13c	0x0	0x13c
0x13d	0x0	0x13d
0x13e	0x0	0x13e
0x13f	0x0	0x13f
0x140	0x0	0x140
0x141	0x0	0x141
0x146	0x0	0x146
0x14a	0x0	0x14a
0x14b	0x0	0x14b
0x14c	0x0	0x14c
0x14d	0x0	0x14d
0x14e	0x0	0x14e
0x156	0x0	0x156
0x157	0x0	0x157
0x15f	0x0	0x15f
0x160	0x0	0x160
0x161	0x0	0x161
0x162	0x0	0x162
0x163	0x0	0x163
0x164	0x0	0x164
0x165	0x0	0x165
0x166	0x0	0x166
0x167	0x0	0x167
0x168	0x0	0x168
0x169	0x0	0x169
0x16a	0x0	0x16a
0x16b	0x0	0x16b
0x16c	0x0	0x16c
0x16d	0x0	0x16d
0x16e	0x0	0x16e
0x16f	0x0	0x16f
0x170	0x0	0x170
0x171	0x0	0x171
0x172	0x0	0x172
0x173	0x0	0x173
0x174	0x0	0x174
0x175	0x0	0x175
0x176	0x0	0x176
0x177	0x0	0x177
0x178	0x0	0x178
0x179	0x0	0x179
0x17a	0x0	0x17a
0x17b	0x0	0x17b
0x17c	0x0	0x17c
0x17d	0x0	0x17d
0x17e	0x0	0x17e
0x17f	0x0	0x17f
0x180	0x0	0x180
0x181	0x0	0x181
0x182	0x0	0x182
0x183	0x0	0x183
0x184	0x0	0x184
0x18c	0x0	0x18c
0x18d	0x0	0x18d
0x18e	0x0	0x18e
0x18f	0x0	0x18f
0x190	0x0	0x190
0x193	0x0	0x193
0x194	0x0	0x194
0x195	0x0	0x195
0x196	0x0	0x196
0x197	0x0	0x197
0x198	0x0	0x198
0x199	0x0	0x199
0x19a	0x0	0x19a
0x19d	0x0	0x19d
0x19e	0x0	0x19e
0x19f	0x0	0x19f
0x1a0	0x0	0x1a0
0x1a1	0x0	0x1a1
0x1a2	0x0	0x1a2
0x1a3	0x0	0x1a3
0x1a4	0x0	0x1a4
0x1a5	0x0	0x1a5
0x1a6	0x0	0x1a6
0x1ad	0x0	0x1ad
0x1ae	0x0	0x1ae
0x1af	0x0	0x1af
0x1b0	0x0	0x1b0
0x1b4	0x0	0x1b4
0x1b5	0x0	0x1b5
0x1b6	0x0	0x1b6
0x1b7	0x0	0x1b7
0x1b8	0x0	0x1b8
0x1b9	0x0	0x1b9
0x1ba	0x0	0x1ba
0x1bb	0x0	0x1bb
0x1bc	0x0	0x1bc
0x1bd	0x0	0x1bd
0x1be	0x0	0x1be
0x1bf	0x0	0x1bf
0x1c0	0x0	0x1c0
0x1c1	0x0	0x1c1
0x1c2	0x0	0x1c2
0x1c3	0x0	0x1c3
0x1c4	0x0	0x1c4
0x1c5	0x0	0x1c5
0x1c6	0x0	0x1c6
0x1c7	0x0	0x1c7
0x1c8	0x0	0x1c8
0x1cd	0x0	0x1cd
0x1ce	0x0	0x1ce
0x1cf	0x0	0x1cf
0x1d0	0x0	0x1d0
0x1d1	0x0	0x1d1
0x1d2	0x0	0x1d2
0x1d3	0x0	0x1d3
0x1d9	0x0	0x1d9
0x1da	0x0	0x1da
0x1db	0x0	0x1db
0x1e1	0x0	0x1e1
0x1e5	0x0	0x1e5
0x1e6	0x0	0x1e6
0x1e7	0x0	0x1e7
0x1e8	0x0	0x1e8
0x1e9	0x0	0x1e9
0x1ea	0x0	0x1ea
0x1eb	0x0	0x1eb
0x1ec	0x0	0x1ec
0x1ed	0x0	0x1ed
0x1ee	0x0	0x1ee
0x1ef	0x0	0x1ef
0x1f0	0x0	0x1f0
0x1f1	0x0	0x1f1
0x1f8	0x0	0x1f8
0x1f9	0x0	0x1f9
0x1fa	0x0	0x1fa
0x1fb	0x0	0x1fb
0x1fc	0x0	0x1fc
0x1fd	0x0	0x1fd
0x1fe	0x0	0x1fe
0x1ff	0x0	0x1ff
0x200	0x0	0x200
0x201	0x0	0x201
0x202	0x0	0x202
0x203	0x0	0x203
0x204	0x0	0x204
0x205	0x0	0x205
0x206	0x0	0x206
0x207	0x0	0x207
0x208	0x0	0x208
0x20f	0x0	0x20f
0x210	0x0	0x210
0x211	0x0	0x211
0x212	0x0	0x212
0x213	0x0	0x213
0x214	0x0	0x214
0x215	0x0	0x215
0x219	0x0	0x219
0x21a	0x0	0x21a
0x21b	0x0	0x21b
0x21c	0x0	0x21c
0x21d	0x0	0x21d
0x21e	0x0	0x21e
0x224	0x0	0x224
0x225	0x0	0x225
0x226	0x0	0x226
0x227	0x0	0x227
0x228	0x0	0x228
0x229	0x0	0x229
0x22a	0x0	0x22a
0x22e	0x0	0x22e
0x22f	0x0	0x22f
0x230	0x0	0x230
0x231	0x0	0x231
0x232	0x0	0x232
0x233	0x0	0x233
0x237	0x0	0x237
0x238	0x0	0x238
0x239	0x0	0x239
0x23a	0x0	0x23a
0x23b	0x0	0x23b
0x23c	0x0	0x23c
0x23d	0x0	0x23d
0x23e	0x0	0x23e
0x23f	0x0	0x23f
0x240	0x0	0x240
0x241	0x0	0x241
0x242	0x0	0x242
0x243	0x0	0x243
0x244	0x0	0x244
0x245	0x0	0x245
0x246	0x0	0x246
0x247	0x0	0x247
0x248	0x0	0x248
0x24b	0x0	0x24b
0x24c	0x0	0x24c
0x252	0x0	0x252
0x253	0x0	0x253
0x254	0x0	0x254
0x255	0x0	0x255
0x256	0x0	0x256
0x257	0x0	0x257
0x258	0x0	0x258
0x259	0x0	0x259
0x25a	0x0	0x25a
0x25b	0x0	0x25b
0x25c	0x0	0x25c
0x25d	0x0	0x25d
0x25e	0x0	0x25e
0x261	0x0	0x261
0x262	0x0	0x262
0x263	0x0	0x263
0x268	0x0	0x268
0x269	0x0	0x269
0x26a	0x0	0x26a
0x26b	0x0	0x26b
0x26c	0x0	0x26c
0x26d	0x0	0x26d
0x26e	0x0	0x26e
0x26f	0x0	0x26f
0x270	0x0	0x270
0x271	0x0	0x271
0x272	0x0	0x272
0x273	0x0	0x273
0x274	0x0	0x274
0x278	0x0	0x278
0x279	0x0	0x279
0x27d	0x0	0x27d
0x27e	0x0	0x27e
0x27f	0x0	0x27f
0x280	0x0	0x280
0x281	0x0	0x281
0x282	0x0	0x282
0x287	0x0	0x287
0x288	0x0	0x288
0x289	0x0	0x289
0x28a	0x0	0x28a
0x290	0x0	0x290
0x291	0x0	0x291
0x292	0x0	0x292
0x293	0x0	0x293
0x294	0x0	0x294
0x295	0x0	0x295
0x296	0x0	0x296
0x297	0x0	0x297
0x298	0x0	0x298
0x29f	0x0	0x29f
0x2a0	0x0	0x2a0
0x2a6	0x0	0x2a6
0x2a7	0x0	0x2a7
0x2ae	0x0	0x2ae
0x2af	0x0	0x2af
0x2b0	0x0	0x2b0
0x2b1	0x0	0x2b1
0x2b2	0x0	0x2b2
0x2b3	0x0	0x2b3
0x2b4	0x0	0x2b4
0x2b5	0x0	0x2b5
0x2b6	0x0	0x2b6
0x2be	0x0	0x2be
0x2bf	0x0	0x2bf
0x2c0	0x0	0x2c0
0x2c1	0x0	0x2c1
0x2c2	0x0	0x2c2
0x2c3	0x0	0x2c3
0x2c4	0x0	0x2c4
0x2c5	0x0	0x2c5
0x2ca	0x0	0x2ca
0x2cb	0x0	0x2cb
0x2cc	0x0	0x2cc
0x2cd	0x0	0x2cd
0x2ce	0x0	0x2ce
0x2cf	0x0	0x2cf
0x2d0	0x0	0x2d0
0x2d8	0x0	0x2d8
0x2d9	0x0	0x2d9
0x2da	0x0	0x2da
0x2db	0x0	0x2db
0x2dc	0x0	0x2dc
0x2dd	0x0	0x2dd
0x2de	0x0	0x2de
0x2df	0x0	0x2df
0x2e0	0x0	0x2e0
0x2e1	0x0	0x2e1
0x2e2	0x0	0x2e2
0x2e3	0x0	0x2e3
0x2e4	0x0	0x2e4
0x2e5	0x0	0x2e5
0x2e6	0x0	0x2e6
0x2ee	0x0	0x2ee
0x2ef	0x0	0x2ef
0x2f4	0x0	0x2f4
0x2f5	0x0	0x2f5
0x2f9	0x0	0x2f9
0x2fd	0x0	0x2fd
0x2fe	0x0	0x2fe
0x2ff	0x0	0x2ff
0x300	0x0	0x300
0x301	0x0	0x301
0x302	0x0	0x302
0x303	0x0	0x303
0x304	0x0	0x304
0x305	0x0	0x305
0x306	0x0	0x306
0x307	0x0	0x307
0x308	0x0	0x308
0x309	0x0	0x309
0x30a	0x0	0x30a
0x30b	0x0	0x30b
0x30c	0x0	0x30c
0x30d	0x0	0x30d
0x30e	0x0	0x30e
0x30f	0x0	0x30f
0x310	0x0	0x310
0x311	0x0	0x311
0x312	0x0	0x312
0x313	0x0	0x313
0x314	0x0	0x314
0x315	0x0	0x315
0x316	0x0	0x316
0x317	0x0	0x317
0x318	0x0	0x318
0x319	0x0	0x319
0x31a	0x0	0x31a
0x31b	0x0	0x31b
0x31c	0x0	0x31c
0x31d	0x0	0x31d
0x31e	0x0	0x31e
0x31f	0x0	0x31f
0x320	0x0	0x320
0x321	0x0	0x321
0x322	0x0	0x322
0x323	0x0	0x323
0x324	0x0	0x324
0x325	0x0	0x325
0x326	0x0	0x326
0x327	0x0	0x327
0x328	0x0	0x328
0x329	0x0	0x329
0x32a	0x0	0x32a
0x32b	0x0	0x32b
0x32c	0x0	0x32c
0x32d	0x0	0x32d
0x32e	0x0	0x32e
0x32f	0x0	0x32f
0x330	0x0	0x330
0x331	0x0	0x331
0x332	0x0	0x332
0x333	0x0	0x333
0x334	0x0	0x334
0x335	0x0	0x335
0x336	0x0	0x336
0x337	0x0	0x337
0x338	0x0	0x338
0x339	0x0	0x339
0x33a	0x0	0x33a
0x33b	0x0	0x33b
0x33c	0x0	0x33c
0x33d	0x0	0x33d
0x33e	0x0	0x33e
0x33f	0x0	0x33f
0x340	0x0	0x340
0x341	0x0	0x341
0x345	0x0	0x345
0x346	0x0	0x346
0x347	0x0	0x347
0x348	0x0	0x348
0x349	0x0	0x349
0x34a	0x0	0x34a
0x34b	0x0	0x34b
0x34c	0x0	0x34c
0x34d	0x0	0x34d
0x34e	0x0	0x34e
0x352	0x0	0x352
0x353	0x0	0x353
0x354	0x0	0x354
0x355	0x0	0x355
0x356	0x0	0x356
0x357	0x0	0x357
0x358	0x0	0x358
0x359	0x0	0x359
0x35a	0x0	0x35a
0x35b	0x0	0x35b
0x35c	0x0	0x35c
0x35d	0x0	0x35d
0x35e	0x0	0x35e
0x35f	0x0	0x35f
0x360	0x0	0x360
0x361	0x0	0x361
0x362	0x0	0x362
0x363	0x0	0x363
0x367	0x0	0x367
0x368	0x0	0x368
0x369	0x0	0x369
0x36a	0x0	0x36a
0x36b	0x0	0x36b
0x36c	0x0	0x36c
0x36d	0x0	0x36d
0x36e	0x0	0x36e
0x371	0x0	0x371
0x372	0x0	0x372
0x373	0x0	0x373
0x377	0x0	0x377
0x378	0x0	0x378
0x379	0x0	0x379
0x37a	0x0	0x37a
0x37b	0x0	0x37b
0x37c	0x0	0x37c
0x37d	0x0	0x37d
0x37e	0x0	0x37e
0x37f	0x0	0x37f
0x380	0x0	0x380
0x381	0x0	0x381
0x382	0x0	0x382
0x383	0x0	0x383
0x384	0x0	0x384
0x385	0x0	0x385
0x386	0x0	0x386
0x387	0x0	0x387
0x388	0x0	0x388
0x389	0x0	0x389
0x38a	0x0	0x38a
0x38b	0x0	0x38b
0x393	0x0	0x393
0x394	0x0	0x394
0x395	0x0	0x395
0x396	0x0	0x396
0x39d	0x0	0x39d
0x39e	0x0	0x39e
0x39f	0x0	0x39f
0x3a0	0x0	0x3a0
0x3a1	0x0	0x3a1
0x3a2	0x0	0x3a2
0x3a3	0x0	0x3a3
0x3a4	0x0	0x3a4
0x3a5	0x0	0x3a5
0x3a6	0x0	0x3a6
0x3a7	0x0	0x3a7
0x3a8	0x0	0x3a8
0x3a9	0x0	0x3a9
0x3aa	0x0	0x3aa
0x3ab	0x0	0x3ab
0x3ac	0x0	0x3ac
0x3ad	0x0	0x3ad
0x3ae	0x0	0x3ae
0x3af	0x0	0x3af
0x3b0	0x0	0x3b0
0x3b1	0x0	0x3b1
0x3b2	0x0	0x3b2
0x3b3	0x0	0x3b3
0x3b4	0x0	0x3b4
0x3b5	0x0	0x3b5
0x3b6	0x0	0x3b6
0x3b7	0x0	0x3b7
0x3ba	0x0	0x3ba
0x3bb	0x0	0x3bb
0x3bc	0x0	0x3bc
0x3bd	0x0	0x3bd
0x3be	0x0	0x3be
0x3bf	0x0	0x3bf
0x3c0	0x0	0x3c0
0x3c1	0x0	0x3c1
0x3c2	0x0	0x3c2
0x3c3	0x0	0x3c3
0x3c4	0x0	0x3c4
0x3c5	0x0	0x3c5
0x3c6	0x0	0x3c6
0x3c7	0x0	0x3c7
0x3c8	0x0	0x3c8
0x3c9	0x0	0x3c9
0x3ca	0x0	0x3ca
0x3cb	0x0	0x3cb
0x3cc	0x0	0x3cc
0x3cd	0x0	0x3cd
0x3d1	0x0	0x3d1
0x3d2	0x0	0x3d2
0x3d3	0x0	0x3d3
0x3d4	0x0	0x3d4
0x3d5	0x0	0x3d5
0x3d6	0x0	0x3d6
0x3d7	0x0	0x3d7
0x3d8	0x0	0x3d8
0x3d9	0x0	0x3d9
0x3da	0x0	0x3da
0x3db	0x0	0x3db
0x3dc	0x0	0x3dc
0x3dd	0x0	0x3dd
0x3de	0x0	0x3de
0x3df	0x0	0x3df
0x3e0	0x0	0x3e0
0x3e1	0x0	0x3e1
0x3e2	0x0	0x3e2
0x3e3	0x0	0x3e3
0x3e4	0x0	0x3e4
0x3e5	0x0	0x3e5
0x3e6	0x0	0x3e6
0x3ee	0x0	0x3ee
0x3ef	0x0	0x3ef
0x3f0	0x0	0x3f0
0x3f1	0x0	0x3f1
0x3f2	0x0	0x3f2
0x3fa	0x0	0x3fa
0x3fb	0x0	0x3fb
0x3fc	0x0	0x3fc
0x404	0x0	0x404
0x405	0x0	0x405
0x406	0x0	0x406
0x407	0x0	0x407
0x408	0x0	0x408
0x409	0x0	0x409
0x40a	0x0	0x40a
0x40b	0x0	0x40b
0x40c	0x0	0x40c
0x40f	0x0	0x40f
0x410	0x0	0x410
0x411	0x0	0x411
0x412	0x0	0x412
0x413	0x0	0x413
0x416	0x0	0x416
0x417	0x0	0x417
0x418	0x0	0x418
0x419	0x0	0x419
0x41a	0x0	0x41a
0x41b	0x0	0x41b
0x41c	0x0	0x41c
0x41d	0x0	0x41d
0x41e	0x0	0x41e
0x41f	0x0	0x41f
0x420	0x0	0x420
0x421	0x0	0x421
0x422	0x0	0x422
0x423	0x0	0x423
0x424	0x0	0x424
0x425	0x0	0x425
0x426	0x0	0x426
0x427	0x0	0x427
0x428	0x0	0x428
0x42d	0x0	0x42d
0x431	0x0	0x431
0x432	0x0	0x432
0x433	0x0	0x433
0x434	0x0	0x434
0x435	0x0	0x435
0x436	0x0	0x436
0x437	0x0	0x437
0x438	0x0	0x438
0x439	0x0	0x439
0x43a	0x0	0x43a
0x43b	0x0	0x43b
0x43c	0x0	0x43c
0x43d	0x0	0x43d
0x43e	0x0	0x43e
0x43f	0x0	0x43f
0x440	0x0	0x440
0x441	0x0	0x441
0x442	0x0	0x442
0x443	0x0	0x443
0x444	0x0	0x444
0x445	0x0	0x445
0x446	0x0	0x446
0x447	0x0	0x447
0x448	0x0	0x448
0x449	0x0	0x449
0x44a	0x0	0x44a
0x44b	0x0	0x44b
0x44c	0x0	0x44c
0x44d	0x0	0x44d
0x44e	0x0	0x44e
0x44f	0x0	0x44f
0x450	0x0	0x450
0x451	0x0	0x451
0x452	0x0	0x452
0x45a	0x0	0x45a
0x45b	0x0	0x45b
0x45c	0x0	0x45c
0x45d	0x0	0x45d
0x45e	0x0	0x45e
0x45f	0x0	0x45f
0x460	0x0	0x460
0x461	0x0	0x461
0x462	0x0	0x462
0x463	0x0	0x463
0x464	0x0	0x464
0x465	0x0	0x465
0x466	0x0	0x466
0x467	0x0	0x467
0x468	0x0	0x468
0x470	0x0	0x470
0x471	0x0	0x471
0x477	0x0	0x477
0x478	0x0	0x478
0x479	0x0	0x479
0x47a	0x0	0x47a
0x47b	0x0	0x47b
0x47f	0x0	0x47f
0x480	0x0	0x480
0x481	0x0	0x481
0x482	0x0	0x482
0x483	0x0	0x483
0x484	0x0	0x484
0x485	0x0	0x485
0x486	0x0	0x486
0x487	0x0	0x487
0x488	0x0	0x488
0x489	0x0	0x489
0x48a	0x0	0x48a
0x48b	0x0	0x48b
0x48c	0x0	0x48c
0x48d	0x0	0x48d
0x48e	0x0	0x48e
0x48f	0x0	0x48f
0x490	0x0	0x490
0x491	0x0	0x491
0x492	0x0	0x492
0x493	0x0	0x493
0x494	0x0	0x494
0x495	0x0	0x495
0x496	0x0	0x496
0x497	0x0	0x497
0x498	0x0	0x498
0x499	0x0	0x499
0x49a	0x0	0x49a
0x49b	0x0	0x49b
0x49c	0x0	0x49c
0x4a4	0x0	0x4a4
0x4a5	0x0	0x4a5
0x4a6	0x0	0x4a6
0x4a7	0x0	0x4a7
0x4a8	0x0	0x4a8
0x4a9	0x0	0x4a9
0x4ac	0x0	0x4ac
0x4ad	0x0	0x4ad
0x4ae	0x0	0x4ae
0x4af	0x0	0x4af
0x4b0	0x0	0x4b0
0x4b1	0x0	0x4b1
0x4b2	0x0	0x4b2
0x4ba	0x0	0x4ba
0x4bb	0x0	0x4bb
0x4c2	0x0	0x4c2
0x4c5	0x0	0x4c5
0x4c6	0x0	0x4c6
0x4c7	0x0	0x4c7
0x4c8	0x0	0x4c8
0x4c9	0x0	0x4c9
0x4cc	0x0	0x4cc
0x4cd	0x0	0x4cd
0x4ce	0x0	0x4ce
0x4cf	0x0	0x4cf
0x4d0	0x0	0x4d0
0x4d1	0x0	0x4d1
0x4d2	0x0	0x4d2
0x4d3	0x0	0x4d3
0x4d4	0x0	0x4d4
0x4d5	0x0	0x4d5
0x4d6	0x0	0x4d6
0x4d7	0x0	0x4d7
0x4d8	0x0	0x4d8
0x4d9	0x0	0x4d9
0x4dc	0x0	0x4dc
0x4dd	0x0	0x4dd
0x4e1	0x0	0x4e1
0x4e5	0x0	0x4e5
0x4e6	0x0	0x4e6
0x4e7	0x0	0x4e7
0x4e8	0x0	0x4e8
0x4e9	0x0	0x4e9
0x4ea	0x0	0x4ea
0x4eb	0x0	0x4eb
0x4ef	0x0	0x4ef
0x4f0	0x0	0x4f0
0x4f1	0x0	0x4f1
0x4f2	0x0	0x4f2
0x4f3	0x0	0x4f3
0x4f4	0x0	0x4f4
0x4fc	0x0	0x4fc
0x4fd	0x0	0x4fd
0x4fe	0x0	0x4fe
0x4ff	0x0	0x4ff
0x500	0x0	0x500
0x501	0x0	0x501
0x502	0x0	0x502
0x503	0x0	0x503
0x504	0x0	0x504
0x505	0x0	0x505
0x506	0x0	0x506
0x507	0x0	0x507
0x50b	0x0	0x50b
0x50c	0x0	0x50c
0x50d	0x0	0x50d
0x50e	0x0	0x50e
0x50f	0x0	0x50f
0x510	0x0	0x510
0x511	0x0	0x511
0x512	0x0	0x512
0x513	0x0	0x513
0x514	0x0	0x514
0x517	0x0	0x517
0x518	0x0	0x518
0x519	0x0	0x519
0x51a	0x0	0x51a
0x51b	0x0	0x51b
0x51e	0x0	0x51e
0x51f	0x0	0x51f
0x520	0x0	0x520
0x521	0x0	0x521
0x522	0x0	0x522
0x523	0x0	0x523
0x524	0x0	0x524
0x525	0x0	0x525
0x526	0x0	0x526
0x527	0x0	0x527
0x528	0x0	0x528
0x529	0x0	0x529
0x52a	0x0	0x52a
0x52b	0x0	0x52b
0x52c	0x0	0x52c
0x52d	0x0	0x52d
0x52e	0x0	0x52e
0x52f	0x0	0x52f
0x530	0x0	0x530
0x531	0x0	0x531
0x532	0x0	0x532
0x533	0x0	0x533
0x534	0x0	0x534
0x535	0x0	0x535
0x536	0x0	0x536
0x537	0x0	0x537
0x538	0x0	0x538
0x539	0x0	0x539
0x53a	0x0	0x53a
0x53b	0x0	0x53b
0x53c	0x0	0x53c
0x544	0x0	0x544
0x545	0x0	0x545
0x546	0x0	0x546
0x547	0x0	0x547
0x548	0x0	0x548
0x54b	0x0	0x54b
0x54c	0x0	0x54c
0x54d	0x0	0x54d
0x54e	0x0	0x54e
0x54f	0x0	0x54f
0x550	0x0	0x550
0x551	0x0	0x551
0x552	0x0	0x552
0x55a	0x0	0x55a
0x55b	0x0	0x55b
0x55c	0x0	0x55c
0x55d	0x0	0x55d
0x55e	0x0	0x55e
0x55f	0x0	0x55f
0x560	0x0	0x560
0x561	0x0	0x561
0x562	0x0	0x562
0x563	0x0	0x563
0x564	0x0	0x564
0x565	0x0	0x565
0x566	0x0	0x566
0x567	0x0	0x567
0x568	0x0	0x568
0x569	0x0	0x569
0x56a	0x0	0x56a
0x56b	0x0	0x56b
0x56c	0x0	0x56c
0x56d	0x0	0x56d
0x56e	0x0	0x56e
0x56f	0x0	0x56f
0x570	0x0	0x570
0x571	0x0	0x571
0x575	0x0	0x575
0x576	0x0	0x576
0x577	0x0	0x577
0x578	0x0	0x578
0x579	0x0	0x579
0x57a	0x0	0x57a
0x57b	0x0	0x57b
0x57c	0x0	0x57c
0x57d	0x0	0x57d
0x57e	0x0	0x57e
0x57f	0x0	0x57f
0x580	0x0	0x580
0x581	0x0	0x581
0x582	0x0	0x582
0x583	0x0	0x583
0x584	0x0	0x584
0x585	0x0	0x585
0x586	0x0	0x586
0x587	0x0	0x587
0x588	0x0	0x588
0x589	0x0	0x589
0x58a	0x0	0x58a
0x58b	0x0	0x58b
0x58c	0x0	0x58c
0x58d	0x0	0x58d
0x58e	0x0	0x58e
0x58f	0x0	0x58f
0x590	0x0	0x590
0x591	0x0	0x591
0x592	0x0	0x592
0x593	0x0	0x593
0x594	0x0	0x594
0x595	0x0	0x595
0x596	0x0	0x596
0x59e	0x0	0x59e
0x59f	0x0	0x59f
0x5a0	0x0	0x5a0
0x5a1	0x0	0x5a1
0x5a2	0x0	0x5a2
0x5a8	0x0	0x5a8
0x5a9	0x0	0x5a9
0x5aa	0x0	0x5aa
0x5ab	0x0	0x5ab
0x5ac	0x0	0x5ac
0x5b4	0x0	0x5b4
0x5b5	0x0	0x5b5
0x5b6	0x0	0x5b6
0x5b7	0x0	0x5b7
0x5b8	0x0	0x5b8
0x5b9	0x0	0x5b9
0x5ba	0x0	0x5ba
0x5bb	0x0	0x5bb
0x5bc	0x0	0x5bc
0x5bf	0x0	0x5bf
0x5c0	0x0	0x5c0
0x5c1	0x0	0x5c1
0x5c2	0x0	0x5c2
0x5c3	0x0	0x5c3
0x5c6	0x0	0x5c6
0x5c7	0x0	0x5c7
0x5c8	0x0	0x5c8
0x5c9	0x0	0x5c9
0x5ca	0x0	0x5ca
0x5cb	0x0	0x5cb
0x5cc	0x0	0x5cc
0x5cd	0x0	0x5cd
0x5ce	0x0	0x5ce
0x5cf	0x0	0x5cf
0x5d0	0x0	0x5d0
0x5d1	0x0	0x5d1
0x5d2	0x0	0x5d2
0x5d3	0x0	0x5d3
0x5d4	0x0	0x5d4
0x5d5	0x0	0x5d5
0x5d6	0x0	0x5d6
0x5d7	0x0	0x5d7
0x5d8	0x0	0x5d8
0x5d9	0x0	0x5d9
0x5da	0x0	0x5da
0x5db	0x0	0x5db
0x5dc	0x0	0x5dc
0x5dd	0x0	0x5dd
0x5de	0x0	0x5de
0x5df	0x0	0x5df
0x5e0	0x0	0x5e0
0x5e1	0x0	0x5e1
0x5e2	0x0	0x5e2
0x5e3	0x0	0x5e3
0x5e6	0x0	0x5e6
0x5e7	0x0	0x5e7
0x5e8	0x0	0x5e8
0x5e9	0x0	0x5e9
0x5ed	0x0	0x5ed
0x5ee	0x0	0x5ee
0x5ef	0x0	0x5ef
0x5f0	0x0	0x5f0
0x5f1	0x0	0x5f1
0x5f2	0x0	0x5f2
0x5f3	0x0	0x5f3
0x5f4	0x0	0x5f4
0x5f5	0x0	0x5f5
0x5f6	0x0	0x5f6
0x5f7	0x0	0x5f7
0x5f8	0x0	0x5f8
0x5f9	0x0	0x5f9
0x5fa	0x0	0x5fa
0x5fb	0x0	0x5fb
0x5fc	0x0	0x5fc
0x5fd	0x0	0x5fd
0x5fe	0x0	0x5fe
0x5ff	0x0	0x5ff
0x600	0x0	0x600
0x601	0x0	0x601
0x602	0x0	0x602
0x603	0x0	0x603
0x604	0x0	0x604
0x605	0x0	0x605
0x606	0x0	0x606
0x607	0x0	0x607
0x608	0x0	0x608
0x609	0x0	0x609
0x60a	0x0	0x60a
0x60b	0x0	0x60b
0x60c	0x0	0x60c
0x60d	0x0	0x60d
0x60e	0x0	0x60e
0x616	0x0	0x616
0x617	0x0	0x617
0x618	0x0	0x618
0x619	0x0	0x619
0x61a	0x0	0x61a
0x61b	0x0	0x61b
0x61c	0x0	0x61c
0x61d	0x0	0x61d
0x61e	0x0	0x61e
0x61f	0x0	0x61f
0x620	0x0	0x620
0x621	0x0	0x621
0x622	0x0	0x622
0x623	0x0	0x623
0x624	0x0	0x624
0x62c	0x0	0x62c
0x62d	0x0	0x62d
0x631	0x0	0x631
0x635	0x0	0x635
0x636	0x0	0x636
0x637	0x0	0x637
0x63b	0x0	0x63b
0x63c	0x0	0x63c
0x63d	0x0	0x63d
0x63e	0x0	0x63e
0x63f	0x0	0x63f
0x640	0x0	0x640
0x648	0x0	0x648
0x649	0x0	0x649
0x64a	0x0	0x64a
0x64b	0x0	0x64b
0x64c	0x0	0x64c
0x64d	0x0	0x64d
0x64e	0x0	0x64e
0x64f	0x0	0x64f
0x650	0x0	0x650
0x651	0x0	0x651
0x652	0x0	0x652
0x653	0x0	0x653
0x654	0x0	0x654
0x655	0x0	0x655
0x656	0x0	0x656
0x657	0x0	0x657
0x658	0x0	0x658
0x659	0x0	0x659
0x65a	0x0	0x65a
0x65b	0x0	0x65b
0x65c	0x0	0x65c
0x65d	0x0	0x65d
0x65e	0x0	0x65e
0x65f	0x0	0x65f
0x660	0x0	0x660
0x668	0x0	0x668
0x669	0x0	0x669
0x66a	0x0	0x66a
0x66b	0x0	0x66b
0x66c	0x0	0x66c
0x66d	0x0	0x66d
0x672	0x0	0x672
0x673	0x0	0x673
0x674	0x0	0x674
0x675	0x0	0x675
0x676	0x0	0x676
0x67e	0x0	0x67e
0x67f	0x0	0x67f
0x686	0x0	0x686
0x687	0x0	0x687
0x688	0x0	0x688
0x689	0x0	0x689
0x68d	0x0	0x68d
0x691	0x0	0x691
0x692	0x0	0x692
0x693	0x0	0x693
0x694	0x0	0x694
0x695	0x0	0x695
0x696	0x0	0x696
0x697	0x0	0x697
0x698	0x0	0x698
0x699	0x0	0x699
0x69a	0x0	0x69a
0x69b	0x0	0x69b
0x69c	0x0	0x69c
0x69d	0x0	0x69d
0x69e	0x0	0x69e
0x69f	0x0	0x69f
0x6a0	0x0	0x6a0
0x6a8	0x0	0x6a8
0x6a9	0x0	0x6a9
0x6b0	0x0	0x6b0
0x6b1	0x0	0x6b1
0x6b2	0x0	0x6b2
0x6b3	0x0	0x6b3
0x6b7	0x0	0x6b7
0x6b8	0x0	0x6b8
0x6b9	0x0	0x6b9
0x6bd	0x0	0x6bd
0x6c1	0x0	0x6c1
0x6c2	0x0	0x6c2
0x6c3	0x0	0x6c3
0x6c4	0x0	0x6c4
0x6c5	0x0	0x6c5
0x6c6	0x0	0x6c6
0x6c7	0x0	0x6c7
0x6c8	0x0	0x6c8
0x6c9	0x0	0x6c9
0x6ca	0x0	0x6ca
0x6cb	0x0	0x6cb
0x6cc	0x0	0x6cc
0x6cd	0x0	0x6cd
0x6ce	0x0	0x6ce
0x6cf	0x0	0x6cf
0x6d0	0x0	0x6d0
0x6d8	0x0	0x6d8
0x6d9	0x0	0x6d9
0x6e0	0x0	0x6e0
0x6e1	0x0	0x6e1
0x6e2	0x0	0x6e2
0x6e3	0x0	0x6e3
0x6e7	0x0	0x6e7
0x6eb	0x0	0x6eb
0x6ec	0x0	0x6ec
0x6ed	0x0	0x6ed
0x6ee	0x0	0x6ee
0x6ef	0x0	0x6ef
0x6f0	0x0	0x6f0
0x6f1	0x0	0x6f1
0x6f8	0x0	0x6f8
0x6f9	0x0	0x6f9
0x6fa	0x0	0x6fa
0x702	0x0	0x702
0x703	0x0	0x703
0x708	0x0	0x708
0x709	0x0	0x709
0x70a	0x0	0x70a
0x70b	0x0	0x70b
0x70c	0x0	0x70c
0x70d	0x0	0x70d
0x711	0x0	0x711
0x712	0x0	0x712
0x713	0x0	0x713
0x714	0x0	0x714
0x715	0x0	0x715
0x716	0x0	0x716
0x717	0x0	0x717
0x718	0x0	0x718
0x719	0x0	0x719
0x71a	0x0	0x71a
0x71b	0x0	0x71b
0x71c	0x0	0x71c
0x71d	0x0	0x71d
0x71e	0x0	0x71e
0x71f	0x0	0x71f
0x720	0x0	0x720
0x721	0x0	0x721
0x722	0x0	0x722
0x723	0x0	0x723
0x724	0x0	0x724
0x725	0x0	0x725
0x726	0x0	0x726
0x727	0x0	0x727
0x728	0x0	0x728
0x729	0x0	0x729
0x72a	0x0	0x72a
0x72b	0x0	0x72b
0x72c	0x0	0x72c
0x72d	0x0	0x72d
0x72e	0x0	0x72e
0x72f	0x0	0x72f
0x730	0x0	0x730
0x731	0x0	0x731
0x732	0x0	0x732
0x733	0x0	0x733
0x734	0x0	0x734
0x735	0x0	0x735
0x736	0x0	0x736
0x737	0x0	0x737
0x738	0x0	0x738
0x739	0x0	0x739
0x73a	0x0	0x73a
0x73b	0x0	0x73b
0x73c	0x0	0x73c
0x73d	0x0	0x73d
0x73e	0x0	0x73e
0x73f	0x0	0x73f
0x740	0x0	0x740
0x741	0x0	0x741
0x742	0x0	0x742
0x743	0x0	0x743
0x744	0x0	0x744
0x745	0x0	0x745
0x746	0x0	0x746
0x747	0x0	0x747
0x748	0x0	0x748
0x749	0x0	0x749
0x74a	0x0	0x74a
0x74b	0x0	0x74b
0x74c	0x0	0x74c
0x74d	0x0	0x74d
0x74e	0x0	0x74e
0x74f	0x0	0x74f
0x750	0x0	0x750
0x751	0x0	0x751
0x752	0x0	0x752
0x753	0x0	0x753
0x754	0x0	0x754
0x755	0x0	0x755
0x759	0x0	0x759
0x75a	0x0	0x75a
0x75b	0x0	0x75b
0x75c	0x0	0x75c
0x75d	0x0	0x75d
0x75e	0x0	0x75e
0x75f	0x0	0x75f
0x760	0x0	0x760
0x761	0x0	0x761
0x762	0x0	0x762
0x766	0x0	0x766
0x767	0x0	0x767
0x768	0x0	0x768
0x769	0x0	0x769
0x76a	0x0	0x76a
0x76b	0x0	0x76b
0x76c	0x0	0x76c
0x76d	0x0	0x76d
0x76e	0x0	0x76e
0x76f	0x0	0x76f
0x770	0x0	0x770
0x771	0x0	0x771
0x772	0x0	0x772
0x773	0x0	0x773
0x774	0x0	0x774
0x775	0x0	0x775
0x776	0x0	0x776
0x777	0x0	0x777
0x77b	0x0	0x77b
0x77c	0x0	0x77c
0x77d	0x0	0x77d
0x77e	0x0	0x77e
0x77f	0x0	0x77f
0x780	0x0	0x780
0x781	0x0	0x781
0x782	0x0	0x782
0x785	0x0	0x785
0x786	0x0	0x786
0x787	0x0	0x787
0x78b	0x0	0x78b
0x78c	0x0	0x78c
0x78d	0x0	0x78d
0x78e	0x0	0x78e
0x78f	0x0	0x78f
0x790	0x0	0x790
0x791	0x0	0x791
0x792	0x0	0x792
0x793	0x0	0x793
0x794	0x0	0x794
0x795	0x0	0x795
0x796	0x0	0x796
0x797	0x0	0x797
0x798	0x0	0x798
0x799	0x0	0x799
0x79a	0x0	0x79a
0x79b	0x0	0x79b
0x79c	0x0	0x79c
0x79d	0x0	0x79d
0x79e	0x0	0x79e
0x79f	0x0	0x79f
0x7a7	0x0	0x7a7
0x7a8	0x0	0x7a8
0x7a9	0x0	0x7a9
0x7aa	0x0	0x7aa
0x7b1	0x0	0x7b1
0x7b2	0x0	0x7b2
0x7b3	0x0	0x7b3
0x7b4	0x0	0x7b4
0x7b5	0x0	0x7b5
0x7b6	0x0	0x7b6
0x7b7	0x0	0x7b7
0x7b8	0x0	0x7b8
0x7b9	0x0	0x7b9
0x7ba	0x0	0x7ba
0x7bb	0x0	0x7bb
0x7bc	0x0	0x7bc
0x7bd	0x0	0x7bd
0x7be	0x0	0x7be
0x7bf	0x0	0x7bf
0x7c0	0x0	0x7c0
0x7c1	0x0	0x7c1
0x7c2	0x0	0x7c2
0x7c3	0x0	0x7c3
0x7c4	0x0	0x7c4
0x7c5	0x0	0x7c5
0x7c6	0x0	0x7c6
0x7c7	0x0	0x7c7
0x7c8	0x0	0x7c8
0x7c9	0x0	0x7c9
0x7ca	0x0	0x7ca
0x7cb	0x0	0x7cb
0x7ce	0x0	0x7ce
0x7cf	0x0	0x7cf
0x7d0	0x0	0x7d0
0x7d1	0x0	0x7d1
0x7d2	0x0	0x7d2
0x7d3	0x0	0x7d3
0x7d4	0x0	0x7d4
0x7d5	0x0	0x7d5
0x7d6	0x0	0x7d6
0x7d7	0x0	0x7d7
0x7d8	0x0	0x7d8
0x7d9	0x0	0x7d9
0x7da	0x0	0x7da
0x7db	0x0	0x7db
0x7dc	0x0	0x7dc
0x7dd	0x0	0x7dd
0x7de	0x0	0x7de
0x7df	0x0	0x7df
0x7e0	0x0	0x7e0
0x7e1	0x0	0x7e1
0x7e5	0x0	0x7e5
0x7e6	0x0	0x7e6
0x7e7	0x0	0x7e7
0x7e8	0x0	0x7e8
0x7e9	0x0	0x7e9
0x7ea	0x0	0x7ea
0x7eb	0x0	0x7eb
0x7ec	0x0	0x7ec
0x7ed	0x0	0x7ed
0x7ee	0x0	0x7ee
0x7ef	0x0	0x7ef
0x7f0	0x0	0x7f0
0x7f1	0x0	0x7f1
0x7f2	0x0	0x7f2
0x7f3	0x0	0x7f3
0x7f4	0x0	0x7f4
0x7f5	0x0	0x7f5
0x7f6	0x0	0x7f6
0x7f7	0x0	0x7f7
0x7f8	0x0	0x7f8
0x7f9	0x0	0x7f9
0x7fa	0x0	0x7fa
0x802	0x0	0x802
0x803	0x0	0x803
0x804	0x0	0x804
0x805	0x0	0x805
0x806	0x0	0x806
0x807	0x0	0x807
0x808	0x0	0x808
0x809	0x0	0x809
0x80a	0x0	0x80a
0x80b	0x0	0x80b
0x80c	0x0	0x80c
0x80d	0x0	0x80d
0x80e	0x0	0x80e
0x80f	0x0	0x80f
0x810	0x0	0x810
0x818	0x0	0x818
0x819	0x0	0x819
0x81a	0x0	0x81a
0x81b	0x0	0x81b
0x81c	0x0	0x81c
0x81d	0x0	0x81d
0x823	0x0	0x823
0x827	0x0	0x827
0x828	0x0	0x828
0x829	0x0	0x829
0x82a	0x0	0x82a
0x82b	0x0	0x82b
0x82c	0x0	0x82c
0x82d	0x0	0x82d
0x82e	0x0	0x82e
0x82f	0x0	0x82f
0x830	0x0	0x830
0x831	0x0	0x831
0x832	0x0	0x832
0x833	0x0	0x833
0x834	0x0	0x834
0x835	0x0	0x835
0x836	0x0	0x836
0x837	0x0	0x837
0x838	0x0	0x838
0x839	0x0	0x839
0x83a	0x0	0x83a
0x83b	0x0	0x83b
0x83c	0x0	0x83c
0x83d	0x0	0x83d
0x83e	0x0	0x83e
0x83f	0x0	0x83f
0x840	0x0	0x840
0x841	0x0	0x841
0x842	0x0	0x842
0x843	0x0	0x843
0x844	0x0	0x844
0x845	0x0	0x845
0x846	0x0	0x846
0x847	0x0	0x847
0x848	0x0	0x848
0x850	0x0	0x850
0x851	0x0	0x851
0x852	0x0	0x852
0x853	0x0	0x853
0x854	0x0	0x854
0x855	0x0	0x855
0x856	0x0	0x856
0x857	0x0	0x857
0x858	0x0	0x858
0x859	0x0	0x859
0x85a	0x0	0x85a
0x85b	0x0	0x85b
0x85c	0x0	0x85c
0x85d	0x0	0x85d
0x85e	0x0	0x85e
0x866	0x0	0x866
0x867	0x0	0x867
0x86e	0x0	0x86e
0x86f	0x0	0x86f
0x870	0x0	0x870
0x871	0x0	0x871
0x872	0x0	0x872
0x873	0x0	0x873
0x874	0x0	0x874
0x875	0x0	0x875
0x876	0x0	0x876
0x877	0x0	0x877
0x878	0x0	0x878
0x879	0x0	0x879
0x87a	0x0	0x87a
0x87b	0x0	0x87b
0x87c	0x0	0x87c
0x87d	0x0	0x87d
0x87e	0x0	0x87e
0x87f	0x0	0x87f
0x880	0x0	0x880
0x881	0x0	0x881
0x882	0x0	0x882
0x883	0x0	0x883
0x884	0x0	0x884
0x885	0x0	0x885
0x886	0x0	0x886
0x887	0x0	0x887
0x888	0x0	0x888
0x889	0x0	0x889
0x88a	0x0	0x88a
0x88b	0x0	0x88b
0x893	0x0	0x893
0x894	0x0	0x894
0x895	0x0	0x895
0x896	0x0	0x896
0x897	0x0	0x897
0x898	0x0	0x898
0x899	0x0	0x899
0x89a	0x0	0x89a
0x89b	0x0	0x89b
0x89c	0x0	0x89c
0x89d	0x0	0x89d
0x89e	0x0	0x89e
0x89f	0x0	0x89f
0x8a0	0x0	0x8a0
0x8a1	0x0	0x8a1
0x8a2	0x0	0x8a2
0x8a3	0x0	0x8a3
0x8a4	0x0	0x8a4
0x8a5	0x0	0x8a5
0x8a6	0x0	0x8a6
0x8a7	0x0	0x8a7
0x8a8	0x0	0x8a8
0x8a9	0x0	0x8a9
0x8aa	0x0	0x8aa
0x8ab	0x0	0x8ab
0x8ac	0x0	0x8ac
0x8ad	0x0	0x8ad
0x8ae	0x0	0x8ae
0x8af	0x0	0x8af
0x8b0	0x0	0x8b0
0x8b1	0x0	0x8b1
0x8b2	0x0	0x8b2
0x8b3	0x0	0x8b3
0x8b4	0x0	0x8b4
0x8b5	0x0	0x8b5
0x8b6	0x0	0x8b6
0x8b7	0x0	0x8b7
0x8b8	0x0	0x8b8
0x8b9	0x0	0x8b9
0x8ba	0x0	0x8ba
0x8bb	0x0	0x8bb
0x8bc	0x0	0x8bc
0x8bd	0x0	0x8bd
0x8be	0x0	0x8be
0x8bf	0x0	0x8bf
0x8c0	0x0	0x8c0
0x8c1	0x0	0x8c1
0x8c2	0x0	0x8c2
0x8c3	0x0	0x8c3
0x8c4	0x0	0x8c4
0x8c5	0x0	0x8c5
0x8c6	0x0	0x8c6
0x8c7	0x0	0x8c7
0x8c8	0x0	0x8c8
0x8c9	0x0	0x8c9
0x8ca	0x0	0x8ca
0x8cb	0x0	0x8cb
0x8cc	0x0	0x8cc
0x8cd	0x0	0x8cd
0x8ce	0x0	0x8ce
0x8cf	0x0	0x8cf
0x8d0	0x0	0x8d0
0x8d1	0x0	0x8d1
0x8d2	0x0	0x8d2
0x8d3	0x0	0x8d3
0x8d4	0x0	0x8d4
0x8d5	0x0	0x8d5
0x8d6	0x0	0x8d6
0x8d7	0x0	0x8d7
0x8d8	0x0	0x8d8
0x8d9	0x0	0x8d9
0x8df	0x0	0x8df
0x8e0	0x0	0x8e0
0x8e1	0x0	0x8e1
0x8e2	0x0	0x8e2
0x8e3	0x0	0x8e3
0x8e4	0x0	0x8e4
0x8e5	0x0	0x8e5
0x8e6	0x0	0x8e6
0x8e7	0x0	0x8e7
0x8e8	0x0	0x8e8
0x8e9	0x0	0x8e9
0x8ea	0x0	0x8ea
0x8eb	0x0	0x8eb
0x8ec	0x0	0x8ec
0x8ed	0x0	0x8ed
0x8f1	0x0	0x8f1
0x8f5	0x0	0x8f5
0x8f6	0x0	0x8f6
0x8f7	0x0	0x8f7
0x8f8	0x0	0x8f8
0x8f9	0x0	0x8f9
0x8fa	0x0	0x8fa
0x8fb	0x0	0x8fb
0x8fc	0x0	0x8fc
0x8fd	0x0	0x8fd
0x8fe	0x0	0x8fe
0x8ff	0x0	0x8ff
0x900	0x0	0x900
0x901	0x0	0x901
0x902	0x0	0x902
0x903	0x0	0x903
0x904	0x0	0x904
0x90c	0x0	0x90c
0x90d	0x0	0x90d
0x90e	0x0	0x90e
0x90f	0x0	0x90f
0x910	0x0	0x910
0x911	0x0	0x911
0x912	0x0	0x912
0x913	0x0	0x913
0x914	0x0	0x914
0x917	0x0	0x917
0x918	0x0	0x918
0x919	0x0	0x919
0x91a	0x0	0x91a
0x91b	0x0	0x91b
0x91e	0x0	0x91e
0x91f	0x0	0x91f
0x920	0x0	0x920
0x921	0x0	0x921
0x922	0x0	0x922
0x923	0x0	0x923
0x924	0x0	0x924
0x925	0x0	0x925
0x926	0x0	0x926
0x927	0x0	0x927
0x928	0x0	0x928
0x929	0x0	0x929
0x92a	0x0	0x92a
0x92b	0x0	0x92b
0x92c	0x0	0x92c
0x92d	0x0	0x92d
0x92e	0x0	0x92e
0x92f	0x0	0x92f
0x935	0x0	0x935
0x939	0x0	0x939
0x93a	0x0	0x93a
0x93b	0x0	0x93b
0x93c	0x0	0x93c
0x93d	0x0	0x93d
0x93e	0x0	0x93e
0x93f	0x0	0x93f
0x940	0x0	0x940
0x941	0x0	0x941
0x942	0x0	0x942
0x943	0x0	0x943
0x944	0x0	0x944
0x945	0x0	0x945
0x946	0x0	0x946
0x947	0x0	0x947
0x948	0x0	0x948
0x949	0x0	0x949
0x94a	0x0	0x94a
0x94b	0x0	0x94b
0x94c	0x0	0x94c
0x94d	0x0	0x94d
0x94e	0x0	0x94e
0x94f	0x0	0x94f
0x950	0x0	0x950
0x951	0x0	0x951
0x952	0x0	0x952
0x953	0x0	0x953
0x954	0x0	0x954
0x955	0x0	0x955
0x956	0x0	0x956
0x957	0x0	0x957
0x958	0x0	0x958
0x959	0x0	0x959
0x95a	0x0	0x95a
0x962	0x0	0x962
0x963	0x0	0x963
0x964	0x0	0x964
0x965	0x0	0x965
0x966	0x0	0x966
0x96a	0x0	0x96a
0x96b	0x0	0x96b
0x96c	0x0	0x96c
0x96d	0x0	0x96d
0x96e	0x0	0x96e
0x96f	0x0	0x96f
0x970	0x0	0x970
0x978	0x0	0x978
0x979	0x0	0x979
0x97a	0x0	0x97a
0x97b	0x0	0x97b
0x97c	0x0	0x97c
0x97d	0x0	0x97d
0x97e	0x0	0x97e
0x97f	0x0	0x97f
0x980	0x0	0x980
0x983	0x0	0x983
0x984	0x0	0x984
0x985	0x0	0x985
0x986	0x0	0x986
0x987	0x0	0x987
0x98a	0x0	0x98a
0x98b	0x0	0x98b
0x98c	0x0	0x98c
0x98d	0x0	0x98d
0x98e	0x0	0x98e
0x98f	0x0	0x98f
0x990	0x0	0x990
0x991	0x0	0x991
0x992	0x0	0x992
0x993	0x0	0x993
0x994	0x0	0x994
0x995	0x0	0x995
0x996	0x0	0x996
0x997	0x0	0x997
0x998	0x0	0x998
0x999	0x0	0x999
0x99a	0x0	0x99a
0x99b	0x0	0x99b
0x99c	0x0	0x99c
0x99d	0x0	0x99d
0x99e	0x0	0x99e
0x99f	0x0	0x99f
0x9a0	0x0	0x9a0
0x9a1	0x0	0x9a1
0x9a9	0x0	0x9a9
0x9aa	0x0	0x9aa
0x9ab	0x0	0x9ab
0x9ac	0x0	0x9ac
0x9ad	0x0	0x9ad
0x9ae	0x0	0x9ae
0x9af	0x0	0x9af
0x9b0	0x0	0x9b0
0x9b1	0x0	0x9b1
0x9b2	0x0	0x9b2
0x9b3	0x0	0x9b3
0x9b4	0x0	0x9b4
0x9b5	0x0	0x9b5
0x9b6	0x0	0x9b6
0x9b7	0x0	0x9b7
0x9b8	0x0	0x9b8
0x9b9	0x0	0x9b9
0x9ba	0x0	0x9ba
0x9bb	0x0	0x9bb
0x9bc	0x0	0x9bc
0x9bd	0x0	0x9bd
0x9be	0x0	0x9be
0x9bf	0x0	0x9bf
0x9c0	0x0	0x9c0
0x9c1	0x0	0x9c1
0x9c2	0x0	0x9c2
0x9c3	0x0	0x9c3
0x9c4	0x0	0x9c4
0x9c5	0x0	0x9c5
0x9c6	0x0	0x9c6
0x9c7	0x0	0x9c7
0x9c8	0x0	0x9c8
0x9c9	0x0	0x9c9
0x9ca	0x0	0x9ca
0x9cb	0x0	0x9cb
0x9cc	0x0	0x9cc
0x9d4	0x0	0x9d4
0x9d5	0x0	0x9d5
0x9d6	0x0	0x9d6
0x9d7	0x0	0x9d7
0x9d8	0x0	0x9d8
0x9e0	0x0	0x9e0
0x9e1	0x0	0x9e1
0x9e2	0x0	0x9e2
0x9ea	0x0	0x9ea
0x9eb	0x0	0x9eb
0x9f1	0x0	0x9f1
0x9f2	0x0	0x9f2
0x9f5	0x0	0x9f5
0x9f6	0x0	0x9f6
0x9f7	0x0	0x9f7
0x9f8	0x0	0x9f8
0x9f9	0x0	0x9f9
0x9fc	0x0	0x9fc
0x9fd	0x0	0x9fd
0x9fe	0x0	0x9fe
0x9ff	0x0	0x9ff
0xa00	0x0	0xa00
0xa01	0x0	0xa01
0xa02	0x0	0xa02
0xa03	0x0	0xa03
0xa04	0x0	0xa04
0xa05	0x0	0xa05
0xa06	0x0	0xa06
0xa07	0x0	0xa07
0xa08	0x0	0xa08
0xa09	0x0	0xa09
0xa0e	0x0	0xa0e
0xa0f	0x0	0xa0f
0xa10	0x0	0xa10
0xa11	0x0	0xa11
0xa12	0x0	0xa12
0xa13	0x0	0xa13
0xa14	0x0	0xa14
0xa15	0x0	0xa15
0xa16	0x0	0xa16
0xa17	0x0	0xa17
0xa18	0x0	0xa18
0xa19	0x0	0xa19
0xa1a	0x0	0xa1a
0xa1b	0x0	0xa1b
0xa1c	0x0	0xa1c
0xa1d	0x0	0xa1d
0xa1e	0x0	0xa1e
0xa1f	0x0	0xa1f
0xa20	0x0	0xa20
0xa21	0x0	0xa21
0xa22	0x0	0xa22
0xa23	0x0	0xa23
0xa24	0x0	0xa24
0xa25	0x0	0xa25
0xa26	0x0	0xa26
0xa27	0x0	0xa27
0xa28	0x0	0xa28
0xa29	0x0	0xa29
0xa2a	0x0	0xa2a
0xa2b	0x0	0xa2b
0xa2c	0x0	0xa2c
0xa2d	0x0	0xa2d
0xa2e	0x0	0xa2e
0xa36	0x0	0xa36
0xa37	0x0	0xa37
0xa38	0x0	0xa38
0xa39	0x0	0xa39
0xa3a	0x0	0xa3a
0xa3b	0x0	0xa3b
0xa3c	0x0	0xa3c
0xa3d	0x0	0xa3d
0xa3e	0x0	0xa3e
0xa3f	0x0	0xa3f
0xa40	0x0	0xa40
0xa41	0x0	0xa41
0xa42	0x0	0xa42
0xa43	0x0	0xa43
0xa44	0x0	0xa44
0xa4c	0x0	0xa4c
0xa4d	0x0	0xa4d
0xa54	0x0	0xa54
0xa55	0x0	0xa55
0xa56	0x0	0xa56
0xa57	0x0	0xa57
0xa5b	0x0	0xa5b
0xa5f	0x0	0xa5f
0xa60	0x0	0xa60
0xa61	0x0	0xa61
0xa62	0x0	0xa62
0xa63	0x0	0xa63
0xa64	0x0	0xa64
0xa65	0x0	0xa65
0xa66	0x0	0xa66
0xa67	0x0	0xa67
0xa68	0x0	0xa68
0xa69	0x0	0xa69
0xa6a	0x0	0xa6a
0xa6b	0x0	0xa6b
0xa6c	0x0	0xa6c
0xa6d	0x0	0xa6d
0xa6e	0x0	0xa6e
0xa76	0x0	0xa76
0xa77	0x0	0xa77
0xa7e	0x0	0xa7e
0xa7f	0x0	0xa7f
0xa80	0x0	0xa80
0xa81	0x0	0xa81
0xa85	0x0	0xa85
0xa89	0x0	0xa89
0xa8a	0x0	0xa8a
0xa8b	0x0	0xa8b
0xa8c	0x0	0xa8c
0xa8d	0x0	0xa8d
0xa8e	0x0	0xa8e
0xa8f	0x0	0xa8f
0xa95	0x0	0xa95
0xa96	0x0	0xa96
0xa97	0x0	0xa97
0xa98	0x0	0xa98
0xaa0	0x0	0xaa0
0xaa1	0x0	0xaa1
0xaa2	0x0	0xaa2
0xaa3	0x0	0xaa3
0xaa4	0x0	0xaa4
0xaa5	0x0	0xaa5
0xaa6	0x0	0xaa6
0xaa7	0x0	0xaa7
0xaa8	0x0	0xaa8
0xaa9	0x0	0xaa9
0xaaa	0x0	0xaaa
0xaab	0x0	0xaab
0xaaf	0x0	0xaaf
0xab0	0x0	0xab0
0xab1	0x0	0xab1
0xab2	0x0	0xab2
0xab3	0x0	0xab3
0xab4	0x0	0xab4
0xab5	0x0	0xab5
0xab6	0x0	0xab6
0xab7	0x0	0xab7
0xab8	0x0	0xab8
0xabb	0x0	0xabb
0xabc	0x0	0xabc
0xabd	0x0	0xabd
0xabe	0x0	0xabe
0xabf	0x0	0xabf
0xac2	0x0	0xac2
0xac3	0x0	0xac3
0xac4	0x0	0xac4
0xac5	0x0	0xac5
0xac6	0x0	0xac6
0xac7	0x0	0xac7
0xac8	0x0	0xac8
0xac9	0x0	0xac9
0xaca	0x0	0xaca
0xacb	0x0	0xacb
0xacc	0x0	0xacc
0xacd	0x0	0xacd
0xace	0x0	0xace
0xacf	0x0	0xacf
0xad0	0x0	0xad0
0xad1	0x0	0xad1
0xad2	0x0	0xad2
0xad3	0x0	0xad3
0xad4	0x0	0xad4
0xad5	0x0	0xad5
0xad6	0x0	0xad6
0xad7	0x0	0xad7
0xad8	0x0	0xad8
0xad9	0x0	0xad9
0xada	0x0	0xada
0xadb	0x0	0xadb
0xadc	0x0	0xadc
0xadd	0x0	0xadd
0xade	0x0	0xade
0xadf	0x0	0xadf
0xae0	0x0	0xae0
0xae8	0x0	0xae8
0xae9	0x0	0xae9
0xaea	0x0	0xaea
0xaeb	0x0	0xaeb
0xaec	0x0	0xaec
0xaed	0x0	0xaed
0xaf2	0x0	0xaf2
0xaf3	0x0	0xaf3
0xaf4	0x0	0xaf4
0xaf5	0x0	0xaf5
0xaf6	0x0	0xaf6
0xafe	0x0	0xafe
0xaff	0x0	0xaff
0xb06	0x0	0xb06
0xb09	0x0	0xb09
0xb0a	0x0	0xb0a
0xb0b	0x0	0xb0b
0xb0c	0x0	0xb0c
0xb0d	0x0	0xb0d
0xb10	0x0	0xb10
0xb11	0x0	0xb11
0xb12	0x0	0xb12
0xb13	0x0	0xb13
0xb14	0x0	0xb14
0xb15	0x0	0xb15
0xb16	0x0	0xb16
0xb17	0x0	0xb17
0xb18	0x0	0xb18
0xb19	0x0	0xb19
0xb1a	0x0	0xb1a
0xb1b	0x0	0xb1b
0xb1c	0x0	0xb1c
0xb1d	0x0	0xb1d
0xb1e	0x0	0xb1e
0xb1f	0x0	0xb1f
0xb20	0x0	0xb20
0xb21	0x0	0xb21
0xb22	0x0	0xb22
0xb23	0x0	0xb23
0xb24	0x0	0xb24
0xb25	0x0	0xb25
0xb26	0x0	0xb26
0xb27	0x0	0xb27
0xb28	0x0	0xb28
0xb29	0x0	0xb29
0xb2a	0x0	0xb2a
0xb2b	0x0	0xb2b
0xb2c	0x0	0xb2c
0xb2d	0x0	0xb2d
0xb2e	0x0	0xb2e
0xb2f	0x0	0xb2f
0xb30	0x0	0xb30
0xb31	0x0	0xb31
0xb32	0x0	0xb32
0xb33	0x0	0xb33
0xb37	0x0	0xb37
0xb3b	0x0	0xb3b
0xb3c	0x0	0xb3c
0xb3d	0x0	0xb3d
0xb3e	0x0	0xb3e
0xb3f	0x0	0xb3f
0xb40	0x0	0xb40
0xb43	0x0	0xb43
0xb44	0x0	0xb44
0xb45	0x0	0xb45
0xb46	0x0	0xb46
0xb47	0x0	0xb47
0xb48	0x0	0xb48
0xb49	0x0	0xb49
0xb4a	0x0	0xb4a
0xb52	0x0	0xb52
0xb53	0x0	0xb53
0xb5a	0x0	0xb5a
0xb5d	0x0	0xb5d
0xb5e	0x0	0xb5e
0xb5f	0x0	0xb5f
0xb60	0x0	0xb60
0xb61	0x0	0xb61
0xb64	0x0	0xb64
0xb65	0x0	0xb65
0xb66	0x0	0xb66
0xb67	0x0	0xb67
0xb68	0x0	0xb68
0xb69	0x0	0xb69
0xb6a	0x0	0xb6a
0xb6b	0x0	0xb6b
0xb6c	0x0	0xb6c
0xb6d	0x0	0xb6d
0xb6e	0x0	0xb6e
0xb6f	0x0	0xb6f
0xb70	0x0	0xb70
0xb76	0x0	0xb76
0xb77	0x0	0xb77
0xb78	0x0	0xb78
0xb79	0x0	0xb79
0xb7d	0x0	0xb7d
0xb7e	0x0	0xb7e
0xb7f	0x0	0xb7f
0xb80	0x0	0xb80
0xb81	0x0	0xb81
0xb82	0x0	0xb82
0xb87	0x0	0xb87
0xb88	0x0	0xb88
0xb89	0x0	0xb89
0xb8a	0x0	0xb8a
0xb8b	0x0	0xb8b
0xb8c	0x0	0xb8c
0xb94	0x0	0xb94
0xb95	0x0	0xb95
0xb9a	0x0	0xb9a
0xb9b	0x0	0xb9b
0xb9f	0x0	0xb9f
0xba3	0x0	0xba3
0xba4	0x0	0xba4
0xba5	0x0	0xba5
0xba6	0x0	0xba6
0xba7	0x0	0xba7
0xba8	0x0	0xba8
0xba9	0x0	0xba9
0xbaa	0x0	0xbaa
0xbab	0x0	0xbab
0xbac	0x0	0xbac
0xbad	0x0	0xbad
0xbae	0x0	0xbae
0xbaf	0x0	0xbaf
0xbb0	0x0	0xbb0
0xbb1	0x0	0xbb1
0xbb2	0x0	0xbb2
0xbb3	0x0	0xbb3
0xbb4	0x0	0xbb4
0xbb5	0x0	0xbb5
0xbb6	0x0	0xbb6
0xbb7	0x0	0xbb7
0xbb8	0x0	0xbb8
0xbb9	0x0	0xbb9
0xbba	0x0	0xbba
0xbbb	0x0	0xbbb
0xbbc	0x0	0xbbc
0xbbd	0x0	0xbbd
0xbbe	0x0	0xbbe
0xbbf	0x0	0xbbf
0xbc0	0x0	0xbc0
0xbc1	0x0	0xbc1
0xbc2	0x0	0xbc2
0xbc3	0x0	0xbc3
0xbc4	0x0	0xbc4
0xbc5	0x0	0xbc5
0xbc6	0x0	0xbc6
0xbc7	0x0	0xbc7
0xbc8	0x0	0xbc8
0xbc9	0x0	0xbc9
0xbca	0x0	0xbca
0xbcb	0x0	0xbcb
0xbcc	0x0	0xbcc
0xbcd	0x0	0xbcd
0xbce	0x0	0xbce
0xbcf	0x0	0xbcf
0xbd0	0x0	0xbd0
0xbd1	0x0	0xbd1
0xbd2	0x0	0xbd2
0xbd3	0x0	0xbd3
0xbd4	0x0	0xbd4
0xbd5	0x0	0xbd5
0xbd6	0x0	0xbd6
0xbd7	0x0	0xbd7
0xbd8	0x0	0xbd8
0xbd9	0x0	0xbd9
0xbda	0x0	0xbda
0xbdb	0x0	0xbdb
0xbdc	0x0	0xbdc
0xbdd	0x0	0xbdd
0xbde	0x0	0xbde
0xbdf	0x0	0xbdf
0xbe0	0x0	0xbe0
0xbe1	0x0	0xbe1
0xbe2	0x0	0xbe2
0xbe3	0x0	0xbe3
0xbe4	0x0	0xbe4
0xbe5	0x0	0xbe5
0xbe6	0x0	0xbe6
0xbe7	0x0	0xbe7
0xbeb	0x0	0xbeb
0xbec	0x0	0xbec
0xbed	0x0	0xbed
0xbee	0x0	0xbee
0xbef	0x0	0xbef
0xbf0	0x0	0xbf0
0xbf1	0x0	0xbf1
0xbf2	0x0	0xbf2
0xbf3	0x0	0xbf3
0xbf4	0x0	0xbf4
0xbf8	0x0	0xbf8
0xbf9	0x0	0xbf9
0xbfa	0x0	0xbfa
0xbfb	0x0	0xbfb
0xbfc	0x0	0xbfc
0xbfd	0x0	0xbfd
0xbfe	0x0	0xbfe
0xbff	0x0	0xbff
0xc00	0x0	0xc00
0xc01	0x0	0xc01
0xc02	0x0	0xc02
0xc03	0x0	0xc03
0xc04	0x0	0xc04
0xc05	0x0	0xc05
0xc06	0x0	0xc06
0xc07	0x0	0xc07
0xc08	0x0	0xc08
0xc09	0x0	0xc09
0xc0d	0x0	0xc0d
0xc0e	0x0	0xc0e
0xc0f	0x0	0xc0f
0xc10	0x0	0xc10
0xc11	0x0	0xc11
0xc12	0x0	0xc12
0xc13	0x0	0xc13
0xc14	0x0	0xc14
0xc17	0x0	0xc17
0xc18	0x0	0xc18
0xc19	0x0	0xc19
0xc1d	0x0	0xc1d
0xc1e	0x0	0xc1e
0xc1f	0x0	0xc1f
0xc20	0x0	0xc20
0xc21	0x0	0xc21
0xc22	0x0	0xc22
0xc23	0x0	0xc23
0xc24	0x0	0xc24
0xc25	0x0	0xc25
0xc26	0x0	0xc26
0xc27	0x0	0xc27
0xc28	0x0	0xc28
0xc29	0x0	0xc29
0xc2a	0x0	0xc2a
0xc2b	0x0	0xc2b
0xc2c	0x0	0xc2c
0xc2d	0x0	0xc2d
0xc2e	0x0	0xc2e
0xc2f	0x0	0xc2f
0xc30	0x0	0xc30
0xc31	0x0	0xc31
0xc39	0x0	0xc39
0xc3a	0x0	0xc3a
0xc3b	0x0	0xc3b
0xc3c	0x0	0xc3c
0xc43	0x0	0xc43
0xc44	0x0	0xc44
0xc45	0x0	0xc45
0xc46	0x0	0xc46
0xc47	0x0	0xc47
0xc48	0x0	0xc48
0xc49	0x0	0xc49
0xc4a	0x0	0xc4a
0xc4b	0x0	0xc4b
0xc4c	0x0	0xc4c
0xc4d	0x0	0xc4d
0xc4e	0x0	0xc4e
0xc4f	0x0	0xc4f
0xc50	0x0	0xc50
0xc51	0x0	0xc51
0xc52	0x0	0xc52
0xc53	0x0	0xc53
0xc54	0x0	0xc54
0xc55	0x0	0xc55
0xc56	0x0	0xc56
0xc57	0x0	0xc57
0xc58	0x0	0xc58
0xc59	0x0	0xc59
0xc5a	0x0	0xc5a
0xc5b	0x0	0xc5b
0xc5c	0x0	0xc5c
0xc5d	0x0	0xc5d
0xc60	0x0	0xc60
0xc61	0x0	0xc61
0xc62	0x0	0xc62
0xc63	0x0	0xc63
0xc64	0x0	0xc64
0xc65	0x0	0xc65
0xc66	0x0	0xc66
0xc67	0x0	0xc67
0xc68	0x0	0xc68
0xc69	0x0	0xc69
0xc6a	0x0	0xc6a
0xc6b	0x0	0xc6b
0xc6c	0x0	0xc6c
0xc6d	0x0	0xc6d
0xc6e	0x0	0xc6e
0xc6f	0x0	0xc6f
0xc70	0x0	0xc70
0xc71	0x0	0xc71
0xc72	0x0	0xc72
0xc73	0x0	0xc73
0xc77	0x0	0xc77
0xc78	0x0	0xc78
0xc79	0x0	0xc79
0xc7a	0x0	0xc7a
0xc7b	0x0	0xc7b
0xc7c	0x0	0xc7c
0xc7d	0x0	0xc7d
0xc7e	0x0	0xc7e
0xc7f	0x0	0xc7f
0xc80	0x0	0xc80
0xc81	0x0	0xc81
0xc82	0x0	0xc82
0xc83	0x0	0xc83
0xc84	0x0	0xc84
0xc85	0x0	0xc85
0xc86	0x0	0xc86
0xc87	0x0	0xc87
0xc88	0x0	0xc88
0xc89	0x0	0xc89
0xc8a	0x0	0xc8a
0xc8b	0x0	0xc8b
0xc8c	0x0	0xc8c
0xc94	0x0	0xc94
0xc95	0x0	0xc95
0xc96	0x0	0xc96
0xc97	0x0	0xc97
0xc98	0x0	0xc98
0xc99	0x0	0xc99
0xc9a	0x0	0xc9a
0xc9b	0x0	0xc9b
0xc9c	0x0	0xc9c
0xc9d	0x0	0xc9d
0xc9e	0x0	0xc9e
0xc9f	0x0	0xc9f
0xca0	0x0	0xca0
0xca1	0x0	0xca1
0xca2	0x0	0xca2
0xcaa	0x0	0xcaa
0xcab	0x0	0xcab
0xcb2	0x0	0xcb2
0xcb5	0x0	0xcb5
0xcb6	0x0	0xcb6
0xcb7	0x0	0xcb7
0xcb8	0x0	0xcb8
0xcb9	0x0	0xcb9
0xcbc	0x0	0xcbc
0xcbd	0x0	0xcbd
0xcbe	0x0	0xcbe
0xcbf	0x0	0xcbf
0xcc0	0x0	0xcc0
0xcc1	0x0	0xcc1
0xcc2	0x0	0xcc2
0xcc3	0x0	0xcc3
0xcc4	0x0	0xcc4
0xcc5	0x0	0xcc5
0xcc6	0x0	0xcc6
0xcc7	0x0	0xcc7
0xcc8	0x0	0xcc8
0xcc9	0x0	0xcc9
0xcca	0x0	0xcca
0xccb	0x0	0xccb
0xccc	0x0	0xccc
0xccd	0x0	0xccd
0xcce	0x0	0xcce
0xccf	0x0	0xccf
0xcd0	0x0	0xcd0
0xcd1	0x0	0xcd1
0xcd2	0x0	0xcd2
0xcd3	0x0	0xcd3
0xcd4	0x0	0xcd4
0xcd5	0x0	0xcd5
0xcd6	0x0	0xcd6
0xcd7	0x0	0xcd7
0xcd8	0x0	0xcd8
0xcd9	0x0	0xcd9
0xcda	0x0	0xcda
0xcdb	0x0	0xcdb
0xcdc	0x0	0xcdc
0xcdd	0x0	0xcdd
0xcde	0x0	0xcde
0xcdf	0x0	0xcdf
0xce3	0x0	0xce3
0xce7	0x0	0xce7
0xce8	0x0	0xce8
0xce9	0x0	0xce9
0xcea	0x0	0xcea
0xceb	0x0	0xceb
0xcec	0x0	0xcec
0xced	0x0	0xced
0xcf2	0x0	0xcf2
0xcf3	0x0	0xcf3
0xcf4	0x0	0xcf4
0xcf5	0x0	0xcf5
0xcf6	0x0	0xcf6
0xcfe	0x0	0xcfe
0xcff	0x0	0xcff
0xd06	0x0	0xd06
0xd09	0x0	0xd09
0xd0a	0x0	0xd0a
0xd0b	0x0	0xd0b
0xd0c	0x0	0xd0c
0xd0d	0x0	0xd0d
0xd10	0x0	0xd10
0xd11	0x0	0xd11
0xd12	0x0	0xd12
0xd13	0x0	0xd13
0xd14	0x0	0xd14
0xd15	0x0	0xd15
0xd16	0x0	0xd16
0xd17	0x0	0xd17
0xd18	0x0	0xd18
0xd19	0x0	0xd19
0xd1a	0x0	0xd1a
0xd1b	0x0	0xd1b
0xd1c	0x0	0xd1c
0xd22	0x0	0xd22
0xd23	0x0	0xd23
0xd24	0x0	0xd24
0xd25	0x0	0xd25
0xd29	0x0	0xd29
0xd2a	0x0	0xd2a
0xd2b	0x0	0xd2b
0xd2c	0x0	0xd2c
0xd2d	0x0	0xd2d
0xd2e	0x0	0xd2e
0xd2f	0x0	0xd2f
0xd35	0x0	0xd35
0xd36	0x0	0xd36
0xd37	0x0	0xd37
0xd38	0x0	0xd38
0xd40	0x0	0xd40
0xd41	0x0	0xd41
0xd42	0x0	0xd42
0xd43	0x0	0xd43
0xd44	0x0	0xd44
0xd45	0x0	0xd45
0xd46	0x0	0xd46
0xd47	0x0	0xd47
0xd48	0x0	0xd48
0xd4b	0x0	0xd4b
0xd4c	0x0	0xd4c
0xd4d	0x0	0xd4d
0xd4e	0x0	0xd4e
0xd4f	0x0	0xd4f
0xd52	0x0	0xd52
0xd53	0x0	0xd53
0xd54	0x0	0xd54
0xd55	0x0	0xd55
0xd56	0x0	0xd56
0xd57	0x0	0xd57
0xd58	0x0	0xd58
0xd59	0x0	0xd59
0xd5a	0x0	0xd5a
0xd5b	0x0	0xd5b
0xd5c	0x0	0xd5c
0xd5d	0x0	0xd5d
0xd5e	0x0	0xd5e
0xd5f	0x0	0xd5f
0xd60	0x0	0xd60
0xd61	0x0	0xd61
0xd62	0x0	0xd62
0xd63	0x0	0xd63
0xd64	0x0	0xd64
0xd65	0x0	0xd65
0xd6c	0x0	0xd6c
0xd6d	0x0	0xd6d
0xd6e	0x0	0xd6e
0xd6f	0x0	0xd6f
0xd70	0x0	0xd70
0xd71	0x0	0xd71
0xd72	0x0	0xd72
0xd73	0x0	0xd73
0xd74	0x0	0xd74
0xd75	0x0	0xd75
0xd76	0x0	0xd76
0xd77	0x0	0xd77
0xd78	0x0	0xd78
0xd79	0x0	0xd79
0xd7a	0x0	0xd7a
0xd7b	0x0	0xd7b
0xd7c	0x0	0xd7c
0xd7d	0x0	0xd7d
0xd7e	0x0	0xd7e
0xd7f	0x0	0xd7f
0xd80	0x0	0xd80
0xd81	0x0	0xd81
0xd82	0x0	0xd82
0xd83	0x0	0xd83
0xd84	0x0	0xd84
0xd85	0x0	0xd85
0xd86	0x0	0xd86
0xd87	0x0	0xd87
0xd88	0x0	0xd88
0xd89	0x0	0xd89
0xd8a	0x0	0xd8a
0xd8b	0x0	0xd8b
0xd8c	0x0	0xd8c
0xd8d	0x0	0xd8d
0xd8e	0x0	0xd8e
0xd96	0x0	0xd96
0xd97	0x0	0xd97
0xd98	0x0	0xd98
0xd99	0x0	0xd99
0xd9a	0x0	0xd9a
0xda0	0x0	0xda0
0xda1	0x0	0xda1
0xda2	0x0	0xda2
0xda3	0x0	0xda3
0xda4	0x0	0xda4
0xdac	0x0	0xdac
0xdad	0x0	0xdad
0xdae	0x0	0xdae
0xdaf	0x0	0xdaf
0xdb0	0x0	0xdb0
0xdb1	0x0	0xdb1
0xdb2	0x0	0xdb2
0xdb3	0x0	0xdb3
0xdb8	0x0	0xdb8
0xdb9	0x0	0xdb9
0xdba	0x0	0xdba
0xdbb	0x0	0xdbb
0xdbc	0x0	0xdbc
0xdbd	0x0	0xdbd
0xdbe	0x0	0xdbe
0xdbf	0x0	0xdbf
0xdc0	0x0	0xdc0
0xdc1	0x0	0xdc1
0xdc2	0x0	0xdc2
0xdc3	0x0	0xdc3
0xdc4	0x0	0xdc4
0xdc5	0x0	0xdc5
0xdc6	0x0	0xdc6
0xdc7	0x0	0xdc7
0xdc8	0x0	0xdc8
0xdc9	0x0	0xdc9
0xdca	0x0	0xdca
0xdcb	0x0	0xdcb
0xdcc	0x0	0xdcc
0xdcd	0x0	0xdcd
0xdce	0x0	0xdce
0xdcf	0x0	0xdcf
0xdd0	0x0	0xdd0
0xdd1	0x0	0xdd1
0xdd2	0x0	0xdd2
0xdd3	0x0	0xdd3
0xdd4	0x0	0xdd4
0xdd5	0x0	0xdd5
0xdd6	0x0	0xdd6
0xdd7	0x0	0xdd7
0xdd8	0x0	0xdd8
0xdd9	0x0	0xdd9
0xdda	0x0	0xdda
0xddb	0x0	0xddb
0xddc	0x0	0xddc
0xde4	0x0	0xde4
0xde5	0x0	0xde5
0xde6	0x0	0xde6
0xde7	0x0	0xde7
0xde8	0x0	0xde8
0xdf0	0x0	0xdf0
0xdf1	0x0	0xdf1
0xdf2	0x0	0xdf2
0xdfa	0x0	0xdfa
0xdfb	0x0	0xdfb
0xdfc	0x0	0xdfc
0xdfd	0x0	0xdfd
0xdfe	0x0	0xdfe
0xdff	0x0	0xdff
0xe00	0x0	0xe00
0xe01	0x0	0xe01
0xe02	0x0	0xe02
0xe05	0x0	0xe05
0xe06	0x0	0xe06
0xe07	0x0	0xe07
0xe08	0x0	0xe08
0xe09	0x0	0xe09
0xe0c	0x0	0xe0c
0xe0d	0x0	0xe0d
0xe0e	0x0	0xe0e
0xe0f	0x0	0xe0f
0xe10	0x0	0xe10
0xe11	0x0	0xe11
0xe12	0x0	0xe12
0xe13	0x0	0xe13
0xe14	0x0	0xe14
0xe15	0x0	0xe15
0xe16	0x0	0xe16
0xe17	0x0	0xe17
0xe18	0x0	0xe18
0xe19	0x0	0xe19
0xe1a	0x0	0xe1a
0xe1b	0x0	0xe1b
0xe1c	0x0	0xe1c
0xe1d	0x0	0xe1d
0xe1e	0x0	0xe1e
0xe1f	0x0	0xe1f
0xe25	0x0	0xe25
0xe26	0x0	0xe26
0xe27	0x0	0xe27
0xe28	0x0	0xe28
0xe29	0x0	0xe29
0xe2a	0x0	0xe2a
0xe2b	0x0	0xe2b
0xe2c	0x0	0xe2c
0xe2d	0x0	0xe2d
0xe2e	0x0	0xe2e
0xe2f	0x0	0xe2f
0xe30	0x0	0xe30
0xe31	0x0	0xe31
0xe32	0x0	0xe32
0xe33	0x0	0xe33
0xe34	0x0	0xe34
0xe35	0x0	0xe35
0xe36	0x0	0xe36
0xe37	0x0	0xe37
0xe38	0x0	0xe38
0xe39	0x0	0xe39
0xe3a	0x0	0xe3a
0xe3b	0x0	0xe3b
0xe3c	0x0	0xe3c
0xe3d	0x0	0xe3d
0xe3e	0x0	0xe3e
0xe3f	0x0	0xe3f
0xe40	0x0	0xe40
0xe41	0x0	0xe41
0xe42	0x0	0xe42
0xe43	0x0	0xe43
0xe44	0x0	0xe44
0xe45	0x0	0xe45
0xe46	0x0	0xe46
0xe47	0x0	0xe47
0xe48	0x0	0xe48
0xe50	0x0	0xe50
0xe51	0x0	0xe51
0xe52	0x0	0xe52
0xe53	0x0	0xe53
0xe54	0x0	0xe54
0xe55	0x0	0xe55
0xe56	0x0	0xe56
0xe57	0x0	0xe57
0xe58	0x0	0xe58
0xe59	0x0	0xe59
0xe5a	0x0	0xe5a
0xe5b	0x0	0xe5b
0xe5c	0x0	0xe5c
0xe5d	0x0	0xe5d
0xe5e	0x0	0xe5e
0xe66	0x0	0xe66
0xe67	0x0	0xe67
0xe6d	0x0	0xe6d
0xe6e	0x0	0xe6e
0xe71	0x0	0xe71
0xe72	0x0	0xe72
0xe73	0x0	0xe73
0xe74	0x0	0xe74
0xe75	0x0	0xe75
0xe78	0x0	0xe78
0xe79	0x0	0xe79
0xe7a	0x0	0xe7a
0xe7b	0x0	0xe7b
0xe7c	0x0	0xe7c
0xe7d	0x0	0xe7d
0xe7e	0x0	0xe7e
0xe7f	0x0	0xe7f
0xe80	0x0	0xe80
0xe81	0x0	0xe81
0xe82	0x0	0xe82
0xe83	0x0	0xe83
0xe84	0x0	0xe84
0xe85	0x0	0xe85
0xe86	0x0	0xe86
0xe87	0x0	0xe87
0xe88	0x0	0xe88
0xe89	0x0	0xe89
0xe8a	0x0	0xe8a
0xe8b	0x0	0xe8b
0xe8c	0x0	0xe8c
0xe8d	0x0	0xe8d
0xe8e	0x0	0xe8e
0xe8f	0x0	0xe8f
0xe90	0x0	0xe90
0xe94	0x0	0xe94
0xe95	0x0	0xe95
0xe99	0x0	0xe99
0xe9a	0x0	0xe9a
0xe9b	0x0	0xe9b
0xe9c	0x0	0xe9c
0xe9d	0x0	0xe9d
0xe9e	0x0	0xe9e
0xe9f	0x0	0xe9f
0xea0	0x0	0xea0
0xea1	0x0	0xea1
0xea2	0x0	0xea2
0xea3	0x0	0xea3
0xea4	0x0	0xea4
0xea5	0x0	0xea5
0xea6	0x0	0xea6
0xea7	0x0	0xea7
0xea8	0x0	0xea8
0xea9	0x0	0xea9
0xeaa	0x0	0xeaa
0xeab	0x0	0xeab
0xeac	0x0	0xeac
0xead	0x0	0xead
0xeae	0x0	0xeae
0xeaf	0x0	0xeaf
0xeb0	0x0	0xeb0
0xeb1	0x0	0xeb1
0xeb2	0x0	0xeb2
0xeb3	0x0	0xeb3
0xeb4	0x0	0xeb4
0xeb5	0x0	0xeb5
0xeb6	0x0	0xeb6
0xebe	0x0	0xebe
0xebf	0x0	0xebf
0xec0	0x0	0xec0
0xec1	0x0	0xec1
0xec2	0x0	0xec2
0xec3	0x0	0xec3
0xec4	0x0	0xec4
0xec5	0x0	0xec5
0xec6	0x0	0xec6
0xec7	0x0	0xec7
0xec8	0x0	0xec8
0xec9	0x0	0xec9
0xeca	0x0	0xeca
0xecb	0x0	0xecb
0xecc	0x0	0xecc
0xed4	0x0	0xed4
0xed5	0x0	0xed5
0xed6	0x0	0xed6
0xed7	0x0	0xed7
0xed8	0x0	0xed8
0xed9	0x0	0xed9
0xeda	0x0	0xeda
0xedb	0x0	0xedb
0xedc	0x0	0xedc
0xedd	0x0	0xedd
0xede	0x0	0xede
0xedf	0x0	0xedf
0xee3	0x0	0xee3
0xee4	0x0	0xee4
0xee5	0x0	0xee5
0xee6	0x0	0xee6
0xee7	0x0	0xee7
0xee8	0x0	0xee8
0xee9	0x0	0xee9
0xeea	0x0	0xeea
0xeeb	0x0	0xeeb
0xeec	0x0	0xeec
0xeef	0x0	0xeef
0xef0	0x0	0xef0
0xef1	0x0	0xef1
0xef2	0x0	0xef2
0xef3	0x0	0xef3
0xef6	0x0	0xef6
0xef7	0x0	0xef7
0xef8	0x0	0xef8
0xef9	0x0	0xef9
0xefa	0x0	0xefa
0xefb	0x0	0xefb
0xefc	0x0	0xefc
0xefd	0x0	0xefd
0xefe	0x0	0xefe
0xeff	0x0	0xeff
0xf00	0x0	0xf00
0xf01	0x0	0xf01
0xf02	0x0	0xf02
0xf03	0x0	0xf03
0xf04	0x0	0xf04
0xf05	0x0	0xf05
0xf06	0x0	0xf06
0xf07	0x0	0xf07
0xf08	0x0	0xf08
0xf09	0x0	0xf09
0xf0a	0x0	0xf0a
0xf0b	0x0	0xf0b
0xf0c	0x0	0xf0c
0xf0d	0x0	0xf0d
0xf0e	0x0	0xf0e
0xf0f	0x0	0xf0f
0xf10	0x0	0xf10
0xf11	0x0	0xf11
0xf12	0x0	0xf12
0xf13	0x0	0xf13
0xf14	0x0	0xf14
0xf1c	0x0	0xf1c
0xf1d	0x0	0xf1d
0xf1e	0x0	0xf1e
0xf1f	0x0	0xf1f
0xf20	0x0	0xf20
0xf21	0x0	0xf21
0xf22	0x0	0xf22
0xf23	0x0	0xf23
0xf24	0x0	0xf24
0xf25	0x0	0xf25
0xf26	0x0	0xf26
0xf27	0x0	0xf27
0xf28	0x0	0xf28
0xf29	0x0	0xf29
0xf2a	0x0	0xf2a
0xf2b	0x0	0xf2b
0xf2c	0x0	0xf2c
0xf2d	0x0	0xf2d
0xf2e	0x0	0xf2e
0xf2f	0x0	0xf2f
0xf30	0x0	0xf30
0xf31	0x0	0xf31
0xf32	0x0	0xf32
0xf33	0x0	0xf33
0xf34	0x0	0xf34
0xf35	0x0	0xf35
0xf3d	0x0	0xf3d
0xf3e	0x0	0xf3e
0xf3f	0x0	0xf3f
0xf47	0x0	0xf47
0xf48	0x0	0xf48
0xf49	0x0	0xf49
0xf4a	0x0	0xf4a
0xf4b	0x0	0xf4b
0xf4c	0x0	0xf4c
0xf4d	0x0	0xf4d
0xf4e	0x0	0xf4e
0xf4f	0x0	0xf4f
0xf50	0x0	0xf50
0xf51	0x0	0xf51
0xf52	0x0	0xf52
0xf53	0x0	0xf53
0xf54	0x0	0xf54
0xf55	0x0	0xf55
0xf56	0x0	0xf56
0xf57	0x0	0xf57
0xf58	0x0	0xf58
0xf59	0x0	0xf59
0xf5a	0x0	0xf5a
0xf5b	0x0	0xf5b
0xf5c	0x0	0xf5c
0xf5d	0x0	0xf5d
0xf5e	0x0	0xf5e
0xf5f	0x0	0xf5f
0xf60	0x0	0xf60
0xf61	0x0	0xf61
0xf62	0x0	0xf62
0xf63	0x0	0xf63
0xf64	0x0	0xf64
0xf65	0x0	0xf65
0xf66	0x0	0xf66
0xf67	0x0	0xf67
0xf68	0x0	0xf68
0xf69	0x0	0xf69
0xf6a	0x0	0xf6a
0xf6b	0x0	0xf6b
0xf6c	0x0	0xf6c
0xf6d	0x0	0xf6d
0xf6e	0x0	0xf6e
0xf6f	0x0	0xf6f
0xf70	0x0	0xf70
0xf71	0x0	0xf71
0xf72	0x0	0xf72
0xf73	0x0	0xf73
0xf74	0x0	0xf74
0xf75	0x0	0xf75
0xf76	0x0	0xf76
0xf77	0x0	0xf77
0xf78	0x0	0xf78
0xf79	0x0	0xf79
0xf7a	0x0	0xf7a
0xf7b	0x0	0xf7b
0xf7c	0x0	0xf7c
0xf7d	0x0	0xf7d
0xf7e	0x0	0xf7e
0xf7f	0x0	0xf7f
0xf80	0x0	0xf80
0xf81	0x0	0xf81
0xf82	0x0	0xf82
0xf83	0x0	0xf83
0xf84	0x0	0xf84
0xf85	0x0	0xf85
0xf89	0x0	0xf89
0xf8a	0x0	0xf8a
0xf8b	0x0	0xf8b
0xf8c	0x0	0xf8c
0xf8d	0x0	0xf8d
0xf8e	0x0	0xf8e
0xf8f	0x0	0xf8f
0xf90	0x0	0xf90
0xf91	0x0	0xf91
0xf92	0x0	0xf92
0xf93	0x0	0xf93
0xf94	0x0	0xf94
0xf95	0x0	0xf95
0xf96	0x0	0xf96
0xf97	0x0	0xf97
0xf98	0x0	0xf98
0xf99	0x0	0xf99
0xf9a	0x0	0xf9a
0xf9b	0x0	0xf9b
0xf9c	0x0	0xf9c
0xfa2	0x0	0xfa2
0xfa3	0x0	0xfa3
0xfa7	0x0	0xfa7
0xfa8	0x0	0xfa8
0xfa9	0x0	0xfa9
0xfaa	0x0	0xfaa
0xfab	0x0	0xfab
0xfac	0x0	0xfac
0xfaf	0x0	0xfaf
0xfb0	0x0	0xfb0
0xfb1	0x0	0xfb1
0xfb2	0x0	0xfb2
0xfb3	0x0	0xfb3
0xfb6	0x0	0xfb6
0xfb7	0x0	0xfb7
0xfb8	0x0	0xfb8
0xfb9	0x0	0xfb9
0xfba	0x0	0xfba
0xfc2	0x0	0xfc2
0xfc3	0x0	0xfc3
0xfc4	0x0	0xfc4
0xfcb	0x0	0xfcb
0xfcc	0x0	0xfcc
0xfcd	0x0	0xfcd
0xfce	0x0	0xfce
0xfd6	0x0	0xfd6
0xfd7	0x0	0xfd7
0xfd8	0x0	0xfd8
0xfd9	0x0	0xfd9
0xfda	0x0	0xfda
0xfdb	0x0	0xfdb
0xfdc	0x0	0xfdc
0xfdd	0x0	0xfdd
0xfde	0x0	0xfde
0xfe1	0x0	0xfe1
0xfe2	0x0	0xfe2
0xfe3	0x0	0xfe3
0xfe4	0x0	0xfe4
0xfe5	0x0	0xfe5
0xfe8	0x0	0xfe8
0xfe9	0x0	0xfe9
0xfea	0x0	0xfea
0xfeb	0x0	0xfeb
0xfec	0x0	0xfec
0xff3	0x0	0xff3
0xff4	0x0	0xff4
0xff5	0x0	0xff5
0xff6	0x0	0xff6
0xff7	0x0	0xff7
0xff8	0x0	0xff8
0xff9	0x0	0xff9
0xffa	0x0	0xffa
0xffb	0x0	0xffb
0xffc	0x0	0xffc
0xffd	0x0	0xffd
0xffe	0x0	0xffe
0xfff	0x0	0xfff
0x1000	0x0	0x1000
0x1001	0x0	0x1001
0x1002	0x0	0x1002
0x1003	0x0	0x1003
0x1004	0x0	0x1004
0x1005	0x0	0x1005
0x1006	0x0	0x1006
0x1007	0x0	0x1007
0x1008	0x0	0x1008
0x1009	0x0	0x1009
0x100a	0x0	0x100a
0x100b	0x0	0x100b
0x100c	0x0	0x100c
0x100d	0x0	0x100d
0x100e	0x0	0x100e
0x100f	0x0	0x100f
0x1010	0x0	0x1010
0x1011	0x0	0x1011
0x1012	0x0	0x1012
0x1013	0x0	0x1013
0x1014	0x0	0x1014
0x101b	0x0	0x101b
0x101e	0x0	0x101e
0x1026	0x0	0x1026
0x1027	0x0	0x1027
0x1028	0x0	0x1028
0x1029	0x0	0x1029
0x102a	0x0	0x102a
0x102b	0x0	0x102b
0x102c	0x0	0x102c
0x102d	0x0	0x102d
0x102e	0x0	0x102e
0x102f	0x0	0x102f
0x1030	0x0	0x1030
0x1031	0x0	0x1031
0x1032	0x0	0x1032
0x1033	0x0	0x1033
0x1034	0x0	0x1034
0x1035	0x0	0x1035
0x1036	0x0	0x1036
0x1039	0x0	0x1039
0x103a	0x0	0x103a
0x103b	0x0	0x103b
0x103c	0x0	0x103c
0x103d	0x0	0x103d
0x1040	0x0	0x1040
0x1041	0x0	0x1041
0x1042	0x0	0x1042
0x1043	0x0	0x1043
0x1044	0x0	0x1044
0x1045	0x0	0x1045
0x1046	0x0	0x1046
0x1047	0x0	0x1047
0x1048	0x0	0x1048
0x1049	0x0	0x1049
0x104a	0x0	0x104a
0x104b	0x0	0x104b
0x104c	0x0	0x104c
0x104d	0x0	0x104d
0x104e	0x0	0x104e
0x104f	0x0	0x104f
0x1050	0x0	0x1050
0x1051	0x0	0x1051
0x1052	0x0	0x1052
0x1053	0x0	0x1053
0x1054	0x0	0x1054
0x1055	0x0	0x1055
0x1056	0x0	0x1056
0x1057	0x0	0x1057
0x1058	0x0	0x1058
0x1059	0x0	0x1059
0x105a	0x0	0x105a
0x105b	0x0	0x105b
0x105c	0x0	0x105c
0x105d	0x0	0x105d
0x105e	0x0	0x105e
0x105f	0x0	0x105f
0x1060	0x0	0x1060
0x1061	0x0	0x1061
0x1062	0x0	0x1062
0x1063	0x0	0x1063
0x1064	0x0	0x1064
0x1065	0x0	0x1065
0x1066	0x0	0x1066
0x1067	0x0	0x1067
0x1068	0x0	0x1068
0x1069	0x0	0x1069
0x106a	0x0	0x106a
0x106b	0x0	0x106b
0x106c	0x0	0x106c
0x106d	0x0	0x106d
0x106e	0x0	0x106e
0x106f	0x0	0x106f
0x1070	0x0	0x1070
0x1071	0x0	0x1071
0x1072	0x0	0x1072
0x1073	0x0	0x1073
0x1074	0x0	0x1074
0x1075	0x0	0x1075
0x1076	0x0	0x1076
0x1077	0x0	0x1077
0x1078	0x0	0x1078
0x1079	0x0	0x1079
0x107a	0x0	0x107a
0x107b	0x0	0x107b
0x107c	0x0	0x107c
0x107d	0x0	0x107d
0x107e	0x0	0x107e
0x107f	0x0	0x107f
0x1080	0x0	0x1080
0x1081	0x0	0x1081
0x1082	0x0	0x1082
0x1083	0x0	0x1083
0x1084	0x0	0x1084
0x1085	0x0	0x1085
0x1086	0x0	0x1086
0x1087	0x0	0x1087
0x1088	0x0	0x1088
0x1089	0x0	0x1089
0x108a	0x0	0x108a
0x108b	0x0	0x108b
0x108c	0x0	0x108c
0x108d	0x0	0x108d
0x108e	0x0	0x108e
0x108f	0x0	0x108f
0x1090	0x0	0x1090
0x1091	0x0	0x1091
0x1092	0x0	0x1092
0x1093	0x0	0x1093
0x1097	0x0	0x1097
0x1098	0x0	0x1098
0x1099	0x0	0x1099
0x109a	0x0	0x109a
0x109b	0x0	0x109b
0x109c	0x0	0x109c
0x109d	0x0	0x109d
0x109e	0x0	0x109e
0x109f	0x0	0x109f
0x10a0	0x0	0x10a0
0x10a1	0x0	0x10a1
0x10a2	0x0	0x10a2
0x10a3	0x0	0x10a3
0x10a4	0x0	0x10a4
0x10a5	0x0	0x10a5
0x10a6	0x0	0x10a6
0x10ae	0x0	0x10ae
0x10b3	0x0	0x10b3
0x10b4	0x0	0x10b4
0x10bc	0x0	0x10bc
0x10bd	0x0	0x10bd
0x10be	0x0	0x10be
0x10bf	0x0	0x10bf
0x10c0	0x0	0x10c0
0x10c1	0x0	0x10c1
0x10c2	0x0	0x10c2
0x10c3	0x0	0x10c3
0x10c4	0x0	0x10c4
0x10c5	0x0	0x10c5
0x10c6	0x0	0x10c6
0x10c7	0x0	0x10c7
0x10c8	0x0	0x10c8
0x10d0	0x0	0x10d0
0x10d1	0x0	0x10d1
0x10d2	0x0	0x10d2
0x10d3	0x0	0x10d3
0x10d4	0x0	0x10d4
0x10d5	0x0	0x10d5
0x10d6	0x0	0x10d6
0x10d7	0x0	0x10d7
0x10d8	0x0	0x10d8
0x10d9	0x0	0x10d9
0x10da	0x0	0x10da
0x10db	0x0	0x10db
0x10dc	0x0	0x10dc
0x10dd	0x0	0x10dd
0x10de	0x0	0x10de
0x10df	0x0	0x10df
0x10e0	0x0	0x10e0
0x10e1	0x0	0x10e1
0x10e2	0x0	0x10e2
0x10e3	0x0	0x10e3
0x10e4	0x0	0x10e4
0x10e5	0x0	0x10e5
0x10e6	0x0	0x10e6
0x10ea	0x0	0x10ea
0x10eb	0x0	0x10eb
0x10ec	0x0	0x10ec
0x10ed	0x0	0x10ed
0x10ee	0x0	0x10ee
0x10ef	0x0	0x10ef
0x10f0	0x0	0x10f0
0x10f1	0x0	0x10f1
0x10f2	0x0	0x10f2
0x10f5	0x0	0x10f5
0x10f6	0x0	0x10f6
0x10f7	0x0	0x10f7
0x10f8	0x0	0x10f8
0x10f9	0x0	0x10f9
0x10fc	0x0	0x10fc
0x10fd	0x0	0x10fd
0x10fe	0x0	0x10fe
0x10ff	0x0	0x10ff
0x1100	0x0	0x1100
0x1101	0x0	0x1101
0x1102	0x0	0x1102
0x1103	0x0	0x1103
0x1104	0x0	0x1104
0x1105	0x0	0x1105
0x1106	0x0	0x1106
0x1109	0x0	0x1109
0x110a	0x0	0x110a
0x110b	0x0	0x110b
0x110c	0x0	0x110c
0x110d	0x0	0x110d
0x1110	0x0	0x1110
0x1111	0x0	0x1111
0x1112	0x0	0x1112
0x1113	0x0	0x1113
0x1114	0x0	0x1114
0x1115	0x0	0x1115
0x1116	0x0	0x1116
0x1117	0x0	0x1117
0x1118	0x0	0x1118
0x1119	0x0	0x1119
0x111a	0x0	0x111a
0x111b	0x0	0x111b
0x111c	0x0	0x111c
0x111d	0x0	0x111d
0x111e	0x0	0x111e
0x111f	0x0	0x111f
0x1120	0x0	0x1120
0x1121	0x0	0x1121
0x1122	0x0	0x1122
0x1123	0x0	0x1123
0x1124	0x0	0x1124
0x1125	0x0	0x1125
0x1126	0x0	0x1126
0x1127	0x0	0x1127
0x1128	0x0	0x1128
0x1129	0x0	0x1129
0x112a	0x0	0x112a
0x112b	0x0	0x112b
0x112c	0x0	0x112c
0x112d	0x0	0x112d
0x112e	0x0	0x112e
0x112f	0x0	0x112f
0x1130	0x0	0x1130
0x1131	0x0	0x1131
0x1132	0x0	0x1132
0x1133	0x0	0x1133
0x1134	0x0	0x1134
0x1135	0x0	0x1135
0x1136	0x0	0x1136
0x1137	0x0	0x1137
0x1138	0x0	0x1138
0x1139	0x0	0x1139
0x113a	0x0	0x113a
0x113b	0x0	0x113b
0x113c	0x0	0x113c
0x113d	0x0	0x113d
0x113e	0x0	0x113e
0x113f	0x0	0x113f
0x1140	0x0	0x1140
0x1141	0x0	0x1141
0x1142	0x0	0x1142
0x1143	0x0	0x1143
0x1144	0x0	0x1144
0x1145	0x0	0x1145
0x1146	0x0	0x1146
0x1147	0x0	0x1147
0x1148	0x0	0x1148
0x1149	0x0	0x1149
0x114a	0x0	0x114a
0x114b	0x0	0x114b
0x114c	0x0	0x114c
0x114d	0x0	0x114d
0x114e	0x0	0x114e
0x114f	0x0	0x114f
0x1150	0x0	0x1150
0x1151	0x0	0x1151
0x1152	0x0	0x1152
0x1155	0x0	0x1155
0x1156	0x0	0x1156
0x1157	0x0	0x1157
0x1158	0x0	0x1158
0x1159	0x0	0x1159
0x115a	0x0	0x115a
0x115b	0x0	0x115b
0x115c	0x0	0x115c
0x115d	0x0	0x115d
0x115e	0x0	0x115e
0x115f	0x0	0x115f
0x1160	0x0	0x1160
0x1164	0x0	0x1164
0x1165	0x0	0x1165
0x1169	0x0	0x1169
0x116a	0x0	0x116a
0x116b	0x0	0x116b
0x116c	0x0	0x116c
0x116d	0x0	0x116d
0x116e	0x0	0x116e
0x116f	0x0	0x116f
0x1173	0x0	0x1173
0x1177	0x0	0x1177
0x1178	0x0	0x1178
0x1179	0x0	0x1179
0x117a	0x0	0x117a
0x117b	0x0	0x117b
0x117c	0x0	0x117c
0x117d	0x0	0x117d
0x117e	0x0	0x117e
0x117f	0x0	0x117f
0x1180	0x0	0x1180
0x1181	0x0	0x1181
0x1185	0x0	0x1185
0x1186	0x0	0x1186
0x1187	0x0	0x1187
0x1188	0x0	0x1188
0x1189	0x0	0x1189
0x118a	0x0	0x118a
0x118b	0x0	0x118b
0x118c	0x0	0x118c
0x118d	0x0	0x118d
0x118e	0x0	0x118e
0x118f	0x0	0x118f
0x1190	0x0	0x1190
0x1191	0x0	0x1191
0x1192	0x0	0x1192
0x1193	0x0	0x1193
0x1194	0x0	0x1194
0x1197	0x0	0x1197
0x1198	0x0	0x1198
0x1199	0x0	0x1199
0x119a	0x0	0x119a
0x119b	0x0	0x119b
0x119e	0x0	0x119e
0x119f	0x0	0x119f
0x11a0	0x0	0x11a0
0x11a1	0x0	0x11a1
0x11a2	0x0	0x11a2
0x11a3	0x0	0x11a3
0x11a4	0x0	0x11a4
0x11a5	0x0	0x11a5
0x11a6	0x0	0x11a6
0x11a7	0x0	0x11a7
0x11ad	0x0	0x11ad
0x11ae	0x0	0x11ae
0x11af	0x0	0x11af
0x11b0	0x0	0x11b0
0x11b1	0x0	0x11b1
0x11b2	0x0	0x11b2
0x11b3	0x0	0x11b3
0x11b4	0x0	0x11b4
0x11b5	0x0	0x11b5
0x11b6	0x0	0x11b6
0x11b7	0x0	0x11b7
0x11b8	0x0	0x11b8
0x11b9	0x0	0x11b9
0x11ba	0x0	0x11ba
0x11bb	0x0	0x11bb
0x11bc	0x0	0x11bc
0x11bd	0x0	0x11bd
0x11be	0x0	0x11be
0x11bf	0x0	0x11bf
0x11c0	0x0	0x11c0
0x11c1	0x0	0x11c1
0x11c2	0x0	0x11c2
0x11c3	0x0	0x11c3
0x11c4	0x0	0x11c4
0x11cc	0x0	0x11cc
0x11cd	0x0	0x11cd
0x11ce	0x0	0x11ce
0x11cf	0x0	0x11cf
0x11d0	0x0	0x11d0
0x11d7	0x0	0x11d7
0x11da	0x0	0x11da
0x11db	0x0	0x11db
0x11dc	0x0	0x11dc
0x11dd	0x0	0x11dd
0x11de	0x0	0x11de
0x11df	0x0	0x11df
0x11e0	0x0	0x11e0
0x11e1	0x0	0x11e1
0x11e2	0x0	0x11e2
0x11e3	0x0	0x11e3
0x11e4	0x0	0x11e4
0x11e5	0x0	0x11e5
0x11e6	0x0	0x11e6
0x11e7	0x0	0x11e7
0x11e8	0x0	0x11e8
0x11e9	0x0	0x11e9
0x11ea	0x0	0x11ea
0x11eb	0x0	0x11eb
0x11ec	0x0	0x11ec
0x11ed	0x0	0x11ed
0x11ee	0x0	0x11ee
0x11ef	0x0	0x11ef
0x11f0	0x0	0x11f0
0x11f1	0x0	0x11f1
0x11f2	0x0	0x11f2
0x11f3	0x0	0x11f3
0x11f4	0x0	0x11f4
0x11f5	0x0	0x11f5
0x11f6	0x0	0x11f6
0x11f7	0x0	0x11f7
0x11f8	0x0	0x11f8
0x11f9	0x0	0x11f9
0x11fa	0x0	0x11fa
0x11fb	0x0	0x11fb
0x11fc	0x0	0x11fc
0x11fd	0x0	0x11fd
0x11fe	0x0	0x11fe
0x11ff	0x0	0x11ff
0x1203	0x0	0x1203
0x1204	0x0	0x1204
0x1205	0x0	0x1205
0x1206	0x0	0x1206
0x1207	0x0	0x1207
0x1208	0x0	0x1208
0x1209	0x0	0x1209
0x120c	0x0	0x120c
0x120d	0x0	0x120d
0x120e	0x0	0x120e
0x120f	0x0	0x120f
0x1210	0x0	0x1210
0x1211	0x0	0x1211
0x1212	0x0	0x1212
0x121a	0x0	0x121a
0x121f	0x0	0x121f
0x1220	0x0	0x1220
0x1228	0x0	0x1228
0x1229	0x0	0x1229
0x122a	0x0	0x122a
0x122b	0x0	0x122b
0x122f	0x0	0x122f
0x1230	0x0	0x1230
0x1231	0x0	0x1231
0x1232	0x0	0x1232
0x1233	0x0	0x1233
0x1234	0x0	0x1234
0x123c	0x0	0x123c
0x123d	0x0	0x123d
0x123e	0x0	0x123e
0x123f	0x0	0x123f
0x1240	0x0	0x1240
0x1241	0x0	0x1241
0x1242	0x0	0x1242
0x1243	0x0	0x1243
0x1244	0x0	0x1244
0x1245	0x0	0x1245
0x1246	0x0	0x1246
0x1247	0x0	0x1247
0x1248	0x0	0x1248
0x1249	0x0	0x1249
0x124a	0x0	0x124a
0x124b	0x0	0x124b
0x124c	0x0	0x124c
0x124d	0x0	0x124d
0x124e	0x0	0x124e
0x124f	0x0	0x124f
0x1253	0x0	0x1253
0x1254	0x0	0x1254
0x1255	0x0	0x1255
0x1259	0x0	0x1259
0x125a	0x0	0x125a
0x125b	0x0	0x125b
0x125c	0x0	0x125c
0x125d	0x0	0x125d
0x125e	0x0	0x125e
0x125f	0x0	0x125f
0x1260	0x0	0x1260
0x1261	0x0	0x1261
0x1262	0x0	0x1262
0x1263	0x0	0x1263
0x1264	0x0	0x1264
0x1267	0x0	0x1267
0x1268	0x0	0x1268
0x1269	0x0	0x1269
0x126a	0x0	0x126a
0x126b	0x0	0x126b
0x126e	0x0	0x126e
0x126f	0x0	0x126f
0x1270	0x0	0x1270
0x1271	0x0	0x1271
0x1272	0x0	0x1272
0x1273	0x0	0x1273
0x1274	0x0	0x1274
0x1275	0x0	0x1275
0x1276	0x0	0x1276
0x1277	0x0	0x1277
0x1278	0x0	0x1278
0x1279	0x0	0x1279
0x127a	0x0	0x127a
0x127b	0x0	0x127b
0x127c	0x0	0x127c
0x127d	0x0	0x127d
0x127e	0x0	0x127e
0x127f	0x0	0x127f
0x1280	0x0	0x1280
0x1281	0x0	0x1281
0x1282	0x0	0x1282
0x1283	0x0	0x1283
0x1284	0x0	0x1284
0x1285	0x0	0x1285
0x1286	0x0	0x1286
0x1287	0x0	0x1287
0x1288	0x0	0x1288
0x1290	0x0	0x1290
0x1291	0x0	0x1291
0x1292	0x0	0x1292
0x1293	0x0	0x1293
0x1294	0x0	0x1294
0x1295	0x0	0x1295
0x1296	0x0	0x1296
0x129e	0x0	0x129e
0x12a6	0x0	0x12a6
0x12ae	0x0	0x12ae
0x12b6	0x0	0x12b6
0x12be	0x0	0x12be
0x12bf	0x0	0x12bf
0x12c0	0x0	0x12c0
0x12c1	0x0	0x12c1
0x12c2	0x0	0x12c2
0x12c3	0x0	0x12c3
0x12c4	0x0	0x12c4
0x12c5	0x0	0x12c5
0x12c6	0x0	0x12c6
0x12c7	0x0	0x12c7
0x12c8	0x0	0x12c8
0x12cb	0x0	0x12cb
0x12cc	0x0	0x12cc
0x12cd	0x0	0x12cd
0x12ce	0x0	0x12ce
0x12cf	0x0	0x12cf
0x12d2	0x0	0x12d2
0x12d3	0x0	0x12d3
0x12d4	0x0	0x12d4
0x12d5	0x0	0x12d5
0x12d6	0x0	0x12d6
0x12d7	0x0	0x12d7
0x12d8	0x0	0x12d8
0x12d9	0x0	0x12d9
0x12da	0x0	0x12da
0x12db	0x0	0x12db
0x12dc	0x0	0x12dc
0x12dd	0x0	0x12dd
0x12e1	0x0	0x12e1
0x12e2	0x0	0x12e2
0x12e3	0x0	0x12e3
0x12e4	0x0	0x12e4
0x12e5	0x0	0x12e5
0x12e9	0x0	0x12e9
0x12ea	0x0	0x12ea
0x12eb	0x0	0x12eb
0x12ec	0x0	0x12ec
0x12ed	0x0	0x12ed
0x12ee	0x0	0x12ee
0x12ef	0x0	0x12ef
0x12f0	0x0	0x12f0
0x12f1	0x0	0x12f1
0x12f2	0x0	0x12f2
0x12f5	0x0	0x12f5
0x12f6	0x0	0x12f6
0x12f7	0x0	0x12f7
0x12f8	0x0	0x12f8
0x12f9	0x0	0x12f9
0x12fc	0x0	0x12fc
0x12fd	0x0	0x12fd
0x12fe	0x0	0x12fe
0x12ff	0x0	0x12ff
0x1300	0x0	0x1300
0x1301	0x0	0x1301
0x1302	0x0	0x1302
0x1303	0x0	0x1303
0x1307	0x0	0x1307
0x1308	0x0	0x1308
0x1309	0x0	0x1309
0x130a	0x0	0x130a
0x130b	0x0	0x130b
0x130c	0x0	0x130c
0x130d	0x0	0x130d
0x130e	0x0	0x130e
0x130f	0x0	0x130f
0x1310	0x0	0x1310
0x1311	0x0	0x1311
0x1312	0x0	0x1312
0x1313	0x0	0x1313
0x1314	0x0	0x1314
0x1315	0x0	0x1315
0x1316	0x0	0x1316
0x1319	0x0	0x1319
0x131a	0x0	0x131a
0x131b	0x0	0x131b
0x131c	0x0	0x131c
0x131d	0x0	0x131d
0x1320	0x0	0x1320
0x1321	0x0	0x1321
0x1322	0x0	0x1322
0x1323	0x0	0x1323
0x1324	0x0	0x1324
0x1325	0x0	0x1325
0x1326	0x0	0x1326
0x1327	0x0	0x1327
0x1328	0x0	0x1328
0x1329	0x0	0x1329
0x132a	0x0	0x132a
0x132b	0x0	0x132b
0x132f	0x0	0x132f
0x1330	0x0	0x1330
0x1331	0x0	0x1331
0x1332	0x0	0x1332
0x1333	0x0	0x1333
0x1334	0x0	0x1334
0x133c	0x0	0x133c
0x133d	0x0	0x133d
0x133e	0x0	0x133e
0x133f	0x0	0x133f
0x1340	0x0	0x1340
0x1341	0x0	0x1341
0x1342	0x0	0x1342
0x1346	0x0	0x1346
0x1347	0x0	0x1347
0x1348	0x0	0x1348
0x1349	0x0	0x1349
0x134a	0x0	0x134a
0x134b	0x0	0x134b
0x134c	0x0	0x134c
0x134f	0x0	0x134f
0x1350	0x0	0x1350
0x1351	0x0	0x1351
0x1352	0x0	0x1352
0x1353	0x0	0x1353
0x1356	0x0	0x1356
0x1357	0x0	0x1357
0x1358	0x0	0x1358
0x1359	0x0	0x1359
0x135a	0x0	0x135a
0x135b	0x0	0x135b
0x135c	0x0	0x135c
0x135d	0x0	0x135d
0x135e	0x0	0x135e
0x135f	0x0	0x135f
0x1366	0x0	0x1366
0x1367	0x0	0x1367
0x1368	0x0	0x1368
0x1369	0x0	0x1369
0x136c	0x0	0x136c
0x136d	0x0	0x136d
0x136e	0x0	0x136e
0x136f	0x0	0x136f
0x1370	0x0	0x1370
0x1371	0x0	0x1371
0x1372	0x0	0x1372
0x1373	0x0	0x1373
0x1374	0x0	0x1374
0x1375	0x0	0x1375
0x1376	0x0	0x1376
0x1377	0x0	0x1377
0x1378	0x0	0x1378
0x1379	0x0	0x1379
0x137a	0x0	0x137a
0x137b	0x0	0x137b
0x137c	0x0	0x137c
0x137d	0x0	0x137d
0x137e	0x0	0x137e
0x137f	0x0	0x137f
0x1380	0x0	0x1380
0x1381	0x0	0x1381
0x1382	0x0	0x1382
0x1385	0x0	0x1385
0x1386	0x0	0x1386
0x1387	0x0	0x1387
0x1388	0x0	0x1388
0x1389	0x0	0x1389
0x138c	0x0	0x138c
0x138d	0x0	0x138d
0x138e	0x0	0x138e
0x138f	0x0	0x138f
0x1390	0x0	0x1390
0x1391	0x0	0x1391
0x1392	0x0	0x1392
0x1393	0x0	0x1393
0x1394	0x0	0x1394
0x1395	0x0	0x1395
0x139d	0x0	0x139d
0x13a5	0x0	0x13a5
0x13a6	0x0	0x13a6
0x13a7	0x0	0x13a7
0x13ab	0x0	0x13ab
0x13ae	0x0	0x13ae
0x13b3	0x0	0x13b3
0x13b8	0x0	0x13b8
0x13b9	0x0	0x13b9
0x13bf	0x0	0x13bf
0x13c0	0x0	0x13c0
0x13c1	0x0	0x13c1
0x13c2	0x0	0x13c2
0x13c3	0x0	0x13c3
0x13c6	0x0	0x13c6
0x13c7	0x0	0x13c7
0x13c8	0x0	0x13c8
0x13cd	0x0	0x13cd
0x13ce	0x0	0x13ce
0x13d5	0x0	0x13d5
0x13d9	0x0	0x13d9
0x13da	0x0	0x13da
0x13db	0x0	0x13db
0x13dc	0x0	0x13dc
0x13dd	0x0	0x13dd
0x13de	0x0	0x13de
0x13df	0x0	0x13df
0x13e0	0x0	0x13e0
0x13e1	0x0	0x13e1
0x13e2	0x0	0x13e2
0x13e3	0x0	0x13e3
0x13e4	0x0	0x13e4
0x13e5	0x0	0x13e5
0x13e6	0x0	0x13e6
0x13e9	0x0	0x13e9
0x13ea	0x0	0x13ea
0x13eb	0x0	0x13eb
0x13ec	0x0	0x13ec
0x13ed	0x0	0x13ed
0x13f0	0x0	0x13f0
0x13f1	0x0	0x13f1
0x13f2	0x0	0x13f2
0x13f3	0x0	0x13f3
0x13f4	0x0	0x13f4
0x13f5	0x0	0x13f5
0x13f6	0x0	0x13f6
0x13f7	0x0	0x13f7
0x13f8	0x0	0x13f8
0x13f9	0x0	0x13f9
0x13fa	0x0	0x13fa
0x13fb	0x0	0x13fb
0x13fc	0x0	0x13fc
0x13fd	0x0	0x13fd
0x13fe	0x0	0x13fe
0x13ff	0x0	0x13ff
0x1400	0x0	0x1400
0x1401	0x0	0x1401
0x1402	0x0	0x1402
0x1403	0x0	0x1403
0x1404	0x0	0x1404
0x1405	0x0	0x1405
0x1406	0x0	0x1406
0x1407	0x0	0x1407
0x1408	0x0	0x1408
0x1409	0x0	0x1409
0x140a	0x0	0x140a
0x140b	0x0	0x140b
0x140c	0x0	0x140c
0x140d	0x0	0x140d
0x140e	0x0	0x140e
0x1411	0x0	0x1411
0x1412	0x0	0x1412
0x1413	0x0	0x1413
0x1414	0x0	0x1414
0x1415	0x0	0x1415
0x1416	0x0	0x1416
0x1417	0x0	0x1417
0x1418	0x0	0x1418
0x1419	0x0	0x1419
0x141c	0x0	0x141c
0x141d	0x0	0x141d
0x141e	0x0	0x141e
0x141f	0x0	0x141f
0x1423	0x0	0x1423
0x1424	0x0	0x1424
0x1425	0x0	0x1425
0x1426	0x0	0x1426
0x1427	0x0	0x1427
0x142b	0x0	0x142b
0x142c	0x0	0x142c
0x142d	0x0	0x142d
0x142e	0x0	0x142e
0x142f	0x0	0x142f
0x1430	0x0	0x1430
0x1431	0x0	0x1431
0x1432	0x0	0x1432
0x1433	0x0	0x1433
0x1437	0x0	0x1437
0x1438	0x0	0x1438
0x1439	0x0	0x1439
0x143a	0x0	0x143a
0x143b	0x0	0x143b
0x143c	0x0	0x143c
0x143d	0x0	0x143d
0x143e	0x0	0x143e
0x143f	0x0	0x143f
0x1440	0x0	0x1440
0x1441	0x0	0x1441
0x1442	0x0	0x1442
0x1443	0x0	0x1443
0x1444	0x0	0x1444
0x1445	0x0	0x1445
0x1446	0x0	0x1446
0x1447	0x0	0x1447
0x1448	0x0	0x1448
0x1449	0x0	0x1449
0x144c	0x0	0x144c
0x144d	0x0	0x144d
0x144e	0x0	0x144e
0x1456	0x0	0x1456
0x1457	0x0	0x1457
0x1458	0x0	0x1458
0x1459	0x0	0x1459
0x145a	0x0	0x145a
0x145d	0x0	0x145d
0x145e	0x0	0x145e
0x145f	0x0	0x145f
0x1460	0x0	0x1460
0x1461	0x0	0x1461
0x1464	0x0	0x1464
0x1465	0x0	0x1465
0x1466	0x0	0x1466
0x1467	0x0	0x1467
0x1468	0x0	0x1468
0x1470	0x0	0x1470
0x1471	0x0	0x1471
0x1474	0x0	0x1474
0x1475	0x0	0x1475
0x1476	0x0	0x1476
0x1477	0x0	0x1477
0x1478	0x0	0x1478
0x1479	0x0	0x1479
0x147a	0x0	0x147a
0x147b	0x0	0x147b
0x147c	0x0	0x147c
0x1484	0x0	0x1484
0x1485	0x0	0x1485
0x1486	0x0	0x1486
0x1487	0x0	0x1487
0x1488	0x0	0x1488
0x1489	0x0	0x1489
0x148a	0x0	0x148a
0x148b	0x0	0x148b
0x148c	0x0	0x148c
0x148f	0x0	0x148f
0x1490	0x0	0x1490
0x1491	0x0	0x1491
0x1492	0x0	0x1492
0x1493	0x0	0x1493
0x1496	0x0	0x1496
0x1497	0x0	0x1497
0x1498	0x0	0x1498
0x1499	0x0	0x1499
0x149a	0x0	0x149a
0x149b	0x0	0x149b
0x149c	0x0	0x149c
0x14a2	0x0	0x14a2
0x14a3	0x0	0x14a3
0x14a4	0x0	0x14a4
0x14a5	0x0	0x14a5
0x14a6	0x0	0x14a6
0x14a7	0x0	0x14a7
0x14a8	0x0	0x14a8
0x14a9	0x0	0x14a9
0x14aa	0x0	0x14aa
0x14ab	0x0	0x14ab
0x14ac	0x0	0x14ac
0x14ad	0x0	0x14ad
0x14ae	0x0	0x14ae
0x14af	0x0	0x14af
0x14b0	0x0	0x14b0
0x14b1	0x0	0x14b1
0x14b2	0x0	0x14b2
0x14b3	0x0	0x14b3
0x14b4	0x0	0x14b4
0x14b5	0x0	0x14b5
0x14b6	0x0	0x14b6
0x14b7	0x0	0x14b7
0x14b8	0x0	0x14b8
0x14b9	0x0	0x14b9
0x14ba	0x0	0x14ba
0x14bb	0x0	0x14bb
0x14bc	0x0	0x14bc
0x14bd	0x0	0x14bd
0x14be	0x0	0x14be
0x14bf	0x0	0x14bf
0x14c0	0x0	0x14c0
0x14c1	0x0	0x14c1
0x14c2	0x0	0x14c2
0x14c3	0x0	0x14c3
0x14c4	0x0	0x14c4
0x14cb	0x0	0x14cb
0x14ce	0x0	0x14ce
0x14d6	0x0	0x14d6
0x14d7	0x0	0x14d7
0x14d8	0x0	0x14d8
0x14d9	0x0	0x14d9
0x14da	0x0	0x14da
0x14db	0x0	0x14db
0x14dc	0x0	0x14dc
0x14dd	0x0	0x14dd
0x14de	0x0	0x14de
0x14df	0x0	0x14df
0x14e0	0x0	0x14e0
0x14e1	0x0	0x14e1
0x14e2	0x0	0x14e2
0x14e3	0x0	0x14e3
0x14e4	0x0	0x14e4
0x14e5	0x0	0x14e5
0x14e6	0x0	0x14e6
0x14e9	0x0	0x14e9
0x14ea	0x0	0x14ea
0x14eb	0x0	0x14eb
0x14ec	0x0	0x14ec
0x14ed	0x0	0x14ed
0x14f0	0x0	0x14f0
0x14f1	0x0	0x14f1
0x14f2	0x0	0x14f2
0x14f3	0x0	0x14f3
0x14f4	0x0	0x14f4
0x14f5	0x0	0x14f5
0x14f6	0x0	0x14f6
0x14f7	0x0	0x14f7
0x14f8	0x0	0x14f8
0x14f9	0x0	0x14f9
0x14fa	0x0	0x14fa
0x14fb	0x0	0x14fb
0x14fc	0x0	0x14fc
0x14fd	0x0	0x14fd
0x14fe	0x0	0x14fe
0x14ff	0x0	0x14ff
0x1500	0x0	0x1500
0x1501	0x0	0x1501
0x1502	0x0	0x1502
0x1503	0x0	0x1503
0x1504	0x0	0x1504
0x1505	0x0	0x1505
0x1506	0x0	0x1506
0x1507	0x0	0x1507
0x1508	0x0	0x1508
0x1509	0x0	0x1509
0x150a	0x0	0x150a
0x150b	0x0	0x150b
0x150c	0x0	0x150c
0x150d	0x0	0x150d
0x150e	0x0	0x150e
0x150f	0x0	0x150f
0x1510	0x0	0x1510
0x1511	0x0	0x1511
0x1512	0x0	0x1512
0x1513	0x0	0x1513
0x1514	0x0	0x1514
0x1515	0x0	0x1515
0x1516	0x0	0x1516
0x1517	0x0	0x1517
0x1518	0x0	0x1518
0x1519	0x0	0x1519
0x151a	0x0	0x151a
0x151b	0x0	0x151b
0x151c	0x0	0x151c
0x151d	0x0	0x151d
0x151e	0x0	0x151e
0x151f	0x0	0x151f
0x1520	0x0	0x1520
0x1521	0x0	0x1521
0x1522	0x0	0x1522
0x1523	0x0	0x1523
0x1524	0x0	0x1524
0x1525	0x0	0x1525
0x1526	0x0	0x1526
0x1527	0x0	0x1527
0x1528	0x0	0x1528
0x1529	0x0	0x1529
0x152a	0x0	0x152a
0x152b	0x0	0x152b
0x152c	0x0	0x152c
0x152d	0x0	0x152d
0x152e	0x0	0x152e
0x152f	0x0	0x152f
0x1530	0x0	0x1530
0x1531	0x0	0x1531
0x1532	0x0	0x1532
0x1533	0x0	0x1533
0x1534	0x0	0x1534
0x1535	0x0	0x1535
0x1536	0x0	0x1536
0x1537	0x0	0x1537
0x1538	0x0	0x1538
0x1539	0x0	0x1539
0x153a	0x0	0x153a
0x153b	0x0	0x153b
0x153c	0x0	0x153c
0x153d	0x0	0x153d
0x153e	0x0	0x153e
0x153f	0x0	0x153f
0x1540	0x0	0x1540
0x1541	0x0	0x1541
0x1542	0x0	0x1542
0x1543	0x0	0x1543
0x1544	0x0	0x1544
0x1545	0x0	0x1545
0x1546	0x0	0x1546
0x1547	0x0	0x1547
0x1548	0x0	0x1548
0x1549	0x0	0x1549
0x154a	0x0	0x154a
0x154b	0x0	0x154b
0x154c	0x0	0x154c
0x154d	0x0	0x154d
0x154e	0x0	0x154e
0x154f	0x0	0x154f
0x1553	0x0	0x1553
0x1554	0x0	0x1554
0x1555	0x0	0x1555
0x1556	0x0	0x1556
0x1557	0x0	0x1557
0x155a	0x0	0x155a
0x155b	0x0	0x155b
0x155c	0x0	0x155c
0x155d	0x0	0x155d
0x155e	0x0	0x155e
0x155f	0x0	0x155f
0x1560	0x0	0x1560
0x1561	0x0	0x1561
0x1562	0x0	0x1562
0x156a	0x0	0x156a
0x156f	0x0	0x156f
0x1570	0x0	0x1570
0x1578	0x0	0x1578
0x1579	0x0	0x1579
0x157c	0x0	0x157c
0x157d	0x0	0x157d
0x157e	0x0	0x157e
0x157f	0x0	0x157f
0x1580	0x0	0x1580
0x1581	0x0	0x1581
0x1582	0x0	0x1582
0x1583	0x0	0x1583
0x1584	0x0	0x1584
0x158c	0x0	0x158c
0x158d	0x0	0x158d
0x158e	0x0	0x158e
0x158f	0x0	0x158f
0x1590	0x0	0x1590
0x1591	0x0	0x1591
0x1592	0x0	0x1592
0x1593	0x0	0x1593
0x1594	0x0	0x1594
0x1595	0x0	0x1595
0x1596	0x0	0x1596
0x1597	0x0	0x1597
0x1598	0x0	0x1598
0x1599	0x0	0x1599
0x159a	0x0	0x159a
0x159b	0x0	0x159b
0x159c	0x0	0x159c
0x159d	0x0	0x159d
0x159e	0x0	0x159e
0x159f	0x0	0x159f
0x15a0	0x0	0x15a0
0x15a1	0x0	0x15a1
0x15a5	0x0	0x15a5
0x15a6	0x0	0x15a6
0x15a7	0x0	0x15a7
0x15a8	0x0	0x15a8
0x15a9	0x0	0x15a9
0x15aa	0x0	0x15aa
0x15ab	0x0	0x15ab
0x15ac	0x0	0x15ac
0x15ad	0x0	0x15ad
0x15ae	0x0	0x15ae
0x15b1	0x0	0x15b1
0x15b2	0x0	0x15b2
0x15b3	0x0	0x15b3
0x15b4	0x0	0x15b4
0x15b5	0x0	0x15b5
0x15b8	0x0	0x15b8
0x15b9	0x0	0x15b9
0x15ba	0x0	0x15ba
0x15bb	0x0	0x15bb
0x15bc	0x0	0x15bc
0x15bd	0x0	0x15bd
0x15be	0x0	0x15be
0x15bf	0x0	0x15bf
0x15c0	0x0	0x15c0
0x15c1	0x0	0x15c1
0x15c2	0x0	0x15c2
0x15c5	0x0	0x15c5
0x15c6	0x0	0x15c6
0x15c7	0x0	0x15c7
0x15c8	0x0	0x15c8
0x15c9	0x0	0x15c9
0x15cc	0x0	0x15cc
0x15cd	0x0	0x15cd
0x15ce	0x0	0x15ce
0x15cf	0x0	0x15cf
0x15d0	0x0	0x15d0
0x15d1	0x0	0x15d1
0x15d2	0x0	0x15d2
0x15d3	0x0	0x15d3
0x15d4	0x0	0x15d4
0x15d5	0x0	0x15d5
0x15d6	0x0	0x15d6
0x15d7	0x0	0x15d7
0x15d8	0x0	0x15d8
0x15d9	0x0	0x15d9
0x15da	0x0	0x15da
0x15db	0x0	0x15db
0x15dc	0x0	0x15dc
0x15dd	0x0	0x15dd
0x15de	0x0	0x15de
0x15e6	0x0	0x15e6
0x15e7	0x0	0x15e7
0x15e8	0x0	0x15e8
0x15e9	0x0	0x15e9
0x15ea	0x0	0x15ea
0x15eb	0x0	0x15eb
0x15ec	0x0	0x15ec
0x15ed	0x0	0x15ed
0x15ee	0x0	0x15ee
0x15ef	0x0	0x15ef
0x15f0	0x0	0x15f0
0x15f1	0x0	0x15f1
0x15f2	0x0	0x15f2
0x15f3	0x0	0x15f3
0x15f4	0x0	0x15f4
0x15f5	0x0	0x15f5
0x15f6	0x0	0x15f6
0x15f7	0x0	0x15f7
0x15f8	0x0	0x15f8
0x15f9	0x0	0x15f9
0x15fa	0x0	0x15fa
0x15fb	0x0	0x15fb
0x15fc	0x0	0x15fc
0x15fd	0x0	0x15fd
0x15fe	0x0	0x15fe
0x15ff	0x0	0x15ff
0x1600	0x0	0x1600
0x1601	0x0	0x1601
0x1602	0x0	0x1602
0x1603	0x0	0x1603
0x1604	0x0	0x1604
0x1605	0x0	0x1605
0x1606	0x0	0x1606
0x1607	0x0	0x1607
0x1608	0x0	0x1608
0x1609	0x0	0x1609
0x160a	0x0	0x160a
0x160b	0x0	0x160b
0x160c	0x0	0x160c
0x160d	0x0	0x160d
0x160e	0x0	0x160e
0x1611	0x0	0x1611
0x1612	0x0	0x1612
0x1613	0x0	0x1613
0x1614	0x0	0x1614
0x1615	0x0	0x1615
0x1616	0x0	0x1616
0x1617	0x0	0x1617
0x1618	0x0	0x1618
0x1619	0x0	0x1619
0x161a	0x0	0x161a
0x161b	0x0	0x161b
0x161f	0x0	0x161f
0x1620	0x0	0x1620
0x1621	0x0	0x1621
0x1625	0x0	0x1625
0x1626	0x0	0x1626
0x1627	0x0	0x1627
0x1628	0x0	0x1628
0x1629	0x0	0x1629
0x162a	0x0	0x162a
0x162b	0x0	0x162b
0x162f	0x0	0x162f
0x1633	0x0	0x1633
0x1634	0x0	0x1634
0x1635	0x0	0x1635
0x1636	0x0	0x1636
0x1637	0x0	0x1637
0x1638	0x0	0x1638
0x1639	0x0	0x1639
0x163a	0x0	0x163a
0x163b	0x0	0x163b
0x163c	0x0	0x163c
0x163d	0x0	0x163d
0x163e	0x0	0x163e
0x163f	0x0	0x163f
0x1643	0x0	0x1643
0x1644	0x0	0x1644
0x1645	0x0	0x1645
0x1646	0x0	0x1646
0x1647	0x0	0x1647
0x1648	0x0	0x1648
0x1649	0x0	0x1649
0x164d	0x0	0x164d
0x164e	0x0	0x164e
0x164f	0x0	0x164f
0x1650	0x0	0x1650
0x1651	0x0	0x1651
0x1652	0x0	0x1652
0x1653	0x0	0x1653
0x1654	0x0	0x1654
0x1655	0x0	0x1655
0x1656	0x0	0x1656
0x1657	0x0	0x1657
0x1658	0x0	0x1658
0x165b	0x0	0x165b
0x165c	0x0	0x165c
0x165d	0x0	0x165d
0x165e	0x0	0x165e
0x165f	0x0	0x165f
0x1662	0x0	0x1662
0x1663	0x0	0x1663
0x1664	0x0	0x1664
0x1665	0x0	0x1665
0x1666	0x0	0x1666
0x1667	0x0	0x1667
0x1668	0x0	0x1668
0x1669	0x0	0x1669
0x166a	0x0	0x166a
0x166b	0x0	0x166b
0x166c	0x0	0x166c
0x166d	0x0	0x166d
0x166e	0x0	0x166e
0x166f	0x0	0x166f
0x1670	0x0	0x1670
0x1671	0x0	0x1671
0x1675	0x0	0x1675
0x1676	0x0	0x1676
0x1677	0x0	0x1677
0x1678	0x0	0x1678
0x1679	0x0	0x1679
0x167a	0x0	0x167a
0x167b	0x0	0x167b
0x167c	0x0	0x167c
0x1684	0x0	0x1684
0x1685	0x0	0x1685
0x1686	0x0	0x1686
0x1687	0x0	0x1687
0x1688	0x0	0x1688
0x1689	0x0	0x1689
0x168a	0x0	0x168a
0x1692	0x0	0x1692
0x1693	0x0	0x1693
0x1694	0x0	0x1694
0x1695	0x0	0x1695
0x1696	0x0	0x1696
0x1697	0x0	0x1697
0x1698	0x0	0x1698
0x1699	0x0	0x1699
0x169a	0x0	0x169a
0x169b	0x0	0x169b
0x169c	0x0	0x169c
0x169d	0x0	0x169d
0x169e	0x0	0x169e
0x169f	0x0	0x169f
0x16a0	0x0	0x16a0
0x16a1	0x0	0x16a1
0x16a2	0x0	0x16a2
0x16a3	0x0	0x16a3
0x16a4	0x0	0x16a4
0x16a5	0x0	0x16a5
0x16a6	0x0	0x16a6
0x16a7	0x0	0x16a7
0x16a8	0x0	0x16a8
0x16a9	0x0	0x16a9
0x16aa	0x0	0x16aa
0x16ab	0x0	0x16ab
0x16ac	0x0	0x16ac
0x16ad	0x0	0x16ad
0x16ae	0x0	0x16ae
0x16af	0x0	0x16af
0x16b0	0x0	0x16b0
0x16b1	0x0	0x16b1
0x16b2	0x0	0x16b2
0x16b3	0x0	0x16b3
0x16b4	0x0	0x16b4
0x16b5	0x0	0x16b5
0x16b6	0x0	0x16b6
0x16b7	0x0	0x16b7
0x16b8	0x0	0x16b8
0x16b9	0x0	0x16b9
0x16ba	0x0	0x16ba
0x16bb	0x0	0x16bb
0x16bc	0x0	0x16bc
0x16bd	0x0	0x16bd
0x16be	0x0	0x16be
0x16bf	0x0	0x16bf
0x16c3	0x0	0x16c3
0x16c4	0x0	0x16c4
0x16c5	0x0	0x16c5
0x16c9	0x0	0x16c9
0x16ca	0x0	0x16ca
0x16cb	0x0	0x16cb
0x16cc	0x0	0x16cc
0x16cd	0x0	0x16cd
0x16ce	0x0	0x16ce
0x16d1	0x0	0x16d1
0x16d2	0x0	0x16d2
0x16d3	0x0	0x16d3
0x16d4	0x0	0x16d4
0x16d5	0x0	0x16d5
0x16d8	0x0	0x16d8
0x16d9	0x0	0x16d9
0x16da	0x0	0x16da
0x16db	0x0	0x16db
0x16dc	0x0	0x16dc
0x16e4	0x0	0x16e4
0x16e5	0x0	0x16e5
0x16e9	0x0	0x16e9
0x16ea	0x0	0x16ea
0x16eb	0x0	0x16eb
0x16ec	0x0	0x16ec
0x16ed	0x0	0x16ed
0x16ee	0x0	0x16ee
0x16ef	0x0	0x16ef
0x16f0	0x0	0x16f0
0x16f8	0x0	0x16f8
0x16f9	0x0	0x16f9
0x16fa	0x0	0x16fa
0x16fb	0x0	0x16fb
0x16fc	0x0	0x16fc
0x16fd	0x0	0x16fd
0x16fe	0x0	0x16fe
0x16ff	0x0	0x16ff
0x1700	0x0	0x1700
0x1703	0x0	0x1703
0x1704	0x0	0x1704
0x1705	0x0	0x1705
0x1706	0x0	0x1706
0x1707	0x0	0x1707
0x170a	0x0	0x170a
0x170b	0x0	0x170b
0x170c	0x0	0x170c
0x170d	0x0	0x170d
0x170e	0x0	0x170e
0x170f	0x0	0x170f
0x1715	0x0	0x1715
0x171a	0x0	0x171a
0x171b	0x0	0x171b
0x171c	0x0	0x171c
0x171d	0x0	0x171d
0x171e	0x0	0x171e
0x171f	0x0	0x171f
0x1720	0x0	0x1720
0x1721	0x0	0x1721
0x1722	0x0	0x1722
0x1729	0x0	0x1729
0x172c	0x0	0x172c
0x1734	0x0	0x1734
0x1735	0x0	0x1735
0x1736	0x0	0x1736
0x1737	0x0	0x1737
0x1738	0x0	0x1738
0x1739	0x0	0x1739
0x173a	0x0	0x173a
0x173b	0x0	0x173b
0x173c	0x0	0x173c
0x173d	0x0	0x173d
0x173e	0x0	0x173e
0x173f	0x0	0x173f
0x1740	0x0	0x1740
0x1741	0x0	0x1741
0x1742	0x0	0x1742
0x1743	0x0	0x1743
0x1744	0x0	0x1744
0x1747	0x0	0x1747
0x1748	0x0	0x1748
0x1749	0x0	0x1749
0x174a	0x0	0x174a
0x174b	0x0	0x174b
0x174e	0x0	0x174e
0x174f	0x0	0x174f
0x1750	0x0	0x1750
0x1751	0x0	0x1751
0x1752	0x0	0x1752
0x1753	0x0	0x1753
0x1754	0x0	0x1754
0x1755	0x0	0x1755
0x1756	0x0	0x1756
0x1757	0x0	0x1757
0x1758	0x0	0x1758
0x1759	0x0	0x1759
0x175a	0x0	0x175a
0x175b	0x0	0x175b
0x175c	0x0	0x175c
0x175d	0x0	0x175d
0x175e	0x0	0x175e
0x175f	0x0	0x175f
0x1760	0x0	0x1760
0x1761	0x0	0x1761
0x1762	0x0	0x1762
0x1763	0x0	0x1763
0x1764	0x0	0x1764
0x1765	0x0	0x1765
0x1766	0x0	0x1766
0x1767	0x0	0x1767
0x1768	0x0	0x1768
0x1769	0x0	0x1769
0x176a	0x0	0x176a
0x176b	0x0	0x176b
0x176c	0x0	0x176c
0x176d	0x0	0x176d
0x176e	0x0	0x176e
0x176f	0x0	0x176f
0x1770	0x0	0x1770
0x1771	0x0	0x1771
0x1772	0x0	0x1772
0x1773	0x0	0x1773
0x1774	0x0	0x1774
0x1775	0x0	0x1775
0x1776	0x0	0x1776
0x1777	0x0	0x1777
0x1778	0x0	0x1778
0x1779	0x0	0x1779
0x177a	0x0	0x177a
0x177b	0x0	0x177b
0x177c	0x0	0x177c
0x177d	0x0	0x177d
0x177e	0x0	0x177e
0x177f	0x0	0x177f
0x1780	0x0	0x1780
0x1781	0x0	0x1781
0x1782	0x0	0x1782
0x1783	0x0	0x1783
0x1784	0x0	0x1784
0x1785	0x0	0x1785
0x1786	0x0	0x1786
0x1787	0x0	0x1787
0x1788	0x0	0x1788
0x1789	0x0	0x1789
0x178d	0x0	0x178d
0x178e	0x0	0x178e
0x178f	0x0	0x178f
0x1790	0x0	0x1790
0x1791	0x0	0x1791
0x1795	0x0	0x1795
0x1796	0x0	0x1796
0x1797	0x0	0x1797
0x1798	0x0	0x1798
0x1799	0x0	0x1799
0x179a	0x0	0x179a
0x179b	0x0	0x179b
0x179c	0x0	0x179c
0x17a4	0x0	0x17a4
0x17a9	0x0	0x17a9
0x17aa	0x0	0x17aa
0x17b2	0x0	0x17b2
0x17b3	0x0	0x17b3
0x17b7	0x0	0x17b7
0x17b8	0x0	0x17b8
0x17b9	0x0	0x17b9
0x17ba	0x0	0x17ba
0x17bb	0x0	0x17bb
0x17bc	0x0	0x17bc
0x17bd	0x0	0x17bd
0x17be	0x0	0x17be
0x17c6	0x0	0x17c6
0x17c7	0x0	0x17c7
0x17c8	0x0	0x17c8
0x17c9	0x0	0x17c9
0x17ca	0x0	0x17ca
0x17cb	0x0	0x17cb
0x17cc	0x0	0x17cc
0x17cd	0x0	0x17cd
0x17ce	0x0	0x17ce
0x17cf	0x0	0x17cf
0x17d0	0x0	0x17d0
0x17d1	0x0	0x17d1
0x17d2	0x0	0x17d2
0x17d3	0x0	0x17d3
0x17d4	0x0	0x17d4
0x17d7	0x0	0x17d7
0x17d8	0x0	0x17d8
0x17d9	0x0	0x17d9
0x17da	0x0	0x17da
0x17db	0x0	0x17db
0x17de	0x0	0x17de
0x17df	0x0	0x17df
0x17e0	0x0	0x17e0
0x17e1	0x0	0x17e1
0x17e2	0x0	0x17e2
0x17e3	0x0	0x17e3
0x17e4	0x0	0x17e4
0x17e5	0x0	0x17e5
0x17e6	0x0	0x17e6
0x17e7	0x0	0x17e7
0x17e8	0x0	0x17e8
0x17e9	0x0	0x17e9
0x17ea	0x0	0x17ea
0x17eb	0x0	0x17eb
0x17ec	0x0	0x17ec
0x17ed	0x0	0x17ed
0x17ee	0x0	0x17ee
0x17ef	0x0	0x17ef
0x17f0	0x0	0x17f0
0x17f8	0x0	0x17f8
0x17f9	0x0	0x17f9
0x17fa	0x0	0x17fa
0x17fb	0x0	0x17fb
0x17fc	0x0	0x17fc
0x17fd	0x0	0x17fd
0x17fe	0x0	0x17fe
0x17ff	0x0	0x17ff
0x1800	0x0	0x1800
0x1801	0x0	0x1801
0x1802	0x0	0x1802
0x1803	0x0	0x1803
0x1804	0x0	0x1804
0x1805	0x0	0x1805
0x1806	0x0	0x1806
0x1807	0x0	0x1807
0x1808	0x0	0x1808
0x1809	0x0	0x1809
0x180a	0x0	0x180a
0x180b	0x0	0x180b
0x180c	0x0	0x180c
0x180d	0x0	0x180d
0x180e	0x0	0x180e
0x180f	0x0	0x180f
0x1810	0x0	0x1810
0x1811	0x0	0x1811
0x1812	0x0	0x1812
0x1813	0x0	0x1813
0x1814	0x0	0x1814
0x1815	0x0	0x1815
0x1816	0x0	0x1816
0x1817	0x0	0x1817
0x1818	0x0	0x1818
0x1819	0x0	0x1819
0x181a	0x0	0x181a
0x181b	0x0	0x181b
0x181c	0x0	0x181c
0x181d	0x0	0x181d
0x181e	0x0	0x181e
0x181f	0x0	0x181f
0x1820	0x0	0x1820
0x1823	0x0	0x1823
0x1827	0x0	0x1827
0x1828	0x0	0x1828
0x1829	0x0	0x1829
0x182a	0x0	0x182a
0x182b	0x0	0x182b
0x182f	0x0	0x182f
0x1830	0x0	0x1830
0x1831	0x0	0x1831
0x1832	0x0	0x1832
0x1833	0x0	0x1833
0x1834	0x0	0x1834
0x1835	0x0	0x1835
0x1836	0x0	0x1836
0x1837	0x0	0x1837
0x1838	0x0	0x1838
0x1839	0x0	0x1839
0x183a	0x0	0x183a
0x183d	0x0	0x183d
0x183e	0x0	0x183e
0x183f	0x0	0x183f
0x1840	0x0	0x1840
0x1841	0x0	0x1841
0x1844	0x0	0x1844
0x1845	0x0	0x1845
0x1846	0x0	0x1846
0x1847	0x0	0x1847
0x1848	0x0	0x1848
0x1849	0x0	0x1849
0x184a	0x0	0x184a
0x184b	0x0	0x184b
0x184c	0x0	0x184c
0x184d	0x0	0x184d
0x184e	0x0	0x184e
0x184f	0x0	0x184f
0x1850	0x0	0x1850
0x1851	0x0	0x1851
0x1852	0x0	0x1852
0x1853	0x0	0x1853
0x1858	0x0	0x1858
0x1859	0x0	0x1859
0x185a	0x0	0x185a
0x185b	0x0	0x185b
0x185c	0x0	0x185c
0x185d	0x0	0x185d
0x185e	0x0	0x185e
0x1866	0x0	0x1866
0x1867	0x0	0x1867
0x1868	0x0	0x1868
0x1869	0x0	0x1869
0x186a	0x0	0x186a
0x186b	0x0	0x186b
0x186c	0x0	0x186c
0x1874	0x0	0x1874
0x1875	0x0	0x1875
0x1876	0x0	0x1876
0x1877	0x0	0x1877
0x1878	0x0	0x1878
0x1879	0x0	0x1879
0x187a	0x0	0x187a
0x187b	0x0	0x187b
0x187c	0x0	0x187c
0x187d	0x0	0x187d
0x187e	0x0	0x187e
0x187f	0x0	0x187f
0x1880	0x0	0x1880
0x1881	0x0	0x1881
0x1882	0x0	0x1882
0x1883	0x0	0x1883
0x1884	0x0	0x1884
0x1885	0x0	0x1885
0x1886	0x0	0x1886
0x1887	0x0	0x1887
0x1888	0x0	0x1888
0x1889	0x0	0x1889
0x188a	0x0	0x188a
0x188b	0x0	0x188b
0x188c	0x0	0x188c
0x188d	0x0	0x188d
0x188e	0x0	0x188e
0x188f	0x0	0x188f
0x1890	0x0	0x1890
0x1891	0x0	0x1891
0x1892	0x0	0x1892
0x1893	0x0	0x1893
0x1894	0x0	0x1894
0x1895	0x0	0x1895
0x1896	0x0	0x1896
0x1897	0x0	0x1897
0x1898	0x0	0x1898
0x1899	0x0	0x1899
0x189a	0x0	0x189a
0x189b	0x0	0x189b
0x189c	0x0	0x189c
0x189d	0x0	0x189d
0x189e	0x0	0x189e
0x189f	0x0	0x189f
0x18a0	0x0	0x18a0
0x18a1	0x0	0x18a1
0x18a2	0x0	0x18a2
0x18a3	0x0	0x18a3
0x18a4	0x0	0x18a4
0x18a5	0x0	0x18a5
0x18a6	0x0	0x18a6
0x18a7	0x0	0x18a7
0x18a8	0x0	0x18a8
0x18a9	0x0	0x18a9
0x18aa	0x0	0x18aa
0x18ab	0x0	0x18ab
0x18ac	0x0	0x18ac
0x18ad	0x0	0x18ad
0x18ae	0x0	0x18ae
0x18af	0x0	0x18af
0x18b0	0x0	0x18b0
0x18b1	0x0	0x18b1
0x18b2	0x0	0x18b2
0x18b3	0x0	0x18b3
0x18b4	0x0	0x18b4
0x18b5	0x0	0x18b5
0x18b6	0x0	0x18b6
0x18b7	0x0	0x18b7
0x18b8	0x0	0x18b8
0x18b9	0x0	0x18b9
0x18ba	0x0	0x18ba
0x18bb	0x0	0x18bb
0x18bc	0x0	0x18bc
0x18bd	0x0	0x18bd
0x18be	0x0	0x18be
0x18bf	0x0	0x18bf
0x18c0	0x0	0x18c0
0x18c1	0x0	0x18c1
0x18c2	0x0	0x18c2
0x18c3	0x0	0x18c3
0x18c4	0x0	0x18c4
0x18c5	0x0	0x18c5
0x18c6	0x0	0x18c6
0x18c7	0x0	0x18c7
0x18c8	0x0	0x18c8
0x18c9	0x0	0x18c9
0x18ca	0x0	0x18ca
0x18cb	0x0	0x18cb
0x18cc	0x0	0x18cc
0x18cd	0x0	0x18cd
0x18d1	0x0	0x18d1
0x18d2	0x0	0x18d2
0x18d3	0x0	0x18d3
0x18d7	0x0	0x18d7
0x18d8	0x0	0x18d8
0x18d9	0x0	0x18d9
0x18da	0x0	0x18da
0x18db	0x0	0x18db
0x18dc	0x0	0x18dc
0x18dd	0x0	0x18dd
0x18de	0x0	0x18de
0x18df	0x0	0x18df
0x18e0	0x0	0x18e0
0x18e1	0x0	0x18e1
0x18e2	0x0	0x18e2
0x18e3	0x0	0x18e3
0x18e4	0x0	0x18e4
0x18e5	0x0	0x18e5
0x18e6	0x0	0x18e6
0x18e7	0x0	0x18e7
0x18e8	0x0	0x18e8
0x18e9	0x0	0x18e9
0x18ea	0x0	0x18ea
0x18eb	0x0	0x18eb
0x18ec	0x0	0x18ec
0x18ed	0x0	0x18ed
0x18ee	0x0	0x18ee
0x18ef	0x0	0x18ef
0x18f0	0x0	0x18f0
0x18f1	0x0	0x18f1
0x18f2	0x0	0x18f2
0x18f3	0x0	0x18f3
0x18f4	0x0	0x18f4
0x18f5	0x0	0x18f5
0x18f6	0x0	0x18f6
0x18f7	0x0	0x18f7
0x18f8	0x0	0x18f8
0x18f9	0x0	0x18f9
0x18fa	0x0	0x18fa
0x18fb	0x0	0x18fb
0x18fc	0x0	0x18fc
0x18fd	0x0	0x18fd
0x18fe	0x0	0x18fe
0x18ff	0x0	0x18ff
0x1900	0x0	0x1900
0x1901	0x0	0x1901
0x1902	0x0	0x1902
0x1903	0x0	0x1903
0x190b	0x0	0x190b
0x190c	0x0	0x190c
0x190d	0x0	0x190d
0x190e	0x0	0x190e
0x190f	0x0	0x190f
0x1910	0x0	0x1910
0x1911	0x0	0x1911
0x1912	0x0	0x1912
0x1913	0x0	0x1913
0x1914	0x0	0x1914
0x1915	0x0	0x1915
0x1916	0x0	0x1916
0x1917	0x0	0x1917
0x1918	0x0	0x1918
0x1919	0x0	0x1919
0x191a	0x0	0x191a
0x191b	0x0	0x191b
0x191c	0x0	0x191c
0x191d	0x0	0x191d
0x191e	0x0	0x191e
0x191f	0x0	0x191f
0x1920	0x0	0x1920
0x1921	0x0	0x1921
0x1922	0x0	0x1922
0x1923	0x0	0x1923
0x1924	0x0	0x1924
0x1925	0x0	0x1925
0x1926	0x0	0x1926
0x1927	0x0	0x1927
0x1928	0x0	0x1928
0x1929	0x0	0x1929
0x192a	0x0	0x192a
0x192b	0x0	0x192b
0x192c	0x0	0x192c
0x192d	0x0	0x192d
0x192e	0x0	0x192e
0x192f	0x0	0x192f
0x1930	0x0	0x1930
0x1931	0x0	0x1931
0x1932	0x0	0x1932
0x1933	0x0	0x1933
0x1934	0x0	0x1934
0x1935	0x0	0x1935
0x1936	0x0	0x1936
0x1937	0x0	0x1937
0x1938	0x0	0x1938
0x1939	0x0	0x1939
0x193a	0x0	0x193a
0x193b	0x0	0x193b
0x193c	0x0	0x193c
0x193d	0x0	0x193d
0x193e	0x0	0x193e
0x193f	0x0	0x193f
0x1940	0x0	0x1940
0x1941	0x0	0x1941
0x1942	0x0	0x1942
0x1943	0x0	0x1943
0x1944	0x0	0x1944
0x1945	0x0	0x1945
0x1946	0x0	0x1946
0x1947	0x0	0x1947
0x1948	0x0	0x1948
0x1949	0x0	0x1949
0x194a	0x0	0x194a
0x194b	0x0	0x194b
0x194c	0x0	0x194c
0x194d	0x0	0x194d
0x194e	0x0	0x194e
0x194f	0x0	0x194f
0x1950	0x0	0x1950
0x1951	0x0	0x1951
0x1952	0x0	0x1952
0x1953	0x0	0x1953
0x1954	0x0	0x1954
0x1955	0x0	0x1955
0x1956	0x0	0x1956
0x1957	0x0	0x1957
0x1958	0x0	0x1958
0x1959	0x0	0x1959
0x195a	0x0	0x195a
0x195b	0x0	0x195b
0x195c	0x0	0x195c
0x195d	0x0	0x195d
0x195e	0x0	0x195e
0x195f	0x0	0x195f
0x1960	0x0	0x1960
0x1961	0x0	0x1961
0x1962	0x0	0x1962
0x1963	0x0	0x1963
0x1964	0x0	0x1964
0x1965	0x0	0x1965
0x1966	0x0	0x1966
0x1967	0x0	0x1967
0x1968	0x0	0x1968
0x1969	0x0	0x1969
0x196a	0x0	0x196a
0x196b	0x0	0x196b
0x196c	0x0	0x196c
0x196d	0x0	0x196d
0x1972	0x0	0x1972
0x1973	0x0	0x1973
0x1974	0x0	0x1974
0x1975	0x0	0x1975
0x1976	0x0	0x1976
0x1977	0x0	0x1977
0x197f	0x0	0x197f
0x1980	0x0	0x1980
0x1981	0x0	0x1981
0x1982	0x0	0x1982
0x1983	0x0	0x1983
0x1984	0x0	0x1984
0x1985	0x0	0x1985
0x1986	0x0	0x1986
0x1987	0x0	0x1987
0x1988	0x0	0x1988
0x1989	0x0	0x1989
0x198a	0x0	0x198a
0x198b	0x0	0x198b
0x198c	0x0	0x198c
0x198d	0x0	0x198d
0x198e	0x0	0x198e
0x198f	0x0	0x198f
0x1990	0x0	0x1990
0x1991	0x0	0x1991
0x1992	0x0	0x1992
0x1993	0x0	0x1993
0x1994	0x0	0x1994
0x1995	0x0	0x1995
0x1996	0x0	0x1996
0x1997	0x0	0x1997
0x1998	0x0	0x1998
0x1999	0x0	0x1999
0x199a	0x0	0x199a
0x199b	0x0	0x199b
0x199c	0x0	0x199c
0x199d	0x0	0x199d
0x199e	0x0	0x199e
0x199f	0x0	0x199f
0x19a0	0x0	0x19a0
0x19a1	0x0	0x19a1
0x19a2	0x0	0x19a2
0x19a3	0x0	0x19a3
0x19a8	0x0	0x19a8
0x19a9	0x0	0x19a9
0x19ad	0x0	0x19ad
0x19ae	0x0	0x19ae
0x19af	0x0	0x19af
0x19b0	0x0	0x19b0
0x19b1	0x0	0x19b1
0x19b2	0x0	0x19b2
0x19b3	0x0	0x19b3
0x19b4	0x0	0x19b4
0x19b5	0x0	0x19b5
0x19b6	0x0	0x19b6
0x19b7	0x0	0x19b7
0x19b8	0x0	0x19b8
0x19b9	0x0	0x19b9
0x19ba	0x0	0x19ba
0x19bb	0x0	0x19bb
0x19bc	0x0	0x19bc
0x19bd	0x0	0x19bd
0x19be	0x0	0x19be
0x19bf	0x0	0x19bf
0x19c0	0x0	0x19c0
0x19c1	0x0	0x19c1
0x19c2	0x0	0x19c2
0x19c3	0x0	0x19c3
0x19c4	0x0	0x19c4
0x19c5	0x0	0x19c5
0x19c9	0x0	0x19c9
0x19ca	0x0	0x19ca
0x19cb	0x0	0x19cb
0x19cc	0x0	0x19cc
0x19cd	0x0	0x19cd
0x19ce	0x0	0x19ce
0x19cf	0x0	0x19cf
0x19d0	0x0	0x19d0
0x19d1	0x0	0x19d1
0x19d2	0x0	0x19d2
0x19d3	0x0	0x19d3
0x19d4	0x0	0x19d4
0x19d5	0x0	0x19d5
0x19d6	0x0	0x19d6
0x19d7	0x0	0x19d7
0x19d8	0x0	0x19d8
0x19d9	0x0	0x19d9
0x19da	0x0	0x19da
0x19db	0x0	0x19db
0x19dc	0x0	0x19dc
0x19dd	0x0	0x19dd
0x19de	0x0	0x19de
0x19df	0x0	0x19df
0x19e0	0x0	0x19e0
0x19e1	0x0	0x19e1
0x19e2	0x0	0x19e2
0x19e3	0x0	0x19e3
0x19e4	0x0	0x19e4
0x19e5	0x0	0x19e5
0x19e6	0x0	0x19e6
0x19e7	0x0	0x19e7
0x19ec	0x0	0x19ec
0x19ed	0x0	0x19ed
0x19ee	0x0	0x19ee
0x19ef	0x0	0x19ef
0x19f0	0x0	0x19f0
0x19f1	0x0	0x19f1
0x19f2	0x0	0x19f2
0x19f3	0x0	0x19f3
0x19f4	0x0	0x19f4
0x19f5	0x0	0x19f5
0x19fd	0x0	0x19fd
0x19fe	0x0	0x19fe
0x19ff	0x0	0x19ff
0x1a03	0x0	0x1a03
0x1a04	0x0	0x1a04
0x1a05	0x0	0x1a05
0x1a06	0x0	0x1a06
0x1a07	0x0	0x1a07
0x1a08	0x0	0x1a08
0x1a09	0x0	0x1a09
0x1a0a	0x0	0x1a0a
0x1a0b	0x0	0x1a0b
0x1a0c	0x0	0x1a0c
0x1a0d	0x0	0x1a0d
0x1a0e	0x0	0x1a0e
0x1a0f	0x0	0x1a0f
0x1a13	0x0	0x1a13
0x1a14	0x0	0x1a14
0x1a15	0x0	0x1a15
0x1a16	0x0	0x1a16
0x1a17	0x0	0x1a17
0x1a18	0x0	0x1a18
0x1a1b	0x0	0x1a1b
0x1a1c	0x0	0x1a1c
0x1a1d	0x0	0x1a1d
0x1a1e	0x0	0x1a1e
0x1a1f	0x0	0x1a1f
0x1a22	0x0	0x1a22
0x1a23	0x0	0x1a23
0x1a24	0x0	0x1a24
0x1a25	0x0	0x1a25
0x1a26	0x0	0x1a26
0x1a2e	0x0	0x1a2e
0x1a2f	0x0	0x1a2f
0x1a33	0x0	0x1a33
0x1a34	0x0	0x1a34
0x1a35	0x0	0x1a35
0x1a36	0x0	0x1a36
0x1a37	0x0	0x1a37
0x1a38	0x0	0x1a38
0x1a39	0x0	0x1a39
0x1a3a	0x0	0x1a3a
0x1a3b	0x0	0x1a3b
0x1a3c	0x0	0x1a3c
0x1a3d	0x0	0x1a3d
0x1a3e	0x0	0x1a3e
0x1a41	0x0	0x1a41
0x1a42	0x0	0x1a42
0x1a43	0x0	0x1a43
0x1a44	0x0	0x1a44
0x1a45	0x0	0x1a45
0x1a48	0x0	0x1a48
0x1a49	0x0	0x1a49
0x1a4a	0x0	0x1a4a
0x1a4b	0x0	0x1a4b
0x1a4c	0x0	0x1a4c
0x1a4d	0x0	0x1a4d
0x1a4e	0x0	0x1a4e
0x1a4f	0x0	0x1a4f
0x1a50	0x0	0x1a50
0x1a51	0x0	0x1a51
0x1a52	0x0	0x1a52
0x1a53	0x0	0x1a53
0x1a54	0x0	0x1a54
0x1a55	0x0	0x1a55
0x1a56	0x0	0x1a56
0x1a57	0x0	0x1a57
0x1a5d	0x0	0x1a5d
0x1a5e	0x0	0x1a5e
0x1a5f	0x0	0x1a5f
0x1a60	0x0	0x1a60
0x1a61	0x0	0x1a61
0x1a62	0x0	0x1a62
0x1a6a	0x0	0x1a6a
0x1a6b	0x0	0x1a6b
0x1a6c	0x0	0x1a6c
0x1a6d	0x0	0x1a6d
0x1a6e	0x0	0x1a6e
0x1a6f	0x0	0x1a6f
0x1a70	0x0	0x1a70
0x1a71	0x0	0x1a71
0x1a72	0x0	0x1a72
0x1a73	0x0	0x1a73
0x1a79	0x0	0x1a79
0x1a7a	0x0	0x1a7a
0x1a7b	0x0	0x1a7b
0x1a7c	0x0	0x1a7c
0x1a7d	0x0	0x1a7d
0x1a7e	0x0	0x1a7e
0x1a7f	0x0	0x1a7f
0x1a80	0x0	0x1a80
0x1a81	0x0	0x1a81
0x1a82	0x0	0x1a82
0x1a83	0x0	0x1a83
0x1a84	0x0	0x1a84
0x1a85	0x0	0x1a85
0x1a86	0x0	0x1a86
0x1a87	0x0	0x1a87
0x1a88	0x0	0x1a88
0x1a89	0x0	0x1a89
0x1a8a	0x0	0x1a8a
0x1a8b	0x0	0x1a8b
0x1a8f	0x0	0x1a8f
0x1a97	0x0	0x1a97
0x1a98	0x0	0x1a98
0x1a99	0x0	0x1a99
0x1a9d	0x0	0x1a9d
0x1aa2	0x0	0x1aa2
0x1aa3	0x0	0x1aa3
0x1aab	0x0	0x1aab
0x1ab1	0x0	0x1ab1
0x1ab9	0x0	0x1ab9
0x1aba	0x0	0x1aba
0x1abb	0x0	0x1abb
0x1abf	0x0	0x1abf
0x1ac5	0x0	0x1ac5
0x1acc	0x0	0x1acc
0x1acd	0x0	0x1acd
0x1ad4	0x0	0x1ad4
0x1ad5	0x0	0x1ad5
0x1ad6	0x0	0x1ad6
0x1ad7	0x0	0x1ad7
0x1ad8	0x0	0x1ad8
0x1ad9	0x0	0x1ad9
0x1ada	0x0	0x1ada
0x1adb	0x0	0x1adb
0x1adc	0x0	0x1adc
0x1add	0x0	0x1add
0x1ade	0x0	0x1ade
0x1adf	0x0	0x1adf
0x1ae0	0x0	0x1ae0
0x1ae1	0x0	0x1ae1
0x1ae2	0x0	0x1ae2
0x1ae3	0x0	0x1ae3
0x1ae4	0x0	0x1ae4
0x1ae5	0x0	0x1ae5
0x1ae6	0x0	0x1ae6
0x1ae7	0x0	0x1ae7
0x1ae8	0x0	0x1ae8
0x1ae9	0x0	0x1ae9
0x1aea	0x0	0x1aea
0x1aeb	0x0	0x1aeb
0x1aec	0x0	0x1aec
0x1aed	0x0	0x1aed
0x1aee	0x0	0x1aee
0x1aef	0x0	0x1aef
0x1af0	0x0	0x1af0
0x1af1	0x0	0x1af1
0x1af2	0x0	0x1af2
0x1af3	0x0	0x1af3
0x1af4	0x0	0x1af4
0x1af5	0x0	0x1af5
0x1af6	0x0	0x1af6
0x1af7	0x0	0x1af7
0x1af8	0x0	0x1af8
0x1af9	0x0	0x1af9
0x1afa	0x0	0x1afa
0x1afb	0x0	0x1afb
0x1afc	0x0	0x1afc
0x1afd	0x0	0x1afd
0x1afe	0x0	0x1afe
0x1aff	0x0	0x1aff
0x1b00	0x0	0x1b00
0x1b01	0x0	0x1b01
0x1b02	0x0	0x1b02
0x1b03	0x0	0x1b03
0x1b04	0x0	0x1b04
0x1b05	0x0	0x1b05
0x1b06	0x0	0x1b06
0x1b07	0x0	0x1b07
0x1b08	0x0	0x1b08
0x1b09	0x0	0x1b09
0x1b0a	0x0	0x1b0a
0x1b0b	0x0	0x1b0b
0x1b0c	0x0	0x1b0c
0x1b0d	0x0	0x1b0d
0x1b0e	0x0	0x1b0e
0x1b0f	0x0	0x1b0f
0x1b10	0x0	0x1b10
0x1b11	0x0	0x1b11
0x1b12	0x0	0x1b12
0x1b13	0x0	0x1b13
0x1b14	0x0	0x1b14
0x1b15	0x0	0x1b15
0x1b16	0x0	0x1b16
0x1b17	0x0	0x1b17
0x1b18	0x0	0x1b18
0x1b19	0x0	0x1b19
0x1b1d	0x0	0x1b1d
0x1b1e	0x0	0x1b1e
0x1b1f	0x0	0x1b1f
0x1b20	0x0	0x1b20
0x1b21	0x0	0x1b21
0x1b22	0x0	0x1b22
0x1b23	0x0	0x1b23
0x1b24	0x0	0x1b24
0x1b25	0x0	0x1b25
0x1b2b	0x0	0x1b2b
0x1b2c	0x0	0x1b2c
0x1b2d	0x0	0x1b2d
0x1b2e	0x0	0x1b2e
0x1b2f	0x0	0x1b2f
0x1b30	0x0	0x1b30
0x1b31	0x0	0x1b31
0x1b32	0x0	0x1b32
0x1b33	0x0	0x1b33
0x1b34	0x0	0x1b34
0x1b35	0x0	0x1b35
0x1b36	0x0	0x1b36
0x1b37	0x0	0x1b37
0x1b38	0x0	0x1b38
0x1b39	0x0	0x1b39
0x1b3a	0x0	0x1b3a
0x1b3b	0x0	0x1b3b
0x1b3f	0x0	0x1b3f
0x1b40	0x0	0x1b40
0x1b41	0x0	0x1b41
0x1b42	0x0	0x1b42
0x1b43	0x0	0x1b43
0x1b44	0x0	0x1b44
0x1b45	0x0	0x1b45
0x1b4b	0x0	0x1b4b
0x1b4f	0x0	0x1b4f
0x1b50	0x0	0x1b50
0x1b51	0x0	0x1b51
0x1b52	0x0	0x1b52
0x1b53	0x0	0x1b53
0x1b54	0x0	0x1b54
0x1b55	0x0	0x1b55
0x1b56	0x0	0x1b56
0x1b57	0x0	0x1b57
0x1b58	0x0	0x1b58
0x1b59	0x0	0x1b59
0x1b5a	0x0	0x1b5a
0x1b5b	0x0	0x1b5b
0x1b5c	0x0	0x1b5c
0x1b5d	0x0	0x1b5d
0x1b5e	0x0	0x1b5e
0x1b5f	0x0	0x1b5f
0x1b60	0x0	0x1b60
0x1b61	0x0	0x1b61
0x1b62	0x0	0x1b62
0x1b63	0x0	0x1b63
0x1b6b	0x0	0x1b6b
0x1b6c	0x0	0x1b6c
0x1b6d	0x0	0x1b6d
0x1b73	0x0	0x1b73
0x1b74	0x0	0x1b74
0x1b75	0x0	0x1b75
0x1b76	0x0	0x1b76
0x1b77	0x0	0x1b77
0x1b78	0x0	0x1b78
0x1b79	0x0	0x1b79
0x1b7a	0x0	0x1b7a
0x1b7b	0x0	0x1b7b
0x1b7c	0x0	0x1b7c
0x1b7d	0x0	0x1b7d
0x1b7e	0x0	0x1b7e
0x1b7f	0x0	0x1b7f
0x1b80	0x0	0x1b80
0x1b81	0x0	0x1b81
0x1b82	0x0	0x1b82
0x1b83	0x0	0x1b83
0x1b84	0x0	0x1b84
0x1b85	0x0	0x1b85
0x1b86	0x0	0x1b86
0x1b87	0x0	0x1b87
0x1b88	0x0	0x1b88
0x1b89	0x0	0x1b89
0x1b8a	0x0	0x1b8a
0x1b8b	0x0	0x1b8b
0x1b8c	0x0	0x1b8c
0x1b8d	0x0	0x1b8d
0x1b8e	0x0	0x1b8e
0x1b8f	0x0	0x1b8f
0x1b92	0x0	0x1b92
0x1b93	0x0	0x1b93
0x1b94	0x0	0x1b94
0x1b95	0x0	0x1b95
0x1b96	0x0	0x1b96
0x1b97	0x0	0x1b97
0x1b98	0x0	0x1b98
0x1b99	0x0	0x1b99
0x1b9a	0x0	0x1b9a
0x1b9b	0x0	0x1b9b
0x1b9c	0x0	0x1b9c
0x1b9d	0x0	0x1b9d
0x1b9e	0x0	0x1b9e
0x1b9f	0x0	0x1b9f
0x1ba0	0x0	0x1ba0
0x1ba1	0x0	0x1ba1
0x1ba2	0x0	0x1ba2
0x1ba3	0x0	0x1ba3
0x1ba4	0x0	0x1ba4
0x1ba5	0x0	0x1ba5
0x1ba9	0x0	0x1ba9
0x1baa	0x0	0x1baa
0x1bab	0x0	0x1bab
0x1bac	0x0	0x1bac
0x1bad	0x0	0x1bad
0x1bae	0x0	0x1bae
0x1baf	0x0	0x1baf
0x1bb0	0x0	0x1bb0
0x1bb1	0x0	0x1bb1
0x1bb2	0x0	0x1bb2
0x1bb3	0x0	0x1bb3
0x1bb4	0x0	0x1bb4
0x1bb5	0x0	0x1bb5
0x1bb6	0x0	0x1bb6
0x1bb7	0x0	0x1bb7
0x1bb8	0x0	0x1bb8
0x1bb9	0x0	0x1bb9
0x1bba	0x0	0x1bba
0x1bbb	0x0	0x1bbb
0x1bbc	0x0	0x1bbc
0x1bbd	0x0	0x1bbd
0x1bbe	0x0	0x1bbe
0x1bc1	0x0	0x1bc1
0x1bc5	0x0	0x1bc5
0x1bc6	0x0	0x1bc6
0x1bc7	0x0	0x1bc7
0x1bc8	0x0	0x1bc8
0x1bc9	0x0	0x1bc9
0x1bcd	0x0	0x1bcd
0x1bce	0x0	0x1bce
0x1bcf	0x0	0x1bcf
0x1bd0	0x0	0x1bd0
0x1bd1	0x0	0x1bd1
0x1bd2	0x0	0x1bd2
0x1bd3	0x0	0x1bd3
0x1bd4	0x0	0x1bd4
0x1bd5	0x0	0x1bd5
0x1bd6	0x0	0x1bd6
0x1bd7	0x0	0x1bd7
0x1bd8	0x0	0x1bd8
0x1bd9	0x0	0x1bd9
0x1bda	0x0	0x1bda
0x1bdb	0x0	0x1bdb
0x1bdc	0x0	0x1bdc
0x1bdd	0x0	0x1bdd
0x1bde	0x0	0x1bde
0x1bdf	0x0	0x1bdf
0x1be0	0x0	0x1be0
0x1be1	0x0	0x1be1
0x1be7	0x0	0x1be7
0x1bee	0x0	0x1bee
0x1bef	0x0	0x1bef
0x1bf0	0x0	0x1bf0
0x1bf1	0x0	0x1bf1
0x1bf2	0x0	0x1bf2
0x1bf5	0x0	0x1bf5
0x1bf6	0x0	0x1bf6
0x1bf7	0x0	0x1bf7
0x1bf8	0x0	0x1bf8
0x1bf9	0x0	0x1bf9
0x1bfc	0x0	0x1bfc
0x1bfd	0x0	0x1bfd
0x1bfe	0x0	0x1bfe
0x1bff	0x0	0x1bff
0x1c00	0x0	0x1c00
0x1c08	0x0	0x1c08
0x1c09	0x0	0x1c09
0x1c10	0x0	0x1c10
0x1c11	0x0	0x1c11
0x1c12	0x0	0x1c12
0x1c13	0x0	0x1c13
0x1c14	0x0	0x1c14
0x1c1c	0x0	0x1c1c
0x1c1d	0x0	0x1c1d
0x1c1e	0x0	0x1c1e
0x1c1f	0x0	0x1c1f
0x1c20	0x0	0x1c20
0x1c21	0x0	0x1c21
0x1c22	0x0	0x1c22
0x1c23	0x0	0x1c23
0x1c24	0x0	0x1c24
0x1c27	0x0	0x1c27
0x1c28	0x0	0x1c28
0x1c29	0x0	0x1c29
0x1c2a	0x0	0x1c2a
0x1c2b	0x0	0x1c2b
0x1c2e	0x0	0x1c2e
0x1c2f	0x0	0x1c2f
0x1c30	0x0	0x1c30
0x1c31	0x0	0x1c31
0x1c32	0x0	0x1c32
0x1c3a	0x0	0x1c3a
0x1c3b	0x0	0x1c3b
0x1c3c	0x0	0x1c3c
0x1c3d	0x0	0x1c3d
0x1c3e	0x0	0x1c3e
0x1c3f	0x0	0x1c3f
0x1c40	0x0	0x1c40
0x1c41	0x0	0x1c41
0x1c42	0x0	0x1c42
0x1c43	0x0	0x1c43
0x1c44	0x0	0x1c44
0x1c45	0x0	0x1c45
0x1c46	0x0	0x1c46
0x1c47	0x0	0x1c47
0x1c48	0x0	0x1c48
0x1c49	0x0	0x1c49
0x1c4a	0x0	0x1c4a
0x1c4b	0x0	0x1c4b
0x1c4c	0x0	0x1c4c
0x1c4d	0x0	0x1c4d
0x1c4e	0x0	0x1c4e
0x1c4f	0x0	0x1c4f
0x1c50	0x0	0x1c50
0x1c51	0x0	0x1c51
0x1c52	0x0	0x1c52
0x1c53	0x0	0x1c53
0x1c54	0x0	0x1c54
0x1c55	0x0	0x1c55
0x1c56	0x0	0x1c56
0x1c57	0x0	0x1c57
0x1c58	0x0	0x1c58
0x1c59	0x0	0x1c59
0x1c5a	0x0	0x1c5a
0x1c61	0x0	0x1c61
0x1c64	0x0	0x1c64
0x1c6c	0x0	0x1c6c
0x1c6d	0x0	0x1c6d
0x1c6e	0x0	0x1c6e
0x1c6f	0x0	0x1c6f
0x1c70	0x0	0x1c70
0x1c71	0x0	0x1c71
0x1c72	0x0	0x1c72
0x1c73	0x0	0x1c73
0x1c74	0x0	0x1c74
0x1c75	0x0	0x1c75
0x1c76	0x0	0x1c76
0x1c77	0x0	0x1c77
0x1c78	0x0	0x1c78
0x1c79	0x0	0x1c79
0x1c7a	0x0	0x1c7a
0x1c7b	0x0	0x1c7b
0x1c7c	0x0	0x1c7c
0x1c7f	0x0	0x1c7f
0x1c80	0x0	0x1c80
0x1c81	0x0	0x1c81
0x1c82	0x0	0x1c82
0x1c83	0x0	0x1c83
0x1c86	0x0	0x1c86
0x1c87	0x0	0x1c87
0x1c88	0x0	0x1c88
0x1c89	0x0	0x1c89
0x1c8a	0x0	0x1c8a
0x1c8b	0x0	0x1c8b
0x1c8c	0x0	0x1c8c
0x1c8d	0x0	0x1c8d
0x1c8e	0x0	0x1c8e
0x1c8f	0x0	0x1c8f
0x1c90	0x0	0x1c90
0x1c91	0x0	0x1c91
0x1c92	0x0	0x1c92
0x1c93	0x0	0x1c93
0x1c94	0x0	0x1c94
0x1c95	0x0	0x1c95
0x1c96	0x0	0x1c96
0x1c97	0x0	0x1c97
0x1c98	0x0	0x1c98
0x1c99	0x0	0x1c99
0x1c9a	0x0	0x1c9a
0x1c9b	0x0	0x1c9b
0x1c9c	0x0	0x1c9c
0x1c9d	0x0	0x1c9d
0x1c9e	0x0	0x1c9e
0x1c9f	0x0	0x1c9f
0x1ca0	0x0	0x1ca0
0x1ca1	0x0	0x1ca1
0x1ca2	0x0	0x1ca2
0x1ca3	0x0	0x1ca3
0x1ca4	0x0	0x1ca4
0x1ca5	0x0	0x1ca5
0x1ca6	0x0	0x1ca6
0x1ca7	0x0	0x1ca7
0x1ca8	0x0	0x1ca8
0x1ca9	0x0	0x1ca9
0x1caa	0x0	0x1caa
0x1cab	0x0	0x1cab
0x1cac	0x0	0x1cac
0x1cad	0x0	0x1cad
0x1cae	0x0	0x1cae
0x1caf	0x0	0x1caf
0x1cb0	0x0	0x1cb0
0x1cb1	0x0	0x1cb1
0x1cb2	0x0	0x1cb2
0x1cb3	0x0	0x1cb3
0x1cb4	0x0	0x1cb4
0x1cb5	0x0	0x1cb5
0x1cb6	0x0	0x1cb6
0x1cb7	0x0	0x1cb7
0x1cb8	0x0	0x1cb8
0x1cb9	0x0	0x1cb9
0x1cba	0x0	0x1cba
0x1cbb	0x0	0x1cbb
0x1cbc	0x0	0x1cbc
0x1cbd	0x0	0x1cbd
0x1cbe	0x0	0x1cbe
0x1cbf	0x0	0x1cbf
0x1cc0	0x0	0x1cc0
0x1cc1	0x0	0x1cc1
0x1cc2	0x0	0x1cc2
0x1cc3	0x0	0x1cc3
0x1cc4	0x0	0x1cc4
0x1cc5	0x0	0x1cc5
0x1cc6	0x0	0x1cc6
0x1cc7	0x0	0x1cc7
0x1cc8	0x0	0x1cc8
0x1cc9	0x0	0x1cc9
0x1cca	0x0	0x1cca
0x1ccb	0x0	0x1ccb
0x1ccc	0x0	0x1ccc
0x1ccd	0x0	0x1ccd
0x1cce	0x0	0x1cce
0x1ccf	0x0	0x1ccf
0x1cd0	0x0	0x1cd0
0x1cd1	0x0	0x1cd1
0x1cd2	0x0	0x1cd2
0x1cd3	0x0	0x1cd3
0x1cd4	0x0	0x1cd4
0x1cd5	0x0	0x1cd5
0x1cd6	0x0	0x1cd6
0x1cd7	0x0	0x1cd7
0x1cd8	0x0	0x1cd8
0x1cd9	0x0	0x1cd9
0x1cdd	0x0	0x1cdd
0x1cde	0x0	0x1cde
0x1cdf	0x0	0x1cdf
0x1ce0	0x0	0x1ce0
0x1ce1	0x0	0x1ce1
0x1ce8	0x0	0x1ce8
0x1ce9	0x0	0x1ce9
0x1cea	0x0	0x1cea
0x1ceb	0x0	0x1ceb
0x1cec	0x0	0x1cec
0x1cf4	0x0	0x1cf4
0x1cf9	0x0	0x1cf9
0x1cfa	0x0	0x1cfa
0x1d02	0x0	0x1d02
0x1d03	0x0	0x1d03
0x1d0a	0x0	0x1d0a
0x1d0b	0x0	0x1d0b
0x1d0c	0x0	0x1d0c
0x1d0d	0x0	0x1d0d
0x1d0e	0x0	0x1d0e
0x1d16	0x0	0x1d16
0x1d17	0x0	0x1d17
0x1d18	0x0	0x1d18
0x1d19	0x0	0x1d19
0x1d1a	0x0	0x1d1a
0x1d1b	0x0	0x1d1b
0x1d1c	0x0	0x1d1c
0x1d1d	0x0	0x1d1d
0x1d1e	0x0	0x1d1e
0x1d1f	0x0	0x1d1f
0x1d20	0x0	0x1d20
0x1d21	0x0	0x1d21
0x1d22	0x0	0x1d22
0x1d23	0x0	0x1d23
0x1d24	0x0	0x1d24
0x1d25	0x0	0x1d25
0x1d26	0x0	0x1d26
0x1d27	0x0	0x1d27
0x1d28	0x0	0x1d28
0x1d29	0x0	0x1d29
0x1d2a	0x0	0x1d2a
0x1d2b	0x0	0x1d2b
0x1d33	0x0	0x1d33
0x1d34	0x0	0x1d34
0x1d35	0x0	0x1d35
0x1d36	0x0	0x1d36
0x1d37	0x0	0x1d37
0x1d38	0x0	0x1d38
0x1d39	0x0	0x1d39
0x1d3a	0x0	0x1d3a
0x1d3b	0x0	0x1d3b
0x1d3c	0x0	0x1d3c
0x1d3f	0x0	0x1d3f
0x1d40	0x0	0x1d40
0x1d41	0x0	0x1d41
0x1d42	0x0	0x1d42
0x1d43	0x0	0x1d43
0x1d46	0x0	0x1d46
0x1d47	0x0	0x1d47
0x1d48	0x0	0x1d48
0x1d49	0x0	0x1d49
0x1d4a	0x0	0x1d4a
0x1d50	0x0	0x1d50
0x1d51	0x0	0x1d51
0x1d58	0x0	0x1d58
0x1d59	0x0	0x1d59
0x1d5a	0x0	0x1d5a
0x1d5b	0x0	0x1d5b
0x1d5c	0x0	0x1d5c
0x1d5d	0x0	0x1d5d
0x1d5e	0x0	0x1d5e
0x1d5f	0x0	0x1d5f
0x1d60	0x0	0x1d60
0x1d61	0x0	0x1d61
0x1d62	0x0	0x1d62
0x1d63	0x0	0x1d63
0x1d64	0x0	0x1d64
0x1d65	0x0	0x1d65
0x1d66	0x0	0x1d66
0x1d67	0x0	0x1d67
0x1d68	0x0	0x1d68
0x1d69	0x0	0x1d69
0x1d6a	0x0	0x1d6a
0x1d6b	0x0	0x1d6b
0x1d6c	0x0	0x1d6c
0x1d6d	0x0	0x1d6d
0x1d6e	0x0	0x1d6e
0x1d6f	0x0	0x1d6f
0x1d70	0x0	0x1d70
0x1d77	0x0	0x1d77
0x1d7a	0x0	0x1d7a
0x1d82	0x0	0x1d82
0x1d83	0x0	0x1d83
0x1d84	0x0	0x1d84
0x1d85	0x0	0x1d85
0x1d86	0x0	0x1d86
0x1d87	0x0	0x1d87
0x1d88	0x0	0x1d88
0x1d89	0x0	0x1d89
0x1d8a	0x0	0x1d8a
0x1d8b	0x0	0x1d8b
0x1d8c	0x0	0x1d8c
0x1d8d	0x0	0x1d8d
0x1d8e	0x0	0x1d8e
0x1d8f	0x0	0x1d8f
0x1d90	0x0	0x1d90
0x1d91	0x0	0x1d91
0x1d92	0x0	0x1d92
0x1d95	0x0	0x1d95
0x1d96	0x0	0x1d96
0x1d97	0x0	0x1d97
0x1d98	0x0	0x1d98
0x1d99	0x0	0x1d99
0x1d9c	0x0	0x1d9c
0x1d9d	0x0	0x1d9d
0x1d9e	0x0	0x1d9e
0x1d9f	0x0	0x1d9f
0x1da0	0x0	0x1da0
0x1da1	0x0	0x1da1
0x1da2	0x0	0x1da2
0x1da3	0x0	0x1da3
0x1da4	0x0	0x1da4
0x1da5	0x0	0x1da5
0x1da6	0x0	0x1da6
0x1da7	0x0	0x1da7
0x1da8	0x0	0x1da8
0x1da9	0x0	0x1da9
0x1daa	0x0	0x1daa
0x1dab	0x0	0x1dab
0x1dac	0x0	0x1dac
0x1dad	0x0	0x1dad
0x1dae	0x0	0x1dae
0x1daf	0x0	0x1daf
0x1db0	0x0	0x1db0
0x1db1	0x0	0x1db1
0x1db2	0x0	0x1db2
0x1db3	0x0	0x1db3
0x1db4	0x0	0x1db4
0x1db5	0x0	0x1db5
0x1db6	0x0	0x1db6
0x1db7	0x0	0x1db7
0x1db8	0x0	0x1db8
0x1db9	0x0	0x1db9
0x1dba	0x0	0x1dba
0x1dbb	0x0	0x1dbb
0x1dbc	0x0	0x1dbc
0x1dbd	0x0	0x1dbd
0x1dbe	0x0	0x1dbe
0x1dbf	0x0	0x1dbf
0x1dc0	0x0	0x1dc0
0x1dc1	0x0	0x1dc1
0x1dc2	0x0	0x1dc2
0x1dc3	0x0	0x1dc3
0x1dc4	0x0	0x1dc4
0x1dc5	0x0	0x1dc5
0x1dc6	0x0	0x1dc6
0x1dc7	0x0	0x1dc7
0x1dc8	0x0	0x1dc8
0x1dc9	0x0	0x1dc9
0x1dca	0x0	0x1dca
0x1dcb	0x0	0x1dcb
0x1dcc	0x0	0x1dcc
0x1dcd	0x0	0x1dcd
0x1dce	0x0	0x1dce
0x1dcf	0x0	0x1dcf
0x1dd0	0x0	0x1dd0
0x1dd1	0x0	0x1dd1
0x1dd2	0x0	0x1dd2
0x1dd3	0x0	0x1dd3
0x1dd4	0x0	0x1dd4
0x1dd5	0x0	0x1dd5
0x1dd6	0x0	0x1dd6
0x1dd7	0x0	0x1dd7
0x1dd8	0x0	0x1dd8
0x1dd9	0x0	0x1dd9
0x1dda	0x0	0x1dda
0x1ddb	0x0	0x1ddb
0x1ddf	0x0	0x1ddf
0x1de0	0x0	0x1de0
0x1de1	0x0	0x1de1
0x1de2	0x0	0x1de2
0x1de3	0x0	0x1de3
0x1dea	0x0	0x1dea
0x1deb	0x0	0x1deb
0x1dec	0x0	0x1dec
0x1ded	0x0	0x1ded
0x1dee	0x0	0x1dee
0x1df6	0x0	0x1df6
0x1dfb	0x0	0x1dfb
0x1dfc	0x0	0x1dfc
0x1e04	0x0	0x1e04
0x1e05	0x0	0x1e05
0x1e0d	0x0	0x1e0d
0x1e0e	0x0	0x1e0e
0x1e0f	0x0	0x1e0f
0x1e10	0x0	0x1e10
0x1e18	0x0	0x1e18
0x1e19	0x0	0x1e19
0x1e1a	0x0	0x1e1a
0x1e1b	0x0	0x1e1b
0x1e1c	0x0	0x1e1c
0x1e1d	0x0	0x1e1d
0x1e1e	0x0	0x1e1e
0x1e1f	0x0	0x1e1f
0x1e20	0x0	0x1e20
0x1e21	0x0	0x1e21
0x1e22	0x0	0x1e22
0x1e23	0x0	0x1e23
0x1e24	0x0	0x1e24
0x1e25	0x0	0x1e25
0x1e26	0x0	0x1e26
0x1e27	0x0	0x1e27
0x1e28	0x0	0x1e28
0x1e29	0x0	0x1e29
0x1e2a	0x0	0x1e2a
0x1e2b	0x0	0x1e2b
0x1e2c	0x0	0x1e2c
0x1e2d	0x0	0x1e2d
0x1e2e	0x0	0x1e2e
0x1e2f	0x0	0x1e2f
0x1e30	0x0	0x1e30
0x1e31	0x0	0x1e31
0x1e32	0x0	0x1e32
0x1e33	0x0	0x1e33
0x1e34	0x0	0x1e34
0x1e37	0x0	0x1e37
0x1e38	0x0	0x1e38
0x1e39	0x0	0x1e39
0x1e3a	0x0	0x1e3a
0x1e3b	0x0	0x1e3b
0x1e3e	0x0	0x1e3e
0x1e3f	0x0	0x1e3f
0x1e40	0x0	0x1e40
0x1e41	0x0	0x1e41
0x1e42	0x0	0x1e42
0x1e43	0x0	0x1e43
0x1e44	0x0	0x1e44
0x1e45	0x0	0x1e45
0x1e46	0x0	0x1e46
0x1e47	0x0	0x1e47
0x1e48	0x0	0x1e48
0x1e4b	0x0	0x1e4b
0x1e4c	0x0	0x1e4c
0x1e4d	0x0	0x1e4d
0x1e4e	0x0	0x1e4e
0x1e4f	0x0	0x1e4f
0x1e52	0x0	0x1e52
0x1e53	0x0	0x1e53
0x1e54	0x0	0x1e54
0x1e55	0x0	0x1e55
0x1e56	0x0	0x1e56
0x1e57	0x0	0x1e57
0x1e58	0x0	0x1e58
0x1e59	0x0	0x1e59
0x1e5a	0x0	0x1e5a
0x1e5b	0x0	0x1e5b
0x1e5c	0x0	0x1e5c
0x1e5d	0x0	0x1e5d
0x1e5e	0x0	0x1e5e
0x1e5f	0x0	0x1e5f
0x1e60	0x0	0x1e60
0x1e61	0x0	0x1e61
0x1e62	0x0	0x1e62
0x1e63	0x0	0x1e63
0x1e64	0x0	0x1e64
0x1e65	0x0	0x1e65
0x1e66	0x0	0x1e66
0x1e67	0x0	0x1e67
0x1e68	0x0	0x1e68
0x1e69	0x0	0x1e69
0x1e6a	0x0	0x1e6a
0x1e6b	0x0	0x1e6b
0x1e6c	0x0	0x1e6c
0x1e6d	0x0	0x1e6d
0x1e6e	0x0	0x1e6e
0x1e6f	0x0	0x1e6f
0x1e70	0x0	0x1e70
0x1e71	0x0	0x1e71
0x1e72	0x0	0x1e72
0x1e73	0x0	0x1e73
0x1e74	0x0	0x1e74
0x1e75	0x0	0x1e75
0x1e76	0x0	0x1e76
0x1e77	0x0	0x1e77
0x1e78	0x0	0x1e78
0x1e79	0x0	0x1e79
0x1e7a	0x0	0x1e7a
0x1e7b	0x0	0x1e7b
0x1e7c	0x0	0x1e7c
0x1e7d	0x0	0x1e7d
0x1e7e	0x0	0x1e7e
0x1e7f	0x0	0x1e7f
0x1e80	0x0	0x1e80
0x1e81	0x0	0x1e81
0x1e82	0x0	0x1e82
0x1e83	0x0	0x1e83
0x1e84	0x0	0x1e84
0x1e85	0x0	0x1e85
0x1e86	0x0	0x1e86
0x1e87	0x0	0x1e87
0x1e88	0x0	0x1e88
0x1e89	0x0	0x1e89
0x1e8a	0x0	0x1e8a
0x1e8b	0x0	0x1e8b
0x1e8c	0x0	0x1e8c
0x1e8d	0x0	0x1e8d
0x1e8e	0x0	0x1e8e
0x1e8f	0x0	0x1e8f
0x1e90	0x0	0x1e90
0x1e91	0x0	0x1e91
0x1e92	0x0	0x1e92
0x1e93	0x0	0x1e93
0x1e94	0x0	0x1e94
0x1e97	0x0	0x1e97
0x1e98	0x0	0x1e98
0x1e99	0x0	0x1e99
0x1e9a	0x0	0x1e9a
0x1e9b	0x0	0x1e9b
0x1e9c	0x0	0x1e9c
0x1e9d	0x0	0x1e9d
0x1e9e	0x0	0x1e9e
0x1e9f	0x0	0x1e9f
0x1ea0	0x0	0x1ea0
0x1ea1	0x0	0x1ea1
0x1ea9	0x0	0x1ea9
0x1eaa	0x0	0x1eaa
0x1eab	0x0	0x1eab
0x1eac	0x0	0x1eac
0x1ead	0x0	0x1ead
0x1eae	0x0	0x1eae
0x1eaf	0x0	0x1eaf
0x1eb0	0x0	0x1eb0
0x1eb1	0x0	0x1eb1
0x1eb5	0x0	0x1eb5
0x1eb9	0x0	0x1eb9
0x1eba	0x0	0x1eba
0x1ebb	0x0	0x1ebb
0x1ebc	0x0	0x1ebc
0x1ebd	0x0	0x1ebd
0x1ebe	0x0	0x1ebe
0x1ebf	0x0	0x1ebf
0x1ec0	0x0	0x1ec0
0x1ec1	0x0	0x1ec1
0x1ec2	0x0	0x1ec2
0x1ec3	0x0	0x1ec3
0x1ec4	0x0	0x1ec4
0x1ec5	0x0	0x1ec5
0x1ec9	0x0	0x1ec9
0x1eca	0x0	0x1eca
0x1ecb	0x0	0x1ecb
0x1ecc	0x0	0x1ecc
0x1ecd	0x0	0x1ecd
0x1ece	0x0	0x1ece
0x1ecf	0x0	0x1ecf
0x1ed0	0x0	0x1ed0
0x1ed1	0x0	0x1ed1
0x1ed2	0x0	0x1ed2
0x1ed3	0x0	0x1ed3
0x1ed4	0x0	0x1ed4
0x1ed5	0x0	0x1ed5
0x1ed6	0x0	0x1ed6
0x1ed7	0x0	0x1ed7
0x1ed8	0x0	0x1ed8
0x1ed9	0x0	0x1ed9
0x1eda	0x0	0x1eda
0x1edd	0x0	0x1edd
0x1ede	0x0	0x1ede
0x1edf	0x0	0x1edf
0x1ee0	0x0	0x1ee0
0x1ee1	0x0	0x1ee1
0x1ee4	0x0	0x1ee4
0x1ee5	0x0	0x1ee5
0x1ee6	0x0	0x1ee6
0x1ee7	0x0	0x1ee7
0x1ee8	0x0	0x1ee8
0x1ee9	0x0	0x1ee9
0x1eea	0x0	0x1eea
0x1eeb	0x0	0x1eeb
0x1eec	0x0	0x1eec
0x1eed	0x0	0x1eed
0x1eee	0x0	0x1eee
0x1eef	0x0	0x1eef
0x1ef0	0x0	0x1ef0
0x1ef1	0x0	0x1ef1
0x1ef2	0x0	0x1ef2
0x1ef3	0x0	0x1ef3
0x1efb	0x0	0x1efb
0x1efc	0x0	0x1efc
0x1efd	0x0	0x1efd
0x1efe	0x0	0x1efe
0x1f06	0x0	0x1f06
0x1f07	0x0	0x1f07
0x1f08	0x0	0x1f08
0x1f09	0x0	0x1f09
0x1f0a	0x0	0x1f0a
0x1f0b	0x0	0x1f0b
0x1f0c	0x0	0x1f0c
0x1f0f	0x0	0x1f0f
0x1f10	0x0	0x1f10
0x1f11	0x0	0x1f11
0x1f12	0x0	0x1f12
0x1f13	0x0	0x1f13
0x1f16	0x0	0x1f16
0x1f17	0x0	0x1f17
0x1f18	0x0	0x1f18
0x1f19	0x0	0x1f19
0x1f1a	0x0	0x1f1a
0x1f1b	0x0	0x1f1b
0x1f1c	0x0	0x1f1c
0x1f1f	0x0	0x1f1f
0x1f20	0x0	0x1f20
0x1f21	0x0	0x1f21
0x1f26	0x0	0x1f26
0x1f27	0x0	0x1f27
0x1f28	0x0	0x1f28
0x1f29	0x0	0x1f29
0x1f2a	0x0	0x1f2a
0x1f2b	0x0	0x1f2b
0x1f2c	0x0	0x1f2c
0x1f2f	0x0	0x1f2f
0x1f30	0x0	0x1f30
0x1f31	0x0	0x1f31
0x1f32	0x0	0x1f32
0x1f33	0x0	0x1f33
0x1f34	0x0	0x1f34
0x1f35	0x0	0x1f35
0x1f36	0x0	0x1f36
0x1f37	0x0	0x1f37
0x1f38	0x0	0x1f38
0x1f39	0x0	0x1f39
0x1f3a	0x0	0x1f3a
0x1f3b	0x0	0x1f3b
0x1f3c	0x0	0x1f3c
0x1f3d	0x0	0x1f3d
0x1f3e	0x0	0x1f3e
0x1f3f	0x0	0x1f3f
0x1f40	0x0	0x1f40
0x1f41	0x0	0x1f41
0x1f42	0x0	0x1f42
0x1f43	0x0	0x1f43
0x1f44	0x0	0x1f44
0x1f45	0x0	0x1f45
0x1f46	0x0	0x1f46
0x1f47	0x0	0x1f47
0x1f48	0x0	0x1f48
0x1f49	0x0	0x1f49
0x1f4a	0x0	0x1f4a
0x1f4b	0x0	0x1f4b
0x1f4c	0x0	0x1f4c
0x1f4d	0x0	0x1f4d
0x1f4e	0x0	0x1f4e
0x1f55	0x0	0x1f55
0x1f58	0x0	0x1f58
0x1f60	0x0	0x1f60
0x1f61	0x0	0x1f61
0x1f62	0x0	0x1f62
0x1f63	0x0	0x1f63
0x1f64	0x0	0x1f64
0x1f65	0x0	0x1f65
0x1f66	0x0	0x1f66
0x1f67	0x0	0x1f67
0x1f68	0x0	0x1f68
0x1f69	0x0	0x1f69
0x1f6a	0x0	0x1f6a
0x1f6b	0x0	0x1f6b
0x1f6c	0x0	0x1f6c
0x1f6d	0x0	0x1f6d
0x1f6e	0x0	0x1f6e
0x1f6f	0x0	0x1f6f
0x1f70	0x0	0x1f70
0x1f73	0x0	0x1f73
0x1f74	0x0	0x1f74
0x1f75	0x0	0x1f75
0x1f76	0x0	0x1f76
0x1f77	0x0	0x1f77
0x1f7a	0x0	0x1f7a
0x1f7b	0x0	0x1f7b
0x1f7c	0x0	0x1f7c
0x1f7d	0x0	0x1f7d
0x1f7e	0x0	0x1f7e
0x1f7f	0x0	0x1f7f
0x1f80	0x0	0x1f80
0x1f81	0x0	0x1f81
0x1f82	0x0	0x1f82
0x1f83	0x0	0x1f83
0x1f84	0x0	0x1f84
0x1f85	0x0	0x1f85
0x1f86	0x0	0x1f86
0x1f87	0x0	0x1f87
0x1f88	0x0	0x1f88
0x1f89	0x0	0x1f89
0x1f8a	0x0	0x1f8a
0x1f8b	0x0	0x1f8b
0x1f8c	0x0	0x1f8c
0x1f8d	0x0	0x1f8d
0x1f8e	0x0	0x1f8e
0x1f8f	0x0	0x1f8f
0x1f90	0x0	0x1f90
0x1f91	0x0	0x1f91
0x1f92	0x0	0x1f92
0x1f93	0x0	0x1f93
0x1f94	0x0	0x1f94
0x1f95	0x0	0x1f95
0x1f96	0x0	0x1f96
0x1f97	0x0	0x1f97
0x1f98	0x0	0x1f98
0x1f99	0x0	0x1f99
0x1f9a	0x0	0x1f9a
0x1f9b	0x0	0x1f9b
0x1f9c	0x0	0x1f9c
0x1f9d	0x0	0x1f9d
0x1f9e	0x0	0x1f9e
0x1f9f	0x0	0x1f9f
0x1fa0	0x0	0x1fa0
0x1fa1	0x0	0x1fa1
0x1fa2	0x0	0x1fa2
0x1fa3	0x0	0x1fa3
0x1fa4	0x0	0x1fa4
0x1fa5	0x0	0x1fa5
0x1fa6	0x0	0x1fa6
0x1fa7	0x0	0x1fa7
0x1fa8	0x0	0x1fa8
0x1fa9	0x0	0x1fa9
0x1faa	0x0	0x1faa
0x1fab	0x0	0x1fab
0x1faf	0x0	0x1faf
0x1fb0	0x0	0x1fb0
0x1fb1	0x0	0x1fb1
0x1fb2	0x0	0x1fb2
0x1fb3	0x0	0x1fb3
0x1fbb	0x0	0x1fbb
0x1fbc	0x0	0x1fbc
0x1fbd	0x0	0x1fbd
0x1fbe	0x0	0x1fbe
0x1fc6	0x0	0x1fc6
0x1fcb	0x0	0x1fcb
0x1fcc	0x0	0x1fcc
0x1fd4	0x0	0x1fd4
0x1fd5	0x0	0x1fd5
0x1fdd	0x0	0x1fdd
0x1fde	0x0	0x1fde
0x1fdf	0x0	0x1fdf
0x1fe0	0x0	0x1fe0
0x1fe8	0x0	0x1fe8
0x1fe9	0x0	0x1fe9
0x1fea	0x0	0x1fea
0x1feb	0x0	0x1feb
0x1fec	0x0	0x1fec
0x1fed	0x0	0x1fed
0x1fee	0x0	0x1fee
0x1fef	0x0	0x1fef
0x1ff0	0x0	0x1ff0
0x1ff1	0x0	0x1ff1
0x1ff2	0x0	0x1ff2
0x1ff3	0x0	0x1ff3
0x1ff4	0x0	0x1ff4
0x1ff5	0x0	0x1ff5
0x1ff6	0x0	0x1ff6
0x1ff7	0x0	0x1ff7
0x1ff8	0x0	0x1ff8
0x1ff9	0x0	0x1ff9
0x1ffa	0x0	0x1ffa
0x1ffb	0x0	0x1ffb
0x1ffc	0x0	0x1ffc
0x1ffd	0x0	0x1ffd
0x1ffe	0x0	0x1ffe
0x1fff	0x0	0x1fff
0x2000	0x0	0x2000
0x2001	0x0	0x2001
0x2002	0x0	0x2002
0x2003	0x0	0x2003
0x2004	0x0	0x2004
0x2005	0x0	0x2005
0x2006	0x0	0x2006
0x2007	0x0	0x2007
0x2008	0x0	0x2008
0x2009	0x0	0x2009
0x200a	0x0	0x200a
0x200b	0x0	0x200b
0x200c	0x0	0x200c
0x200d	0x0	0x200d
0x200e	0x0	0x200e
0x200f	0x0	0x200f
0x2010	0x0	0x2010
0x2011	0x0	0x2011
0x2012	0x0	0x2012
0x2019	0x0	0x2019
0x201c	0x0	0x201c
0x2024	0x0	0x2024
0x2025	0x0	0x2025
0x2026	0x0	0x2026
0x2027	0x0	0x2027
0x2028	0x0	0x2028
0x2029	0x0	0x2029
0x202a	0x0	0x202a
0x202b	0x0	0x202b
0x202c	0x0	0x202c
0x202d	0x0	0x202d
0x202e	0x0	0x202e
0x202f	0x0	0x202f
0x2030	0x0	0x2030
0x2031	0x0	0x2031
0x2032	0x0	0x2032
0x2033	0x0	0x2033
0x2034	0x0	0x2034
0x2037	0x0	0x2037
0x2038	0x0	0x2038
0x2039	0x0	0x2039
0x203a	0x0	0x203a
0x203b	0x0	0x203b
0x203e	0x0	0x203e
0x203f	0x0	0x203f
0x2040	0x0	0x2040
0x2041	0x0	0x2041
0x2042	0x0	0x2042
0x2043	0x0	0x2043
0x2044	0x0	0x2044
0x2045	0x0	0x2045
0x2046	0x0	0x2046
0x2047	0x0	0x2047
0x2048	0x0	0x2048
0x2049	0x0	0x2049
0x204a	0x0	0x204a
0x204b	0x0	0x204b
0x204c	0x0	0x204c
0x204d	0x0	0x204d
0x204e	0x0	0x204e
0x204f	0x0	0x204f
0x2050	0x0	0x2050
0x2051	0x0	0x2051
0x2052	0x0	0x2052
0x2053	0x0	0x2053
0x2054	0x0	0x2054
0x2055	0x0	0x2055
0x2056	0x0	0x2056
0x2057	0x0	0x2057
0x2058	0x0	0x2058
0x2059	0x0	0x2059
0x205a	0x0	0x205a
0x205b	0x0	0x205b
0x205c	0x0	0x205c
0x205d	0x0	0x205d
0x205e	0x0	0x205e
0x205f	0x0	0x205f
0x2060	0x0	0x2060
0x2061	0x0	0x2061
0x2062	0x0	0x2062
0x2063	0x0	0x2063
0x2064	0x0	0x2064
0x2065	0x0	0x2065
0x2066	0x0	0x2066
0x2067	0x0	0x2067
0x2068	0x0	0x2068
0x2069	0x0	0x2069
0x206a	0x0	0x206a
0x206b	0x0	0x206b
0x206c	0x0	0x206c
0x206d	0x0	0x206d
0x206e	0x0	0x206e
0x206f	0x0	0x206f
0x2070	0x0	0x2070
0x2071	0x0	0x2071
0x2072	0x0	0x2072
0x2073	0x0	0x2073
0x2074	0x0	0x2074
0x2075	0x0	0x2075
0x2076	0x0	0x2076
0x2077	0x0	0x2077
0x2078	0x0	0x2078
0x2079	0x0	0x2079
0x207d	0x0	0x207d
0x207e	0x0	0x207e
0x207f	0x0	0x207f
0x2080	0x0	0x2080
0x2081	0x0	0x2081
0x2082	0x0	0x2082
0x2083	0x0	0x2083
0x2084	0x0	0x2084
0x2085	0x0	0x2085
0x2086	0x0	0x2086
0x2087	0x0	0x2087
0x2088	0x0	0x2088
0x2089	0x0	0x2089
0x208a	0x0	0x208a
0x208b	0x0	0x208b
0x208c	0x0	0x208c
0x2094	0x0	0x2094
0x2099	0x0	0x2099
0x209a	0x0	0x209a
0x20a2	0x0	0x20a2
0x20a3	0x0	0x20a3
0x20a4	0x0	0x20a4
0x20a5	0x0	0x20a5
0x20a6	0x0	0x20a6
0x20a7	0x0	0x20a7
0x20a8	0x0	0x20a8
0x20a9	0x0	0x20a9
0x20aa	0x0	0x20aa
0x20ab	0x0	0x20ab
0x20ac	0x0	0x20ac
0x20ad	0x0	0x20ad
0x20ae	0x0	0x20ae
0x20b6	0x0	0x20b6
0x20b7	0x0	0x20b7
0x20b8	0x0	0x20b8
0x20b9	0x0	0x20b9
0x20ba	0x0	0x20ba
0x20bb	0x0	0x20bb
0x20bc	0x0	0x20bc
0x20bd	0x0	0x20bd
0x20be	0x0	0x20be
0x20bf	0x0	0x20bf
0x20c0	0x0	0x20c0
0x20c1	0x0	0x20c1
0x20c2	0x0	0x20c2
0x20c3	0x0	0x20c3
0x20c4	0x0	0x20c4
0x20c5	0x0	0x20c5
0x20c6	0x0	0x20c6
0x20c7	0x0	0x20c7
0x20c8	0x0	0x20c8
0x20c9	0x0	0x20c9
0x20cd	0x0	0x20cd
0x20ce	0x0	0x20ce
0x20cf	0x0	0x20cf
0x20d0	0x0	0x20d0
0x20d1	0x0	0x20d1
0x20d2	0x0	0x20d2
0x20d3	0x0	0x20d3
0x20d4	0x0	0x20d4
0x20d5	0x0	0x20d5
0x20d6	0x0	0x20d6
0x20d7	0x0	0x20d7
0x20d8	0x0	0x20d8
0x20d9	0x0	0x20d9
0x20dd	0x0	0x20dd
0x20de	0x0	0x20de
0x20df	0x0	0x20df
0x20e0	0x0	0x20e0
0x20e1	0x0	0x20e1
0x20e2	0x0	0x20e2
0x20e3	0x0	0x20e3
0x20e4	0x0	0x20e4
0x20e5	0x0	0x20e5
0x20e6	0x0	0x20e6
0x20e7	0x0	0x20e7
0x20e8	0x0	0x20e8
0x20e9	0x0	0x20e9
0x20ea	0x0	0x20ea
0x20eb	0x0	0x20eb
0x20ec	0x0	0x20ec
0x20ef	0x0	0x20ef
0x20f0	0x0	0x20f0
0x20f1	0x0	0x20f1
0x20f2	0x0	0x20f2
0x20f3	0x0	0x20f3
0x20f6	0x0	0x20f6
0x20f7	0x0	0x20f7
0x20f8	0x0	0x20f8
0x20f9	0x0	0x20f9
0x20fa	0x0	0x20fa
0x20fb	0x0	0x20fb
0x20fc	0x0	0x20fc
0x20ff	0x0	0x20ff
0x2100	0x0	0x2100
0x2101	0x0	0x2101
0x2102	0x0	0x2102
0x2103	0x0	0x2103
0x2104	0x0	0x2104
0x2105	0x0	0x2105
0x2106	0x0	0x2106
0x2107	0x0	0x2107
0x2108	0x0	0x2108
0x2109	0x0	0x2109
0x210a	0x0	0x210a
0x210b	0x0	0x210b
0x210c	0x0	0x210c
0x210d	0x0	0x210d
0x210e	0x0	0x210e
0x210f	0x0	0x210f
0x2110	0x0	0x2110
0x2111	0x0	0x2111
0x2112	0x0	0x2112
0x2113	0x0	0x2113
0x2114	0x0	0x2114
0x2115	0x0	0x2115
0x2116	0x0	0x2116
0x2117	0x0	0x2117
0x2118	0x0	0x2118
0x2119	0x0	0x2119
0x211a	0x0	0x211a
0x211b	0x0	0x211b
0x211c	0x0	0x211c
0x2123	0x0	0x2123
0x2126	0x0	0x2126
0x212e	0x0	0x212e
0x212f	0x0	0x212f
0x2130	0x0	0x2130
0x2131	0x0	0x2131
0x2132	0x0	0x2132
0x2133	0x0	0x2133
0x2134	0x0	0x2134
0x2135	0x0	0x2135
0x2136	0x0	0x2136
0x2137	0x0	0x2137
0x2138	0x0	0x2138
0x2139	0x0	0x2139
0x213a	0x0	0x213a
0x213b	0x0	0x213b
0x213c	0x0	0x213c
0x213d	0x0	0x213d
0x213e	0x0	0x213e
0x2141	0x0	0x2141
0x2142	0x0	0x2142
0x2143	0x0	0x2143
0x2144	0x0	0x2144
0x2145	0x0	0x2145
0x2148	0x0	0x2148
0x2149	0x0	0x2149
0x214a	0x0	0x214a
0x214b	0x0	0x214b
0x214c	0x0	0x214c
0x214d	0x0	0x214d
0x214e	0x0	0x214e
0x214f	0x0	0x214f
0x2150	0x0	0x2150
0x2151	0x0	0x2151
0x2152	0x0	0x2152
0x2153	0x0	0x2153
0x2154	0x0	0x2154
0x2155	0x0	0x2155
0x2156	0x0	0x2156
0x2157	0x0	0x2157
0x2158	0x0	0x2158
0x2159	0x0	0x2159
0x215a	0x0	0x215a
0x215b	0x0	0x215b
0x215c	0x0	0x215c
0x215d	0x0	0x215d
0x215e	0x0	0x215e
0x215f	0x0	0x215f
0x2160	0x0	0x2160
0x2161	0x0	0x2161
0x2162	0x0	0x2162
0x2163	0x0	0x2163
0x2164	0x0	0x2164
0x2165	0x0	0x2165
0x2166	0x0	0x2166
0x2167	0x0	0x2167
0x2168	0x0	0x2168
0x2169	0x0	0x2169
0x216a	0x0	0x216a
0x216b	0x0	0x216b
0x216c	0x0	0x216c
0x216d	0x0	0x216d
0x216e	0x0	0x216e
0x216f	0x0	0x216f
0x2170	0x0	0x2170
0x2171	0x0	0x2171
0x2172	0x0	0x2172
0x2173	0x0	0x2173
0x2174	0x0	0x2174
0x2175	0x0	0x2175
0x2176	0x0	0x2176
0x2177	0x0	0x2177
0x2178	0x0	0x2178
0x2179	0x0	0x2179
0x217d	0x0	0x217d
0x217e	0x0	0x217e
0x217f	0x0	0x217f
0x2180	0x0	0x2180
0x2181	0x0	0x2181
0x2182	0x0	0x2182
0x2187	0x0	0x2187
0x2188	0x0	0x2188
0x2189	0x0	0x2189
0x218a	0x0	0x218a
0x218b	0x0	0x218b
0x218c	0x0	0x218c
0x2194	0x0	0x2194
0x2199	0x0	0x2199
0x219a	0x0	0x219a
0x21a2	0x0	0x21a2
0x21a3	0x0	0x21a3
0x21a4	0x0	0x21a4
0x21aa	0x0	0x21aa
0x21ab	0x0	0x21ab
0x21ac	0x0	0x21ac
0x21ad	0x0	0x21ad
0x21ae	0x0	0x21ae
0x21b6	0x0	0x21b6
0x21b7	0x0	0x21b7
0x21b8	0x0	0x21b8
0x21b9	0x0	0x21b9
0x21ba	0x0	0x21ba
0x21bb	0x0	0x21bb
0x21bc	0x0	0x21bc
0x21bd	0x0	0x21bd
0x21be	0x0	0x21be
0x21bf	0x0	0x21bf
0x21c0	0x0	0x21c0
0x21c1	0x0	0x21c1
0x21c2	0x0	0x21c2
0x21c3	0x0	0x21c3
0x21c4	0x0	0x21c4
0x21c5	0x0	0x21c5
0x21c6	0x0	0x21c6
0x21c7	0x0	0x21c7
0x21c8	0x0	0x21c8
0x21c9	0x0	0x21c9
0x21cd	0x0	0x21cd
0x21ce	0x0	0x21ce
0x21cf	0x0	0x21cf
0x21d0	0x0	0x21d0
0x21d1	0x0	0x21d1
0x21d2	0x0	0x21d2
0x21d3	0x0	0x21d3
0x21d7	0x0	0x21d7
0x21d8	0x0	0x21d8
0x21d9	0x0	0x21d9
0x21da	0x0	0x21da
0x21db	0x0	0x21db
0x21dc	0x0	0x21dc
0x21dd	0x0	0x21dd
0x21de	0x0	0x21de
0x21df	0x0	0x21df
0x21e0	0x0	0x21e0
0x21e1	0x0	0x21e1
0x21e2	0x0	0x21e2
0x21e5	0x0	0x21e5
0x21e6	0x0	0x21e6
0x21e7	0x0	0x21e7
0x21e8	0x0	0x21e8
0x21e9	0x0	0x21e9
0x21ec	0x0	0x21ec
0x21ed	0x0	0x21ed
0x21ee	0x0	0x21ee
0x21ef	0x0	0x21ef
0x21f0	0x0	0x21f0
0x21f1	0x0	0x21f1
0x21f2	0x0	0x21f2
0x21f3	0x0	0x21f3
0x21f4	0x0	0x21f4
0x21f5	0x0	0x21f5
0x21f6	0x0	0x21f6
0x21f7	0x0	0x21f7
0x21f8	0x0	0x21f8
0x21f9	0x0	0x21f9
0x21fa	0x0	0x21fa
0x21fb	0x0	0x21fb
0x21fc	0x0	0x21fc
0x21fd	0x0	0x21fd
0x2201	0x0	0x2201
0x2202	0x0	0x2202
0x2203	0x0	0x2203
0x2204	0x0	0x2204
0x2205	0x0	0x2205
0x2206	0x0	0x2206
0x2207	0x0	0x2207
0x2208	0x0	0x2208
0x2209	0x0	0x2209
0x220a	0x0	0x220a
0x220b	0x0	0x220b
0x220c	0x0	0x220c
0x220d	0x0	0x220d
0x220e	0x0	0x220e
0x220f	0x0	0x220f
0x2210	0x0	0x2210
0x2211	0x0	0x2211
0x2212	0x0	0x2212
0x221a	0x0	0x221a
0x2222	0x0	0x2222
0x222a	0x0	0x222a
0x2232	0x0	0x2232
0x223a	0x0	0x223a
0x223b	0x0	0x223b
0x223c	0x0	0x223c
0x223d	0x0	0x223d
0x223e	0x0	0x223e
0x223f	0x0	0x223f
0x2240	0x0	0x2240
0x2241	0x0	0x2241
0x2242	0x0	0x2242
0x2243	0x0	0x2243
0x2244	0x0	0x2244
0x2247	0x0	0x2247
0x2248	0x0	0x2248
0x2249	0x0	0x2249
0x224a	0x0	0x224a
0x224b	0x0	0x224b
0x224e	0x0	0x224e
0x224f	0x0	0x224f
0x2250	0x0	0x2250
0x2251	0x0	0x2251
0x2252	0x0	0x2252
0x2253	0x0	0x2253
0x2254	0x0	0x2254
0x2255	0x0	0x2255
0x2256	0x0	0x2256
0x2257	0x0	0x2257
0x2258	0x0	0x2258
0x2259	0x0	0x2259
0x225a	0x0	0x225a
0x225b	0x0	0x225b
0x225c	0x0	0x225c
0x225d	0x0	0x225d
0x225e	0x0	0x225e
0x225f	0x0	0x225f
0x2260	0x0	0x2260
0x2261	0x0	0x2261
0x2265	0x0	0x2265
0x2266	0x0	0x2266
0x2267	0x0	0x2267
0x226b	0x0	0x226b
0x226c	0x0	0x226c
0x226d	0x0	0x226d
0x226e	0x0	0x226e
0x226f	0x0	0x226f
0x2270	0x0	0x2270
0x2271	0x0	0x2271
0x2272	0x0	0x2272
0x2273	0x0	0x2273
0x2274	0x0	0x2274
0x2275	0x0	0x2275
0x2276	0x0	0x2276
0x2279	0x0	0x2279
0x227a	0x0	0x227a
0x227b	0x0	0x227b
0x227c	0x0	0x227c
0x227d	0x0	0x227d
0x2280	0x0	0x2280
0x2281	0x0	0x2281
0x2282	0x0	0x2282
0x2283	0x0	0x2283
0x2284	0x0	0x2284
0x2285	0x0	0x2285
0x2286	0x0	0x2286
0x2287	0x0	0x2287
0x2288	0x0	0x2288
0x2289	0x0	0x2289
0x228a	0x0	0x228a
0x228b	0x0	0x228b
0x228c	0x0	0x228c
0x228d	0x0	0x228d
0x228e	0x0	0x228e
0x228f	0x0	0x228f
0x2290	0x0	0x2290
0x2291	0x0	0x2291
0x2298	0x0	0x2298
0x2299	0x0	0x2299
0x229a	0x0	0x229a
0x22a2	0x0	0x22a2
0x22a3	0x0	0x22a3
0x22a4	0x0	0x22a4
0x22a5	0x0	0x22a5
0x22a6	0x0	0x22a6
0x22a7	0x0	0x22a7
0x22a8	0x0	0x22a8
0x22b0	0x0	0x22b0
0x22b1	0x0	0x22b1
0x22b2	0x0	0x22b2
0x22b3	0x0	0x22b3
0x22b4	0x0	0x22b4
0x22b5	0x0	0x22b5
0x22b6	0x0	0x22b6
0x22b7	0x0	0x22b7
0x22b8	0x0	0x22b8
0x22b9	0x0	0x22b9
0x22ba	0x0	0x22ba
0x22bb	0x0	0x22bb
0x22bc	0x0	0x22bc
0x22bd	0x0	0x22bd
0x22be	0x0	0x22be
0x22bf	0x0	0x22bf
0x22c0	0x0	0x22c0
0x22c1	0x0	0x22c1
0x22c2	0x0	0x22c2
0x22c3	0x0	0x22c3
0x22c4	0x0	0x22c4
0x22c5	0x0	0x22c5
0x22c6	0x0	0x22c6
0x22c7	0x0	0x22c7
0x22c8	0x0	0x22c8
0x22c9	0x0	0x22c9
0x22ca	0x0	0x22ca
0x22cb	0x0	0x22cb
0x22cc	0x0	0x22cc
0x22cd	0x0	0x22cd
0x22ce	0x0	0x22ce
0x22cf	0x0	0x22cf
0x22d0	0x0	0x22d0
0x22d1	0x0	0x22d1
0x22d2	0x0	0x22d2
0x22d3	0x0	0x22d3
0x22d4	0x0	0x22d4
0x22d5	0x0	0x22d5
0x22d6	0x0	0x22d6
0x22d7	0x0	0x22d7
0x22d8	0x0	0x22d8
0x22d9	0x0	0x22d9
0x22da	0x0	0x22da
0x22dd	0x0	0x22dd
0x22de	0x0	0x22de
0x22df	0x0	0x22df
0x22e0	0x0	0x22e0
0x22e1	0x0	0x22e1
0x22e4	0x0	0x22e4
0x22e5	0x0	0x22e5
0x22e6	0x0	0x22e6
0x22e7	0x0	0x22e7
0x22e8	0x0	0x22e8
0x22e9	0x0	0x22e9
0x22ed	0x0	0x22ed
0x22ee	0x0	0x22ee
0x22ef	0x0	0x22ef
0x22f3	0x0	0x22f3
0x22f4	0x0	0x22f4
0x22f5	0x0	0x22f5
0x22f6	0x0	0x22f6
0x22f7	0x0	0x22f7
0x22f8	0x0	0x22f8
0x22f9	0x0	0x22f9
0x22fa	0x0	0x22fa
0x22fb	0x0	0x22fb
0x22fc	0x0	0x22fc
0x22ff	0x0	0x22ff
0x2300	0x0	0x2300
0x2301	0x0	0x2301
0x2302	0x0	0x2302
0x2303	0x0	0x2303
0x2306	0x0	0x2306
0x2307	0x0	0x2307
0x2308	0x0	0x2308
0x2309	0x0	0x2309
0x230a	0x0	0x230a
0x230b	0x0	0x230b
0x230c	0x0	0x230c
0x230d	0x0	0x230d
0x2311	0x0	0x2311
0x2312	0x0	0x2312
0x2313	0x0	0x2313
0x2314	0x0	0x2314
0x2315	0x0	0x2315
0x2316	0x0	0x2316
0x2317	0x0	0x2317
0x2318	0x0	0x2318
0x2319	0x0	0x2319
0x231a	0x0	0x231a
0x231b	0x0	0x231b
0x231c	0x0	0x231c
0x231f	0x0	0x231f
0x2320	0x0	0x2320
0x2321	0x0	0x2321
0x2322	0x0	0x2322
0x2323	0x0	0x2323
0x2326	0x0	0x2326
0x2327	0x0	0x2327
0x2328	0x0	0x2328
0x2329	0x0	0x2329
0x232a	0x0	0x232a
0x232b	0x0	0x232b
0x232c	0x0	0x232c
0x232d	0x0	0x232d
0x232e	0x0	0x232e
0x232f	0x0	0x232f
0x2330	0x0	0x2330
0x2331	0x0	0x2331
0x2332	0x0	0x2332
0x2333	0x0	0x2333
0x2334	0x0	0x2334
0x2335	0x0	0x2335
0x2336	0x0	0x2336
0x2337	0x0	0x2337
0x233e	0x0	0x233e
0x233f	0x0	0x233f
0x2340	0x0	0x2340
0x2341	0x0	0x2341
0x2342	0x0	0x2342
0x2343	0x0	0x2343
0x2344	0x0	0x2344
0x2345	0x0	0x2345
0x2346	0x0	0x2346
0x2349	0x0	0x2349
0x234a	0x0	0x234a
0x234b	0x0	0x234b
0x234c	0x0	0x234c
0x234d	0x0	0x234d
0x2350	0x0	0x2350
0x2351	0x0	0x2351
0x2352	0x0	0x2352
0x2353	0x0	0x2353
0x2354	0x0	0x2354
0x2355	0x0	0x2355
0x2356	0x0	0x2356
0x2357	0x0	0x2357
0x2358	0x0	0x2358
0x2359	0x0	0x2359
0x235a	0x0	0x235a
0x235d	0x0	0x235d
0x235e	0x0	0x235e
0x235f	0x0	0x235f
0x2360	0x0	0x2360
0x2361	0x0	0x2361
0x2364	0x0	0x2364
0x2365	0x0	0x2365
0x2366	0x0	0x2366
0x2367	0x0	0x2367
0x2368	0x0	0x2368
0x2369	0x0	0x2369
0x236a	0x0	0x236a
0x236b	0x0	0x236b
0x236c	0x0	0x236c
0x236d	0x0	0x236d
0x236e	0x0	0x236e
0x236f	0x0	0x236f
0x2370	0x0	0x2370
0x2371	0x0	0x2371
0x2372	0x0	0x2372
0x2373	0x0	0x2373
0x2374	0x0	0x2374
0x2375	0x0	0x2375
0x2376	0x0	0x2376
0x2377	0x0	0x2377
0x2378	0x0	0x2378
0x2379	0x0	0x2379
0x237a	0x0	0x237a
0x237b	0x0	0x237b
0x237c	0x0	0x237c
0x237d	0x0	0x237d
0x237e	0x0	0x237e
0x237f	0x0	0x237f
0x2380	0x0	0x2380
0x2381	0x0	0x2381
0x2382	0x0	0x2382
0x2383	0x0	0x2383
0x2384	0x0	0x2384
0x2385	0x0	0x2385
0x2386	0x0	0x2386
0x2387	0x0	0x2387
0x2388	0x0	0x2388
0x2389	0x0	0x2389
0x238a	0x0	0x238a
0x238b	0x0	0x238b
0x238c	0x0	0x238c
0x238d	0x0	0x238d
0x238e	0x0	0x238e
0x238f	0x0	0x238f
0x2390	0x0	0x2390
0x2391	0x0	0x2391
0x2392	0x0	0x2392
0x2393	0x0	0x2393
0x2394	0x0	0x2394
0x2395	0x0	0x2395
0x2396	0x0	0x2396
0x2397	0x0	0x2397
0x2398	0x0	0x2398
0x2399	0x0	0x2399
0x239a	0x0	0x239a
0x239b	0x0	0x239b
0x239c	0x0	0x239c
0x239d	0x0	0x239d
0x239e	0x0	0x239e
0x239f	0x0	0x239f
0x23a0	0x0	0x23a0
0x23a1	0x0	0x23a1
0x23a2	0x0	0x23a2
0x23a3	0x0	0x23a3
0x23a4	0x0	0x23a4
0x23a5	0x0	0x23a5
0x23a6	0x0	0x23a6
0x23a9	0x0	0x23a9
0x23ad	0x0	0x23ad
0x23ae	0x0	0x23ae
0x23af	0x0	0x23af
0x23b0	0x0	0x23b0
0x23b1	0x0	0x23b1
0x23b2	0x0	0x23b2
0x23b3	0x0	0x23b3
0x23b4	0x0	0x23b4
0x23b5	0x0	0x23b5
0x23b9	0x0	0x23b9
0x23ba	0x0	0x23ba
0x23bb	0x0	0x23bb
0x23bc	0x0	0x23bc
0x23bd	0x0	0x23bd
0x23be	0x0	0x23be
0x23bf	0x0	0x23bf
0x23c0	0x0	0x23c0
0x23c1	0x0	0x23c1
0x23c2	0x0	0x23c2
0x23c3	0x0	0x23c3
0x23c4	0x0	0x23c4
0x23c7	0x0	0x23c7
0x23c8	0x0	0x23c8
0x23c9	0x0	0x23c9
0x23ca	0x0	0x23ca
0x23cb	0x0	0x23cb
0x23ce	0x0	0x23ce
0x23cf	0x0	0x23cf
0x23d0	0x0	0x23d0
0x23d1	0x0	0x23d1
0x23d2	0x0	0x23d2
0x23d3	0x0	0x23d3
0x23d4	0x0	0x23d4
0x23d5	0x0	0x23d5
0x23d6	0x0	0x23d6
0x23d7	0x0	0x23d7
0x23d8	0x0	0x23d8
0x23d9	0x0	0x23d9
0x23da	0x0	0x23da
0x23db	0x0	0x23db
0x23dc	0x0	0x23dc
0x23dd	0x0	0x23dd
0x23de	0x0	0x23de
0x23e6	0x0	0x23e6
0x23e7	0x0	0x23e7
0x23e8	0x0	0x23e8
0x23f0	0x0	0x23f0
0x23f1	0x0	0x23f1
0x23f2	0x0	0x23f2
0x23f3	0x0	0x23f3
0x23f4	0x0	0x23f4
0x23f5	0x0	0x23f5
0x23f6	0x0	0x23f6
0x23f7	0x0	0x23f7
0x23f8	0x0	0x23f8
0x23f9	0x0	0x23f9
0x23fa	0x0	0x23fa
0x23fb	0x0	0x23fb
0x23fc	0x0	0x23fc
0x23fd	0x0	0x23fd
0x23fe	0x0	0x23fe
0x23ff	0x0	0x23ff
0x2400	0x0	0x2400
0x2401	0x0	0x2401
0x2402	0x0	0x2402
0x2403	0x0	0x2403
0x2404	0x0	0x2404
0x2405	0x0	0x2405
0x2406	0x0	0x2406
0x2407	0x0	0x2407
0x2408	0x0	0x2408
0x2409	0x0	0x2409
0x240a	0x0	0x240a
0x240b	0x0	0x240b
0x240c	0x0	0x240c
0x240d	0x0	0x240d
0x240e	0x0	0x240e
0x240f	0x0	0x240f
0x2410	0x0	0x2410
0x2411	0x0	0x2411
0x2412	0x0	0x2412
0x2413	0x0	0x2413
0x2414	0x0	0x2414
0x2415	0x0	0x2415
0x2416	0x0	0x2416
0x2417	0x0	0x2417
0x2418	0x0	0x2418
0x2419	0x0	0x2419
0x241a	0x0	0x241a
0x241b	0x0	0x241b
0x241c	0x0	0x241c
0x241d	0x0	0x241d
0x241e	0x0	0x241e
0x241f	0x0	0x241f
0x2420	0x0	0x2420
0x2421	0x0	0x2421
0x2422	0x0	0x2422
0x2423	0x0	0x2423
0x2424	0x0	0x2424
0x242c	0x0	0x242c
0x242d	0x0	0x242d
0x242e	0x0	0x242e
0x242f	0x0	0x242f
0x2435	0x0	0x2435
0x2436	0x0	0x2436
0x2437	0x0	0x2437
0x2438	0x0	0x2438
0x2440	0x0	0x2440
0x2441	0x0	0x2441
0x2442	0x0	0x2442
0x2443	0x0	0x2443
0x2444	0x0	0x2444
0x2445	0x0	0x2445
0x2446	0x0	0x2446
0x244e	0x0	0x244e
0x2456	0x0	0x2456
0x245e	0x0	0x245e
0x2466	0x0	0x2466
0x246e	0x0	0x246e
0x246f	0x0	0x246f
0x2470	0x0	0x2470
0x2471	0x0	0x2471
0x2472	0x0	0x2472
0x2473	0x0	0x2473
0x2474	0x0	0x2474
0x2475	0x0	0x2475
0x2476	0x0	0x2476
0x2477	0x0	0x2477
0x2478	0x0	0x2478
0x247b	0x0	0x247b
0x247c	0x0	0x247c
0x247d	0x0	0x247d
0x247e	0x0	0x247e
0x247f	0x0	0x247f
0x2482	0x0	0x2482
0x2483	0x0	0x2483
0x2484	0x0	0x2484
0x2485	0x0	0x2485
0x2486	0x0	0x2486
0x2487	0x0	0x2487
0x2488	0x0	0x2488
0x2489	0x0	0x2489
0x248a	0x0	0x248a
0x248b	0x0	0x248b
0x248c	0x0	0x248c
0x248d	0x0	0x248d
0x2491	0x0	0x2491
0x2495	0x0	0x2495
0x2496	0x0	0x2496
0x2497	0x0	0x2497
0x249b	0x0	0x249b
0x249c	0x0	0x249c
0x249d	0x0	0x249d
0x249e	0x0	0x249e
0x249f	0x0	0x249f
0x24a0	0x0	0x24a0
0x24a1	0x0	0x24a1
0x24a2	0x0	0x24a2
0x24a3	0x0	0x24a3
0x24a4	0x0	0x24a4
0x24a5	0x0	0x24a5
0x24a6	0x0	0x24a6
0x24a7	0x0	0x24a7
0x24a8	0x0	0x24a8
0x24a9	0x0	0x24a9
0x24aa	0x0	0x24aa
0x24ab	0x0	0x24ab
0x24ac	0x0	0x24ac
0x24ad	0x0	0x24ad
0x24ae	0x0	0x24ae
0x24af	0x0	0x24af
0x24b0	0x0	0x24b0
0x24b1	0x0	0x24b1
0x24b2	0x0	0x24b2
0x24b3	0x0	0x24b3
0x24b4	0x0	0x24b4
0x24b5	0x0	0x24b5
0x24bd	0x0	0x24bd
0x24be	0x0	0x24be
0x24bf	0x0	0x24bf
0x24c0	0x0	0x24c0
0x24c1	0x0	0x24c1
0x24c2	0x0	0x24c2
0x24c3	0x0	0x24c3
0x24c4	0x0	0x24c4
0x24c5	0x0	0x24c5
0x24c6	0x0	0x24c6
0x24c7	0x0	0x24c7
0x24c8	0x0	0x24c8
0x24c9	0x0	0x24c9
0x24ca	0x0	0x24ca
0x24cb	0x0	0x24cb
0x24cc	0x0	0x24cc
0x24cd	0x0	0x24cd
0x24ce	0x0	0x24ce
0x24cf	0x0	0x24cf
0x24d0	0x0	0x24d0
0x24d1	0x0	0x24d1
0x24d2	0x0	0x24d2
0x24d3	0x0	0x24d3
0x24d4	0x0	0x24d4
0x24d5	0x0	0x24d5
0x24d6	0x0	0x24d6
0x24d7	0x0	0x24d7
0x24d8	0x0	0x24d8
0x24d9	0x0	0x24d9
0x24da	0x0	0x24da
0x24db	0x0	0x24db
0x24dc	0x0	0x24dc
0x24dd	0x0	0x24dd
0x24de	0x0	0x24de
0x24df	0x0	0x24df
0x24e0	0x0	0x24e0
0x24e1	0x0	0x24e1
0x24e2	0x0	0x24e2
0x24e3	0x0	0x24e3
0x24e4	0x0	0x24e4
0x24e5	0x0	0x24e5
0x24e6	0x0	0x24e6
0x24e7	0x0	0x24e7
0x24e8	0x0	0x24e8
0x24e9	0x0	0x24e9
0x24ea	0x0	0x24ea
0x24eb	0x0	0x24eb
0x24ec	0x0	0x24ec
0x24ed	0x0	0x24ed
0x24ee	0x0	0x24ee
0x24ef	0x0	0x24ef
0x24f0	0x0	0x24f0
0x24f1	0x0	0x24f1
0x24f2	0x0	0x24f2
0x24f3	0x0	0x24f3
0x24f4	0x0	0x24f4
0x24f5	0x0	0x24f5
0x24f6	0x0	0x24f6
0x24f7	0x0	0x24f7
0x24f8	0x0	0x24f8
0x24f9	0x0	0x24f9
0x24fa	0x0	0x24fa
0x24fb	0x0	0x24fb
0x24fc	0x0	0x24fc
0x24fd	0x0	0x24fd
0x24fe	0x0	0x24fe
0x24ff	0x0	0x24ff
0x2500	0x0	0x2500
0x2501	0x0	0x2501
0x2502	0x0	0x2502
0x2503	0x0	0x2503
0x2504	0x0	0x2504
0x2505	0x0	0x2505
0x2509	0x0	0x2509
0x250a	0x0	0x250a
0x250b	0x0	0x250b
0x250c	0x0	0x250c
0x250d	0x0	0x250d
0x250e	0x0	0x250e
0x250f	0x0	0x250f
0x2510	0x0	0x2510
0x2511	0x0	0x2511
0x2512	0x0	0x2512
0x2513	0x0	0x2513
0x2514	0x0	0x2514
0x2517	0x0	0x2517
0x2518	0x0	0x2518
0x2519	0x0	0x2519
0x251a	0x0	0x251a
0x251b	0x0	0x251b
0x251e	0x0	0x251e
0x251f	0x0	0x251f
0x2520	0x0	0x2520
0x2521	0x0	0x2521
0x2522	0x0	0x2522
0x2523	0x0	0x2523
0x2524	0x0	0x2524
0x2525	0x0	0x2525
0x2526	0x0	0x2526
0x2527	0x0	0x2527
0x2528	0x0	0x2528
0x2529	0x0	0x2529
0x252a	0x0	0x252a
0x252b	0x0	0x252b
0x252c	0x0	0x252c
0x252d	0x0	0x252d
0x252e	0x0	0x252e
0x252f	0x0	0x252f
0x2532	0x0	0x2532
0x253a	0x0	0x253a
0x253b	0x0	0x253b
0x253c	0x0	0x253c
0x253d	0x0	0x253d
0x253e	0x0	0x253e
0x2541	0x0	0x2541
0x2542	0x0	0x2542
0x2543	0x0	0x2543
0x2544	0x0	0x2544
0x2545	0x0	0x2545
0x2548	0x0	0x2548
0x2549	0x0	0x2549
0x254a	0x0	0x254a
0x254b	0x0	0x254b
0x254c	0x0	0x254c
0x254d	0x0	0x254d
0x254e	0x0	0x254e
0x254f	0x0	0x254f
0x2550	0x0	0x2550
0x2551	0x0	0x2551
0x2552	0x0	0x2552
0x2555	0x0	0x2555
0x2556	0x0	0x2556
0x2557	0x0	0x2557
0x2558	0x0	0x2558
0x2559	0x0	0x2559
0x255c	0x0	0x255c
0x255d	0x0	0x255d
0x255e	0x0	0x255e
0x255f	0x0	0x255f
0x2560	0x0	0x2560
0x2561	0x0	0x2561
0x2562	0x0	0x2562
0x2563	0x0	0x2563
0x2564	0x0	0x2564
0x2565	0x0	0x2565
0x2566	0x0	0x2566
0x2567	0x0	0x2567
0x2568	0x0	0x2568
0x2569	0x0	0x2569
0x256a	0x0	0x256a
0x256b	0x0	0x256b
0x256c	0x0	0x256c
0x256d	0x0	0x256d
0x256e	0x0	0x256e
0x2576	0x0	0x2576
0x2577	0x0	0x2577
0x2578	0x0	0x2578
0x2579	0x0	0x2579
0x257a	0x0	0x257a
0x257b	0x0	0x257b
0x257c	0x0	0x257c
0x257d	0x0	0x257d
0x257e	0x0	0x257e
0x257f	0x0	0x257f
0x2580	0x0	0x2580
0x2581	0x0	0x2581
0x2582	0x0	0x2582
0x2583	0x0	0x2583
0x2584	0x0	0x2584
0x2585	0x0	0x2585
0x2586	0x0	0x2586
0x2587	0x0	0x2587
0x2588	0x0	0x2588
0x2589	0x0	0x2589
0x258a	0x0	0x258a
0x258b	0x0	0x258b
0x258c	0x0	0x258c
0x258d	0x0	0x258d
0x258e	0x0	0x258e
0x258f	0x0	0x258f
0x2590	0x0	0x2590
0x2591	0x0	0x2591
0x2592	0x0	0x2592
0x2593	0x0	0x2593
0x2594	0x0	0x2594
0x2595	0x0	0x2595
0x2596	0x0	0x2596
0x2597	0x0	0x2597
0x2598	0x0	0x2598
0x2599	0x0	0x2599
0x259a	0x0	0x259a
0x259b	0x0	0x259b
0x259c	0x0	0x259c
0x259d	0x0	0x259d
0x259e	0x0	0x259e
0x25a1	0x0	0x25a1
0x25a5	0x0	0x25a5
0x25a6	0x0	0x25a6
0x25a7	0x0	0x25a7
0x25a8	0x0	0x25a8
0x25a9	0x0	0x25a9
0x25aa	0x0	0x25aa
0x25ab	0x0	0x25ab
0x25ac	0x0	0x25ac
0x25ad	0x0	0x25ad
0x25b1	0x0	0x25b1
0x25b2	0x0	0x25b2
0x25b3	0x0	0x25b3
0x25b4	0x0	0x25b4
0x25b5	0x0	0x25b5
0x25b6	0x0	0x25b6
0x25b7	0x0	0x25b7
0x25b8	0x0	0x25b8
0x25b9	0x0	0x25b9
0x25ba	0x0	0x25ba
0x25bb	0x0	0x25bb
0x25bc	0x0	0x25bc
0x25bf	0x0	0x25bf
0x25c0	0x0	0x25c0
0x25c1	0x0	0x25c1
0x25c2	0x0	0x25c2
0x25c3	0x0	0x25c3
0x25c6	0x0	0x25c6
0x25c7	0x0	0x25c7
0x25c8	0x0	0x25c8
0x25c9	0x0	0x25c9
0x25ca	0x0	0x25ca
0x25cb	0x0	0x25cb
0x25cc	0x0	0x25cc
0x25cd	0x0	0x25cd
0x25ce	0x0	0x25ce
0x25cf	0x0	0x25cf
0x25d0	0x0	0x25d0
0x25d1	0x0	0x25d1
0x25d2	0x0	0x25d2
0x25d3	0x0	0x25d3
0x25d4	0x0	0x25d4
0x25d5	0x0	0x25d5
0x25d6	0x0	0x25d6
0x25de	0x0	0x25de
0x25df	0x0	0x25df
0x25e0	0x0	0x25e0
0x25e8	0x0	0x25e8
0x25e9	0x0	0x25e9
0x25ea	0x0	0x25ea
0x25eb	0x0	0x25eb
0x25ec	0x0	0x25ec
0x25ed	0x0	0x25ed
0x25ee	0x0	0x25ee
0x25f6	0x0	0x25f6
0x25fe	0x0	0x25fe
0x2606	0x0	0x2606
0x260e	0x0	0x260e
0x2616	0x0	0x2616
0x2617	0x0	0x2617
0x2618	0x0	0x2618
0x2619	0x0	0x2619
0x261a	0x0	0x261a
0x261b	0x0	0x261b
0x261c	0x0	0x261c
0x261d	0x0	0x261d
0x261e	0x0	0x261e
0x261f	0x0	0x261f
0x2620	0x0	0x2620
0x2623	0x0	0x2623
0x2624	0x0	0x2624
0x2625	0x0	0x2625
0x2626	0x0	0x2626
0x2627	0x0	0x2627
0x262a	0x0	0x262a
0x262b	0x0	0x262b
0x262c	0x0	0x262c
0x262d	0x0	0x262d
0x262e	0x0	0x262e
0x262f	0x0	0x262f
0x2630	0x0	0x2630
0x2631	0x0	0x2631
0x2632	0x0	0x2632
0x2633	0x0	0x2633
0x2634	0x0	0x2634
0x2635	0x0	0x2635
0x2639	0x0	0x2639
0x263a	0x0	0x263a
0x263b	0x0	0x263b
0x263c	0x0	0x263c
0x263d	0x0	0x263d
0x2641	0x0	0x2641
0x2642	0x0	0x2642
0x2643	0x0	0x2643
0x2644	0x0	0x2644
0x2645	0x0	0x2645
0x2646	0x0	0x2646
0x2647	0x0	0x2647
0x2648	0x0	0x2648
0x2649	0x0	0x2649
0x264a	0x0	0x264a
0x264b	0x0	0x264b
0x264c	0x0	0x264c
0x264d	0x0	0x264d
0x264e	0x0	0x264e
0x264f	0x0	0x264f
0x2650	0x0	0x2650
0x2651	0x0	0x2651
0x2652	0x0	0x2652
0x2653	0x0	0x2653
0x2654	0x0	0x2654
0x2655	0x0	0x2655
0x265b	0x0	0x265b
0x265f	0x0	0x265f
0x2660	0x0	0x2660
0x2661	0x0	0x2661
0x2662	0x0	0x2662
0x2663	0x0	0x2663
0x2664	0x0	0x2664
0x2667	0x0	0x2667
0x2668	0x0	0x2668
0x2669	0x0	0x2669
0x266a	0x0	0x266a
0x266b	0x0	0x266b
0x266e	0x0	0x266e
0x266f	0x0	0x266f
0x2670	0x0	0x2670
0x2671	0x0	0x2671
0x2672	0x0	0x2672
0x267a	0x0	0x267a
0x267b	0x0	0x267b
0x267c	0x0	0x267c
0x267d	0x0	0x267d
0x267e	0x0	0x267e
0x267f	0x0	0x267f
0x2680	0x0	0x2680
0x2681	0x0	0x2681
0x2682	0x0	0x2682
0x2683	0x0	0x2683
0x2684	0x0	0x2684
0x2685	0x0	0x2685
0x2686	0x0	0x2686
0x268e	0x0	0x268e
0x268f	0x0	0x268f
0x2690	0x0	0x2690
0x2691	0x0	0x2691
0x2692	0x0	0x2692
0x2693	0x0	0x2693
0x2694	0x0	0x2694
0x2695	0x0	0x2695
0x2696	0x0	0x2696
0x2699	0x0	0x2699
0x269a	0x0	0x269a
0x269b	0x0	0x269b
0x269c	0x0	0x269c
0x269d	0x0	0x269d
0x26a0	0x0	0x26a0
0x26a1	0x0	0x26a1
0x26a2	0x0	0x26a2
0x26a3	0x0	0x26a3
0x26a4	0x0	0x26a4
0x26a8	0x0	0x26a8
0x26ab	0x0	0x26ab
0x26ac	0x0	0x26ac
0x26ad	0x0	0x26ad
0x26ae	0x0	0x26ae
0x26af	0x0	0x26af
0x26b0	0x0	0x26b0
0x26b1	0x0	0x26b1
0x26b2	0x0	0x26b2
0x26b3	0x0	0x26b3
0x26b4	0x0	0x26b4
0x26b5	0x0	0x26b5
0x26b6	0x0	0x26b6
0x26b7	0x0	0x26b7
0x26b8	0x0	0x26b8
0x26b9	0x0	0x26b9
0x26ba	0x0	0x26ba
0x26bb	0x0	0x26bb
0x26bc	0x0	0x26bc
0x26bd	0x0	0x26bd
0x26be	0x0	0x26be
0x26bf	0x0	0x26bf
0x26c0	0x0	0x26c0
0x26c1	0x0	0x26c1
0x26c2	0x0	0x26c2
0x26c3	0x0	0x26c3
0x26c4	0x0	0x26c4
0x26c5	0x0	0x26c5
0x26c6	0x0	0x26c6
0x26c7	0x0	0x26c7
0x26c8	0x0	0x26c8
0x26c9	0x0	0x26c9
0x26ca	0x0	0x26ca
0x26cb	0x0	0x26cb
0x26cc	0x0	0x26cc
0x26d3	0x0	0x26d3
0x26d6	0x0	0x26d6
0x26de	0x0	0x26de
0x26df	0x0	0x26df
0x26e0	0x0	0x26e0
0x26e1	0x0	0x26e1
0x26e2	0x0	0x26e2
0x26e3	0x0	0x26e3
0x26e4	0x0	0x26e4
0x26e5	0x0	0x26e5
0x26e6	0x0	0x26e6
0x26e7	0x0	0x26e7
0x26e8	0x0	0x26e8
0x26e9	0x0	0x26e9
0x26ea	0x0	0x26ea
0x26eb	0x0	0x26eb
0x26ec	0x0	0x26ec
0x26ed	0x0	0x26ed
0x26ee	0x0	0x26ee
0x26f1	0x0	0x26f1
0x26f2	0x0	0x26f2
0x26f3	0x0	0x26f3
0x26f4	0x0	0x26f4
0x26f5	0x0	0x26f5
0x26f8	0x0	0x26f8
0x26f9	0x0	0x26f9
0x26fa	0x0	0x26fa
0x26fb	0x0	0x26fb
0x26fc	0x0	0x26fc
0x26fd	0x0	0x26fd
0x26fe	0x0	0x26fe
0x26ff	0x0	0x26ff
0x2700	0x0	0x2700
0x2701	0x0	0x2701
0x2702	0x0	0x2702
0x2703	0x0	0x2703
0x2704	0x0	0x2704
0x2705	0x0	0x2705
0x2706	0x0	0x2706
0x2707	0x0	0x2707
0x2708	0x0	0x2708
0x2709	0x0	0x2709
0x270a	0x0	0x270a
0x270b	0x0	0x270b
0x270c	0x0	0x270c
0x270d	0x0	0x270d
0x270e	0x0	0x270e
0x270f	0x0	0x270f
0x2710	0x0	0x2710
0x2711	0x0	0x2711
0x2712	0x0	0x2712
0x2713	0x0	0x2713
0x2714	0x0	0x2714
0x2715	0x0	0x2715
0x2716	0x0	0x2716
0x2717	0x0	0x2717
0x2718	0x0	0x2718
0x2719	0x0	0x2719
0x271a	0x0	0x271a
0x271b	0x0	0x271b
0x271c	0x0	0x271c
0x271d	0x0	0x271d
0x271e	0x0	0x271e
0x271f	0x0	0x271f
0x2720	0x0	0x2720
0x2721	0x0	0x2721
0x2722	0x0	0x2722
0x2723	0x0	0x2723
0x2724	0x0	0x2724
0x2725	0x0	0x2725
0x2726	0x0	0x2726
0x2727	0x0	0x2727
0x2728	0x0	0x2728
0x2729	0x0	0x2729
0x272a	0x0	0x272a
0x272b	0x0	0x272b
0x272c	0x0	0x272c
0x272d	0x0	0x272d
0x272e	0x0	0x272e
0x272f	0x0	0x272f
0x2730	0x0	0x2730
0x2731	0x0	0x2731
0x2732	0x0	0x2732
0x2733	0x0	0x2733
0x2734	0x0	0x2734
0x2735	0x0	0x2735
0x2736	0x0	0x2736
0x2737	0x0	0x2737
0x2738	0x0	0x2738
0x2739	0x0	0x2739
0x273a	0x0	0x273a
0x273b	0x0	0x273b
0x273c	0x0	0x273c
0x273d	0x0	0x273d
0x273e	0x0	0x273e
0x273f	0x0	0x273f
0x2740	0x0	0x2740
0x2741	0x0	0x2741
0x2742	0x0	0x2742
0x2743	0x0	0x2743
0x2744	0x0	0x2744
0x2745	0x0	0x2745
0x2746	0x0	0x2746
0x2747	0x0	0x2747
0x2748	0x0	0x2748
0x2749	0x0	0x2749
0x274a	0x0	0x274a
0x274b	0x0	0x274b
0x274f	0x0	0x274f
0x2750	0x0	0x2750
0x2751	0x0	0x2751
0x2752	0x0	0x2752
0x2753	0x0	0x2753
0x2754	0x0	0x2754
0x2758	0x0	0x2758
0x2759	0x0	0x2759
0x275a	0x0	0x275a
0x275b	0x0	0x275b
0x275c	0x0	0x275c
0x275d	0x0	0x275d
0x275e	0x0	0x275e
0x2766	0x0	0x2766
0x276b	0x0	0x276b
0x276c	0x0	0x276c
0x2774	0x0	0x2774
0x2775	0x0	0x2775
0x2776	0x0	0x2776
0x277b	0x0	0x277b
0x277c	0x0	0x277c
0x277d	0x0	0x277d
0x277e	0x0	0x277e
0x277f	0x0	0x277f
0x2780	0x0	0x2780
0x2788	0x0	0x2788
0x2789	0x0	0x2789
0x278a	0x0	0x278a
0x278b	0x0	0x278b
0x278c	0x0	0x278c
0x278d	0x0	0x278d
0x278e	0x0	0x278e
0x278f	0x0	0x278f
0x2790	0x0	0x2790
0x2791	0x0	0x2791
0x2792	0x0	0x2792
0x2793	0x0	0x2793
0x2794	0x0	0x2794
0x2795	0x0	0x2795
0x2796	0x0	0x2796
0x2797	0x0	0x2797
0x2798	0x0	0x2798
0x2799	0x0	0x2799
0x279a	0x0	0x279a
0x279b	0x0	0x279b
0x279c	0x0	0x279c
0x279d	0x0	0x279d
0x279e	0x0	0x279e
0x27a2	0x0	0x27a2
0x27a3	0x0	0x27a3
0x27a4	0x0	0x27a4
0x27a5	0x0	0x27a5
0x27a6	0x0	0x27a6
0x27a7	0x0	0x27a7
0x27a8	0x0	0x27a8
0x27a9	0x0	0x27a9
0x27aa	0x0	0x27aa
0x27ad	0x0	0x27ad
0x27ae	0x0	0x27ae
0x27af	0x0	0x27af
0x27b0	0x0	0x27b0
0x27b1	0x0	0x27b1
0x27b4	0x0	0x27b4
0x27b5	0x0	0x27b5
0x27b6	0x0	0x27b6
0x27b7	0x0	0x27b7
0x27b8	0x0	0x27b8
0x27b9	0x0	0x27b9
0x27ba	0x0	0x27ba
0x27bb	0x0	0x27bb
0x27bc	0x0	0x27bc
0x27bd	0x0	0x27bd
0x27be	0x0	0x27be
0x27c1	0x0	0x27c1
0x27c2	0x0	0x27c2
0x27c3	0x0	0x27c3
0x27c4	0x0	0x27c4
0x27c5	0x0	0x27c5
0x27c8	0x0	0x27c8
0x27c9	0x0	0x27c9
0x27ca	0x0	0x27ca
0x27cb	0x0	0x27cb
0x27cc	0x0	0x27cc
0x27cd	0x0	0x27cd
0x27ce	0x0	0x27ce
0x27cf	0x0	0x27cf
0x27d0	0x0	0x27d0
0x27d1	0x0	0x27d1
0x27d2	0x0	0x27d2
0x27d3	0x0	0x27d3
0x27d4	0x0	0x27d4
0x27d5	0x0	0x27d5
0x27d6	0x0	0x27d6
0x27d7	0x0	0x27d7
0x27d8	0x0	0x27d8
0x27d9	0x0	0x27d9
0x27da	0x0	0x27da
0x27e2	0x0	0x27e2
0x27e3	0x0	0x27e3
0x27e4	0x0	0x27e4
0x27e5	0x0	0x27e5
0x27e6	0x0	0x27e6
0x27e7	0x0	0x27e7
0x27e8	0x0	0x27e8
0x27e9	0x0	0x27e9
0x27ea	0x0	0x27ea
0x27eb	0x0	0x27eb
0x27ec	0x0	0x27ec
0x27ed	0x0	0x27ed
0x27ee	0x0	0x27ee
0x27ef	0x0	0x27ef
0x27f0	0x0	0x27f0
0x27f1	0x0	0x27f1
0x27f2	0x0	0x27f2
0x27f3	0x0	0x27f3
0x27f4	0x0	0x27f4
0x27f5	0x0	0x27f5
0x27f6	0x0	0x27f6
0x27f7	0x0	0x27f7
0x27f8	0x0	0x27f8
0x27f9	0x0	0x27f9
0x27fa	0x0	0x27fa
0x27fb	0x0	0x27fb
0x27fc	0x0	0x27fc
0x27fd	0x0	0x27fd
0x27fe	0x0	0x27fe
0x27ff	0x0	0x27ff
0x2800	0x0	0x2800
0x2801	0x0	0x2801
0x2802	0x0	0x2802
0x2803	0x0	0x2803
0x2804	0x0	0x2804
0x2805	0x0	0x2805
0x2806	0x0	0x2806
0x2807	0x0	0x2807
0x2808	0x0	0x2808
0x2809	0x0	0x2809
0x280a	0x0	0x280a
0x280d	0x0	0x280d
0x280e	0x0	0x280e
0x280f	0x0	0x280f
0x2810	0x0	0x2810
0x2811	0x0	0x2811
0x2812	0x0	0x2812
0x2813	0x0	0x2813
0x2814	0x0	0x2814
0x2815	0x0	0x2815
0x2816	0x0	0x2816
0x2817	0x0	0x2817
0x2818	0x0	0x2818
0x281c	0x0	0x281c
0x281d	0x0	0x281d
0x2821	0x0	0x2821
0x2822	0x0	0x2822
0x2823	0x0	0x2823
0x2824	0x0	0x2824
0x2825	0x0	0x2825
0x2826	0x0	0x2826
0x2827	0x0	0x2827
0x282b	0x0	0x282b
0x282f	0x0	0x282f
0x2830	0x0	0x2830
0x2831	0x0	0x2831
0x2832	0x0	0x2832
0x2833	0x0	0x2833
0x2834	0x0	0x2834
0x2835	0x0	0x2835
0x2836	0x0	0x2836
0x2837	0x0	0x2837
0x2838	0x0	0x2838
0x2839	0x0	0x2839
0x283d	0x0	0x283d
0x283e	0x0	0x283e
0x283f	0x0	0x283f
0x2840	0x0	0x2840
0x2841	0x0	0x2841
0x2842	0x0	0x2842
0x2843	0x0	0x2843
0x2844	0x0	0x2844
0x2845	0x0	0x2845
0x2846	0x0	0x2846
0x2847	0x0	0x2847
0x2848	0x0	0x2848
0x2849	0x0	0x2849
0x284a	0x0	0x284a
0x284b	0x0	0x284b
0x284c	0x0	0x284c
0x284d	0x0	0x284d
0x284e	0x0	0x284e
0x284f	0x0	0x284f
0x2850	0x0	0x2850
0x2851	0x0	0x2851
0x2852	0x0	0x2852
0x2853	0x0	0x2853
0x2854	0x0	0x2854
0x2855	0x0	0x2855
0x2856	0x0	0x2856
0x2857	0x0	0x2857
0x2858	0x0	0x2858
0x2859	0x0	0x2859
0x285a	0x0	0x285a
0x285b	0x0	0x285b
0x285c	0x0	0x285c
0x285d	0x0	0x285d
0x285e	0x0	0x285e
0x285f	0x0	0x285f
0x2860	0x0	0x2860
0x2861	0x0	0x2861
0x2862	0x0	0x2862
0x2863	0x0	0x2863
0x2864	0x0	0x2864
0x2865	0x0	0x2865
0x2866	0x0	0x2866
0x2867	0x0	0x2867
0x2868	0x0	0x2868
0x2869	0x0	0x2869
0x286a	0x0	0x286a
0x286b	0x0	0x286b
0x286c	0x0	0x286c
0x286d	0x0	0x286d
0x286e	0x0	0x286e
0x286f	0x0	0x286f
0x2870	0x0	0x2870
0x2871	0x0	0x2871
0x2872	0x0	0x2872
0x287a	0x0	0x287a
0x287b	0x0	0x287b
0x287f	0x0	0x287f
0x2880	0x0	0x2880
0x2881	0x0	0x2881
0x2882	0x0	0x2882
0x2883	0x0	0x2883
0x2884	0x0	0x2884
0x2885	0x0	0x2885
0x2886	0x0	0x2886
0x2887	0x0	0x2887
0x2888	0x0	0x2888
0x2889	0x0	0x2889
0x288a	0x0	0x288a
0x288b	0x0	0x288b
0x288c	0x0	0x288c
0x288d	0x0	0x288d
0x288e	0x0	0x288e
0x288f	0x0	0x288f
0x2890	0x0	0x2890
0x2891	0x0	0x2891
0x2892	0x0	0x2892
0x2893	0x0	0x2893
0x2894	0x0	0x2894
0x2895	0x0	0x2895
0x289b	0x0	0x289b
0x289f	0x0	0x289f
0x28a0	0x0	0x28a0
0x28a1	0x0	0x28a1
0x28a2	0x0	0x28a2
0x28a3	0x0	0x28a3
0x28a4	0x0	0x28a4
0x28a7	0x0	0x28a7
0x28a8	0x0	0x28a8
0x28a9	0x0	0x28a9
0x28aa	0x0	0x28aa
0x28ab	0x0	0x28ab
0x28ae	0x0	0x28ae
0x28af	0x0	0x28af
0x28b0	0x0	0x28b0
0x28b1	0x0	0x28b1
0x28b2	0x0	0x28b2
0x28ba	0x0	0x28ba
0x28bb	0x0	0x28bb
0x28bc	0x0	0x28bc
0x28bd	0x0	0x28bd
0x28be	0x0	0x28be
0x28bf	0x0	0x28bf
0x28c0	0x0	0x28c0
0x28c1	0x0	0x28c1
0x28c2	0x0	0x28c2
0x28c3	0x0	0x28c3
0x28c4	0x0	0x28c4
0x28c5	0x0	0x28c5
0x28c6	0x0	0x28c6
0x28ce	0x0	0x28ce
0x28cf	0x0	0x28cf
0x28d0	0x0	0x28d0
0x28d1	0x0	0x28d1
0x28d2	0x0	0x28d2
0x28d3	0x0	0x28d3
0x28d4	0x0	0x28d4
0x28d5	0x0	0x28d5
0x28d6	0x0	0x28d6
0x28d9	0x0	0x28d9
0x28da	0x0	0x28da
0x28db	0x0	0x28db
0x28dc	0x0	0x28dc
0x28dd	0x0	0x28dd
0x28e0	0x0	0x28e0
0x28e1	0x0	0x28e1
0x28e2	0x0	0x28e2
0x28e3	0x0	0x28e3
0x28e4	0x0	0x28e4
0x28e8	0x0	0x28e8
0x28e9	0x0	0x28e9
0x28ea	0x0	0x28ea
0x28eb	0x0	0x28eb
0x28ec	0x0	0x28ec
0x28ed	0x0	0x28ed
0x28ee	0x0	0x28ee
0x28ef	0x0	0x28ef
0x28f0	0x0	0x28f0
0x28f1	0x0	0x28f1
0x28f2	0x0	0x28f2
0x28f3	0x0	0x28f3
0x28f4	0x0	0x28f4
0x28f5	0x0	0x28f5
0x28f6	0x0	0x28f6
0x28f7	0x0	0x28f7
0x28f8	0x0	0x28f8
0x28f9	0x0	0x28f9
0x28fa	0x0	0x28fa
0x28fb	0x0	0x28fb
0x28fc	0x0	0x28fc
0x28fd	0x0	0x28fd
0x28fe	0x0	0x28fe
0x28ff	0x0	0x28ff
0x2900	0x0	0x2900
0x2901	0x0	0x2901
0x2902	0x0	0x2902
0x2903	0x0	0x2903
0x2904	0x0	0x2904
0x2905	0x0	0x2905
0x2906	0x0	0x2906
0x2907	0x0	0x2907
0x2908	0x0	0x2908
0x2909	0x0	0x2909
0x290a	0x0	0x290a
0x290b	0x0	0x290b
0x290c	0x0	0x290c
0x2913	0x0	0x2913
0x2916	0x0	0x2916
0x291e	0x0	0x291e
0x291f	0x0	0x291f
0x2920	0x0	0x2920
0x2921	0x0	0x2921
0x2922	0x0	0x2922
0x2923	0x0	0x2923
0x2924	0x0	0x2924
0x2925	0x0	0x2925
0x2926	0x0	0x2926
0x2927	0x0	0x2927
0x2928	0x0	0x2928
0x2929	0x0	0x2929
0x292a	0x0	0x292a
0x292b	0x0	0x292b
0x292c	0x0	0x292c
0x292d	0x0	0x292d
0x292e	0x0	0x292e
0x2931	0x0	0x2931
0x2932	0x0	0x2932
0x2933	0x0	0x2933
0x2934	0x0	0x2934
0x2935	0x0	0x2935
0x2938	0x0	0x2938
0x2939	0x0	0x2939
0x293a	0x0	0x293a
0x293b	0x0	0x293b
0x293c	0x0	0x293c
0x293d	0x0	0x293d
0x293e	0x0	0x293e
0x293f	0x0	0x293f
0x2940	0x0	0x2940
0x2941	0x0	0x2941
0x2942	0x0	0x2942
0x2943	0x0	0x2943
0x2944	0x0	0x2944
0x2945	0x0	0x2945
0x2946	0x0	0x2946
0x2947	0x0	0x2947
0x2948	0x0	0x2948
0x2949	0x0	0x2949
0x294a	0x0	0x294a
0x294b	0x0	0x294b
0x294c	0x0	0x294c
0x294d	0x0	0x294d
0x294e	0x0	0x294e
0x294f	0x0	0x294f
0x2950	0x0	0x2950
0x2951	0x0	0x2951
0x2952	0x0	0x2952
0x2953	0x0	0x2953
0x2954	0x0	0x2954
0x2955	0x0	0x2955
0x2956	0x0	0x2956
0x2957	0x0	0x2957
0x2958	0x0	0x2958
0x2959	0x0	0x2959
0x295a	0x0	0x295a
0x295b	0x0	0x295b
0x295c	0x0	0x295c
0x295d	0x0	0x295d
0x295e	0x0	0x295e
0x295f	0x0	0x295f
0x2960	0x0	0x2960
0x2961	0x0	0x2961
0x2962	0x0	0x2962
0x2963	0x0	0x2963
0x2964	0x0	0x2964
0x2965	0x0	0x2965
0x2966	0x0	0x2966
0x2967	0x0	0x2967
0x2968	0x0	0x2968
0x2969	0x0	0x2969
0x296a	0x0	0x296a
0x296b	0x0	0x296b
0x296c	0x0	0x296c
0x296d	0x0	0x296d
0x296e	0x0	0x296e
0x296f	0x0	0x296f
0x2970	0x0	0x2970
0x2971	0x0	0x2971
0x2972	0x0	0x2972
0x2973	0x0	0x2973
0x2974	0x0	0x2974
0x2975	0x0	0x2975
0x2976	0x0	0x2976
0x2977	0x0	0x2977
0x2978	0x0	0x2978
0x2979	0x0	0x2979
0x297a	0x0	0x297a
0x297b	0x0	0x297b
0x297c	0x0	0x297c
0x297d	0x0	0x297d
0x297e	0x0	0x297e
0x297f	0x0	0x297f
0x2980	0x0	0x2980
0x2981	0x0	0x2981
0x2982	0x0	0x2982
0x2983	0x0	0x2983
0x2984	0x0	0x2984
0x2985	0x0	0x2985
0x2986	0x0	0x2986
0x2987	0x0	0x2987
0x2988	0x0	0x2988
0x2989	0x0	0x2989
0x298a	0x0	0x298a
0x298b	0x0	0x298b
0x298f	0x0	0x298f
0x2990	0x0	0x2990
0x2991	0x0	0x2991
0x2992	0x0	0x2992
0x2993	0x0	0x2993
0x299a	0x0	0x299a
0x299b	0x0	0x299b
0x299c	0x0	0x299c
0x299d	0x0	0x299d
0x299e	0x0	0x299e
0x29a6	0x0	0x29a6
0x29ab	0x0	0x29ab
0x29ac	0x0	0x29ac
0x29b4	0x0	0x29b4
0x29b5	0x0	0x29b5
0x29bc	0x0	0x29bc
0x29bd	0x0	0x29bd
0x29be	0x0	0x29be
0x29bf	0x0	0x29bf
0x29c0	0x0	0x29c0
0x29c8	0x0	0x29c8
0x29c9	0x0	0x29c9
0x29ca	0x0	0x29ca
0x29cb	0x0	0x29cb
0x29cc	0x0	0x29cc
0x29cd	0x0	0x29cd
0x29ce	0x0	0x29ce
0x29cf	0x0	0x29cf
0x29d0	0x0	0x29d0
0x29d1	0x0	0x29d1
0x29d2	0x0	0x29d2
0x29d3	0x0	0x29d3
0x29d4	0x0	0x29d4
0x29d5	0x0	0x29d5
0x29d6	0x0	0x29d6
0x29d7	0x0	0x29d7
0x29d8	0x0	0x29d8
0x29d9	0x0	0x29d9
0x29da	0x0	0x29da
0x29db	0x0	0x29db
0x29dc	0x0	0x29dc
0x29dd	0x0	0x29dd
0x29e5	0x0	0x29e5
0x29e6	0x0	0x29e6
0x29e7	0x0	0x29e7
0x29e8	0x0	0x29e8
0x29e9	0x0	0x29e9
0x29ea	0x0	0x29ea
0x29eb	0x0	0x29eb
0x29ec	0x0	0x29ec
0x29ed	0x0	0x29ed
0x29ee	0x0	0x29ee
0x29f1	0x0	0x29f1
0x29f2	0x0	0x29f2
0x29f3	0x0	0x29f3
0x29f4	0x0	0x29f4
0x29f5	0x0	0x29f5
0x29f8	0x0	0x29f8
0x29f9	0x0	0x29f9
0x29fa	0x0	0x29fa
0x29fb	0x0	0x29fb
0x29fc	0x0	0x29fc
0x2a02	0x0	0x2a02
0x2a03	0x0	0x2a03
0x2a0a	0x0	0x2a0a
0x2a0b	0x0	0x2a0b
0x2a0c	0x0	0x2a0c
0x2a0d	0x0	0x2a0d
0x2a0e	0x0	0x2a0e
0x2a0f	0x0	0x2a0f
0x2a10	0x0	0x2a10
0x2a11	0x0	0x2a11
0x2a12	0x0	0x2a12
0x2a13	0x0	0x2a13
0x2a14	0x0	0x2a14
0x2a15	0x0	0x2a15
0x2a16	0x0	0x2a16
0x2a17	0x0	0x2a17
0x2a18	0x0	0x2a18
0x2a19	0x0	0x2a19
0x2a1a	0x0	0x2a1a
0x2a1b	0x0	0x2a1b
0x2a1c	0x0	0x2a1c
0x2a1d	0x0	0x2a1d
0x2a1e	0x0	0x2a1e
0x2a1f	0x0	0x2a1f
0x2a20	0x0	0x2a20
0x2a21	0x0	0x2a21
0x2a22	0x0	0x2a22
0x2a29	0x0	0x2a29
0x2a2c	0x0	0x2a2c
0x2a34	0x0	0x2a34
0x2a35	0x0	0x2a35
0x2a36	0x0	0x2a36
0x2a37	0x0	0x2a37
0x2a38	0x0	0x2a38
0x2a39	0x0	0x2a39
0x2a3a	0x0	0x2a3a
0x2a3b	0x0	0x2a3b
0x2a3c	0x0	0x2a3c
0x2a3d	0x0	0x2a3d
0x2a3e	0x0	0x2a3e
0x2a3f	0x0	0x2a3f
0x2a40	0x0	0x2a40
0x2a41	0x0	0x2a41
0x2a42	0x0	0x2a42
0x2a43	0x0	0x2a43
0x2a44	0x0	0x2a44
0x2a47	0x0	0x2a47
0x2a48	0x0	0x2a48
0x2a49	0x0	0x2a49
0x2a4a	0x0	0x2a4a
0x2a4b	0x0	0x2a4b
0x2a4e	0x0	0x2a4e
0x2a4f	0x0	0x2a4f
0x2a50	0x0	0x2a50
0x2a51	0x0	0x2a51
0x2a52	0x0	0x2a52
0x2a53	0x0	0x2a53
0x2a54	0x0	0x2a54
0x2a55	0x0	0x2a55
0x2a56	0x0	0x2a56
0x2a57	0x0	0x2a57
0x2a58	0x0	0x2a58
0x2a59	0x0	0x2a59
0x2a5a	0x0	0x2a5a
0x2a5b	0x0	0x2a5b
0x2a5c	0x0	0x2a5c
0x2a5d	0x0	0x2a5d
0x2a5e	0x0	0x2a5e
0x2a5f	0x0	0x2a5f
0x2a60	0x0	0x2a60
0x2a61	0x0	0x2a61
0x2a62	0x0	0x2a62
0x2a63	0x0	0x2a63
0x2a64	0x0	0x2a64
0x2a65	0x0	0x2a65
0x2a66	0x0	0x2a66
0x2a67	0x0	0x2a67
0x2a68	0x0	0x2a68
0x2a69	0x0	0x2a69
0x2a6a	0x0	0x2a6a
0x2a6b	0x0	0x2a6b
0x2a6c	0x0	0x2a6c
0x2a6d	0x0	0x2a6d
0x2a6e	0x0	0x2a6e
0x2a6f	0x0	0x2a6f
0x2a70	0x0	0x2a70
0x2a71	0x0	0x2a71
0x2a72	0x0	0x2a72
0x2a73	0x0	0x2a73
0x2a74	0x0	0x2a74
0x2a75	0x0	0x2a75
0x2a76	0x0	0x2a76
0x2a77	0x0	0x2a77
0x2a78	0x0	0x2a78
0x2a79	0x0	0x2a79
0x2a7a	0x0	0x2a7a
0x2a7b	0x0	0x2a7b
0x2a7c	0x0	0x2a7c
0x2a7d	0x0	0x2a7d
0x2a7e	0x0	0x2a7e
0x2a7f	0x0	0x2a7f
0x2a80	0x0	0x2a80
0x2a81	0x0	0x2a81
0x2a82	0x0	0x2a82
0x2a83	0x0	0x2a83
0x2a84	0x0	0x2a84
0x2a85	0x0	0x2a85
0x2a86	0x0	0x2a86
0x2a87	0x0	0x2a87
0x2a88	0x0	0x2a88
0x2a89	0x0	0x2a89
0x2a8a	0x0	0x2a8a
0x2a8b	0x0	0x2a8b
0x2a8c	0x0	0x2a8c
0x2a8d	0x0	0x2a8d
0x2a91	0x0	0x2a91
0x2a92	0x0	0x2a92
0x2a93	0x0	0x2a93
0x2a94	0x0	0x2a94
0x2a95	0x0	0x2a95
0x2a9c	0x0	0x2a9c
0x2a9d	0x0	0x2a9d
0x2a9e	0x0	0x2a9e
0x2a9f	0x0	0x2a9f
0x2aa0	0x0	0x2aa0
0x2aa8	0x0	0x2aa8
0x2aad	0x0	0x2aad
0x2aae	0x0	0x2aae
0x2ab6	0x0	0x2ab6
0x2ab7	0x0	0x2ab7
0x2abf	0x0	0x2abf
0x2ac0	0x0	0x2ac0
0x2ac1	0x0	0x2ac1
0x2ac2	0x0	0x2ac2
0x2aca	0x0	0x2aca
0x2acb	0x0	0x2acb
0x2acc	0x0	0x2acc
0x2acd	0x0	0x2acd
0x2ace	0x0	0x2ace
0x2acf	0x0	0x2acf
0x2ad0	0x0	0x2ad0
0x2ad1	0x0	0x2ad1
0x2ad2	0x0	0x2ad2
0x2ad3	0x0	0x2ad3
0x2ad4	0x0	0x2ad4
0x2ad5	0x0	0x2ad5
0x2ad6	0x0	0x2ad6
0x2ad7	0x0	0x2ad7
0x2ad8	0x0	0x2ad8
0x2ad9	0x0	0x2ad9
0x2ada	0x0	0x2ada
0x2adb	0x0	0x2adb
0x2adc	0x0	0x2adc
0x2add	0x0	0x2add
0x2ade	0x0	0x2ade
0x2adf	0x0	0x2adf
0x2ae0	0x0	0x2ae0
0x2ae1	0x0	0x2ae1
0x2ae2	0x0	0x2ae2
0x2ae3	0x0	0x2ae3
0x2ae4	0x0	0x2ae4
0x2ae5	0x0	0x2ae5
0x2ae6	0x0	0x2ae6
0x2ae9	0x0	0x2ae9
0x2aea	0x0	0x2aea
0x2aeb	0x0	0x2aeb
0x2aec	0x0	0x2aec
0x2aed	0x0	0x2aed
0x2af0	0x0	0x2af0
0x2af1	0x0	0x2af1
0x2af2	0x0	0x2af2
0x2af3	0x0	0x2af3
0x2af4	0x0	0x2af4
0x2af5	0x0	0x2af5
0x2af6	0x0	0x2af6
0x2af7	0x0	0x2af7
0x2af8	0x0	0x2af8
0x2af9	0x0	0x2af9
0x2afa	0x0	0x2afa
0x2afd	0x0	0x2afd
0x2afe	0x0	0x2afe
0x2aff	0x0	0x2aff
0x2b00	0x0	0x2b00
0x2b01	0x0	0x2b01
0x2b04	0x0	0x2b04
0x2b05	0x0	0x2b05
0x2b06	0x0	0x2b06
0x2b07	0x0	0x2b07
0x2b08	0x0	0x2b08
0x2b09	0x0	0x2b09
0x2b0a	0x0	0x2b0a
0x2b0b	0x0	0x2b0b
0x2b0c	0x0	0x2b0c
0x2b0d	0x0	0x2b0d
0x2b0e	0x0	0x2b0e
0x2b0f	0x0	0x2b0f
0x2b10	0x0	0x2b10
0x2b11	0x0	0x2b11
0x2b12	0x0	0x2b12
0x2b13	0x0	0x2b13
0x2b14	0x0	0x2b14
0x2b15	0x0	0x2b15
0x2b16	0x0	0x2b16
0x2b17	0x0	0x2b17
0x2b18	0x0	0x2b18
0x2b19	0x0	0x2b19
0x2b1a	0x0	0x2b1a
0x2b1b	0x0	0x2b1b
0x2b1c	0x0	0x2b1c
0x2b1d	0x0	0x2b1d
0x2b1e	0x0	0x2b1e
0x2b1f	0x0	0x2b1f
0x2b20	0x0	0x2b20
0x2b21	0x0	0x2b21
0x2b22	0x0	0x2b22
0x2b23	0x0	0x2b23
0x2b24	0x0	0x2b24
0x2b25	0x0	0x2b25
0x2b26	0x0	0x2b26
0x2b27	0x0	0x2b27
0x2b28	0x0	0x2b28
0x2b29	0x0	0x2b29
0x2b2a	0x0	0x2b2a
0x2b2b	0x0	0x2b2b
0x2b2c	0x0	0x2b2c
0x2b2d	0x0	0x2b2d
0x2b2e	0x0	0x2b2e
0x2b2f	0x0	0x2b2f
0x2b30	0x0	0x2b30
0x2b31	0x0	0x2b31
0x2b32	0x0	0x2b32
0x2b33	0x0	0x2b33
0x2b34	0x0	0x2b34
0x2b35	0x0	0x2b35
0x2b36	0x0	0x2b36
0x2b37	0x0	0x2b37
0x2b38	0x0	0x2b38
0x2b39	0x0	0x2b39
0x2b3a	0x0	0x2b3a
0x2b3b	0x0	0x2b3b
0x2b3c	0x0	0x2b3c
0x2b3d	0x0	0x2b3d
0x2b3e	0x0	0x2b3e
0x2b3f	0x0	0x2b3f
0x2b40	0x0	0x2b40
0x2b41	0x0	0x2b41
0x2b42	0x0	0x2b42
0x2b43	0x0	0x2b43
0x2b44	0x0	0x2b44
0x2b45	0x0	0x2b45
0x2b46	0x0	0x2b46
0x2b49	0x0	0x2b49
0x2b4a	0x0	0x2b4a
0x2b4b	0x0	0x2b4b
0x2b4c	0x0	0x2b4c
0x2b4d	0x0	0x2b4d
0x2b4e	0x0	0x2b4e
0x2b4f	0x0	0x2b4f
0x2b50	0x0	0x2b50
0x2b51	0x0	0x2b51
0x2b52	0x0	0x2b52
0x2b53	0x0	0x2b53
0x2b5b	0x0	0x2b5b
0x2b5c	0x0	0x2b5c
0x2b5d	0x0	0x2b5d
0x2b5e	0x0	0x2b5e
0x2b5f	0x0	0x2b5f
0x2b60	0x0	0x2b60
0x2b61	0x0	0x2b61
0x2b62	0x0	0x2b62
0x2b63	0x0	0x2b63
0x2b67	0x0	0x2b67
0x2b6b	0x0	0x2b6b
0x2b6c	0x0	0x2b6c
0x2b6d	0x0	0x2b6d
0x2b6e	0x0	0x2b6e
0x2b6f	0x0	0x2b6f
0x2b70	0x0	0x2b70
0x2b71	0x0	0x2b71
0x2b72	0x0	0x2b72
0x2b73	0x0	0x2b73
0x2b74	0x0	0x2b74
0x2b75	0x0	0x2b75
0x2b76	0x0	0x2b76
0x2b77	0x0	0x2b77
0x2b7b	0x0	0x2b7b
0x2b7c	0x0	0x2b7c
0x2b7d	0x0	0x2b7d
0x2b7e	0x0	0x2b7e
0x2b7f	0x0	0x2b7f
0x2b80	0x0	0x2b80
0x2b81	0x0	0x2b81
0x2b82	0x0	0x2b82
0x2b83	0x0	0x2b83
0x2b84	0x0	0x2b84
0x2b85	0x0	0x2b85
0x2b86	0x0	0x2b86
0x2b87	0x0	0x2b87
0x2b88	0x0	0x2b88
0x2b89	0x0	0x2b89
0x2b8a	0x0	0x2b8a
0x2b8d	0x0	0x2b8d
0x2b8e	0x0	0x2b8e
0x2b8f	0x0	0x2b8f
0x2b90	0x0	0x2b90
0x2b91	0x0	0x2b91
0x2b94	0x0	0x2b94
0x2b95	0x0	0x2b95
0x2b96	0x0	0x2b96
0x2b97	0x0	0x2b97
0x2b98	0x0	0x2b98
0x2b9e	0x0	0x2b9e
0x2b9f	0x0	0x2b9f
0x2ba6	0x0	0x2ba6
0x2ba7	0x0	0x2ba7
0x2ba8	0x0	0x2ba8
0x2ba9	0x0	0x2ba9
0x2baa	0x0	0x2baa
0x2bab	0x0	0x2bab
0x2bac	0x0	0x2bac
0x2bad	0x0	0x2bad
0x2bae	0x0	0x2bae
0x2baf	0x0	0x2baf
0x2bb0	0x0	0x2bb0
0x2bb1	0x0	0x2bb1
0x2bb2	0x0	0x2bb2
0x2bb3	0x0	0x2bb3
0x2bb4	0x0	0x2bb4
0x2bb5	0x0	0x2bb5
0x2bb6	0x0	0x2bb6
0x2bb7	0x0	0x2bb7
0x2bb8	0x0	0x2bb8
0x2bb9	0x0	0x2bb9
0x2bba	0x0	0x2bba
0x2bbb	0x0	0x2bbb
0x2bbc	0x0	0x2bbc
0x2bc3	0x0	0x2bc3
0x2bc6	0x0	0x2bc6
0x2bce	0x0	0x2bce
0x2bcf	0x0	0x2bcf
0x2bd0	0x0	0x2bd0
0x2bd1	0x0	0x2bd1
0x2bd2	0x0	0x2bd2
0x2bd3	0x0	0x2bd3
0x2bd4	0x0	0x2bd4
0x2bd5	0x0	0x2bd5
0x2bd6	0x0	0x2bd6
0x2bd7	0x0	0x2bd7
0x2bd8	0x0	0x2bd8
0x2bd9	0x0	0x2bd9
0x2bda	0x0	0x2bda
0x2bdb	0x0	0x2bdb
0x2bdc	0x0	0x2bdc
0x2bdd	0x0	0x2bdd
0x2bde	0x0	0x2bde
0x2be1	0x0	0x2be1
0x2be2	0x0	0x2be2
0x2be3	0x0	0x2be3
0x2be4	0x0	0x2be4
0x2be5	0x0	0x2be5
0x2be8	0x0	0x2be8
0x2be9	0x0	0x2be9
0x2bea	0x0	0x2bea
0x2beb	0x0	0x2beb
0x2bec	0x0	0x2bec
0x2bed	0x0	0x2bed
0x2bee	0x0	0x2bee
0x2bef	0x0	0x2bef
0x2bf0	0x0	0x2bf0
0x2bf1	0x0	0x2bf1
0x2bf2	0x0	0x2bf2
0x2bf3	0x0	0x2bf3
0x2bf4	0x0	0x2bf4
0x2bf5	0x0	0x2bf5
0x2bf6	0x0	0x2bf6
0x2bf7	0x0	0x2bf7
0x2bf8	0x0	0x2bf8
0x2bf9	0x0	0x2bf9
0x2bfa	0x0	0x2bfa
0x2bfb	0x0	0x2bfb
0x2bfc	0x0	0x2bfc
0x2bfd	0x0	0x2bfd
0x2bfe	0x0	0x2bfe
0x2bff	0x0	0x2bff
0x2c00	0x0	0x2c00
0x2c01	0x0	0x2c01
0x2c02	0x0	0x2c02
0x2c03	0x0	0x2c03
0x2c04	0x0	0x2c04
0x2c05	0x0	0x2c05
0x2c06	0x0	0x2c06
0x2c07	0x0	0x2c07
0x2c08	0x0	0x2c08
0x2c09	0x0	0x2c09
0x2c0a	0x0	0x2c0a
0x2c0b	0x0	0x2c0b
0x2c0c	0x0	0x2c0c
0x2c0d	0x0	0x2c0d
0x2c0e	0x0	0x2c0e
0x2c0f	0x0	0x2c0f
0x2c10	0x0	0x2c10
0x2c11	0x0	0x2c11
0x2c12	0x0	0x2c12
0x2c13	0x0	0x2c13
0x2c14	0x0	0x2c14
0x2c15	0x0	0x2c15
0x2c16	0x0	0x2c16
0x2c17	0x0	0x2c17
0x2c18	0x0	0x2c18
0x2c19	0x0	0x2c19
0x2c1a	0x0	0x2c1a
0x2c1b	0x0	0x2c1b
0x2c1c	0x0	0x2c1c
0x2c1d	0x0	0x2c1d
0x2c1e	0x0	0x2c1e
0x2c1f	0x0	0x2c1f
0x2c20	0x0	0x2c20
0x2c21	0x0	0x2c21
0x2c22	0x0	0x2c22
0x2c23	0x0	0x2c23
0x2c24	0x0	0x2c24
0x2c25	0x0	0x2c25
0x2c26	0x0	0x2c26
0x2c27	0x0	0x2c27
0x2c2b	0x0	0x2c2b
0x2c2c	0x0	0x2c2c
0x2c2d	0x0	0x2c2d
0x2c2e	0x0	0x2c2e
0x2c2f	0x0	0x2c2f
0x2c30	0x0	0x2c30
0x2c31	0x0	0x2c31
0x2c38	0x0	0x2c38
0x2c39	0x0	0x2c39
0x2c3a	0x0	0x2c3a
0x2c42	0x0	0x2c42
0x2c47	0x0	0x2c47
0x2c48	0x0	0x2c48
0x2c50	0x0	0x2c50
0x2c51	0x0	0x2c51
0x2c52	0x0	0x2c52
0x2c53	0x0	0x2c53
0x2c5b	0x0	0x2c5b
0x2c5c	0x0	0x2c5c
0x2c64	0x0	0x2c64
0x2c65	0x0	0x2c65
0x2c66	0x0	0x2c66
0x2c67	0x0	0x2c67
0x2c68	0x0	0x2c68
0x2c69	0x0	0x2c69
0x2c6a	0x0	0x2c6a
0x2c6b	0x0	0x2c6b
0x2c6c	0x0	0x2c6c
0x2c6d	0x0	0x2c6d
0x2c6e	0x0	0x2c6e
0x2c6f	0x0	0x2c6f
0x2c70	0x0	0x2c70
0x2c71	0x0	0x2c71
0x2c72	0x0	0x2c72
0x2c73	0x0	0x2c73
0x2c74	0x0	0x2c74
0x2c75	0x0	0x2c75
0x2c76	0x0	0x2c76
0x2c77	0x0	0x2c77
0x2c7b	0x0	0x2c7b
0x2c7c	0x0	0x2c7c
0x2c7d	0x0	0x2c7d
0x2c7e	0x0	0x2c7e
0x2c7f	0x0	0x2c7f
0x2c80	0x0	0x2c80
0x2c81	0x0	0x2c81
0x2c82	0x0	0x2c82
0x2c83	0x0	0x2c83
0x2c87	0x0	0x2c87
0x2c88	0x0	0x2c88
0x2c89	0x0	0x2c89
0x2c8a	0x0	0x2c8a
0x2c8b	0x0	0x2c8b
0x2c8c	0x0	0x2c8c
0x2c8d	0x0	0x2c8d
0x2c8e	0x0	0x2c8e
0x2c8f	0x0	0x2c8f
0x2c90	0x0	0x2c90
0x2c93	0x0	0x2c93
0x2c94	0x0	0x2c94
0x2c95	0x0	0x2c95
0x2c96	0x0	0x2c96
0x2c97	0x0	0x2c97
0x2c9a	0x0	0x2c9a
0x2c9b	0x0	0x2c9b
0x2c9c	0x0	0x2c9c
0x2c9d	0x0	0x2c9d
0x2c9e	0x0	0x2c9e
0x2c9f	0x0	0x2c9f
0x2ca0	0x0	0x2ca0
0x2ca1	0x0	0x2ca1
0x2ca5	0x0	0x2ca5
0x2ca6	0x0	0x2ca6
0x2ca7	0x0	0x2ca7
0x2ca8	0x0	0x2ca8
0x2ca9	0x0	0x2ca9
0x2caa	0x0	0x2caa
0x2cab	0x0	0x2cab
0x2cac	0x0	0x2cac
0x2cad	0x0	0x2cad
0x2cae	0x0	0x2cae
0x2caf	0x0	0x2caf
0x2cb0	0x0	0x2cb0
0x2cb1	0x0	0x2cb1
0x2cb2	0x0	0x2cb2
0x2cb3	0x0	0x2cb3
0x2cb4	0x0	0x2cb4
0x2cb5	0x0	0x2cb5
0x2cb6	0x0	0x2cb6
0x2cb7	0x0	0x2cb7
0x2cb8	0x0	0x2cb8
0x2cb9	0x0	0x2cb9
0x2cba	0x0	0x2cba
0x2cbb	0x0	0x2cbb
0x2cbc	0x0	0x2cbc
0x2cbd	0x0	0x2cbd
0x2cbe	0x0	0x2cbe
0x2cbf	0x0	0x2cbf
0x2cc0	0x0	0x2cc0
0x2cc1	0x0	0x2cc1
0x2cc2	0x0	0x2cc2
0x2cc3	0x0	0x2cc3
0x2cc4	0x0	0x2cc4
0x2cc5	0x0	0x2cc5
0x2cc6	0x0	0x2cc6
0x2cc7	0x0	0x2cc7
0x2cc8	0x0	0x2cc8
0x2cc9	0x0	0x2cc9
0x2cca	0x0	0x2cca
0x2ccb	0x0	0x2ccb
0x2ccc	0x0	0x2ccc
0x2ccd	0x0	0x2ccd
0x2cce	0x0	0x2cce
0x2ccf	0x0	0x2ccf
0x2cd0	0x0	0x2cd0
0x2cd1	0x0	0x2cd1
0x2cd2	0x0	0x2cd2
0x2cd3	0x0	0x2cd3
0x2cd4	0x0	0x2cd4
0x2cd5	0x0	0x2cd5
0x2cd6	0x0	0x2cd6
0x2cd7	0x0	0x2cd7
0x2cd8	0x0	0x2cd8
0x2cd9	0x0	0x2cd9
0x2cda	0x0	0x2cda
0x2cdb	0x0	0x2cdb
0x2cdc	0x0	0x2cdc
0x2cdd	0x0	0x2cdd
0x2cde	0x0	0x2cde
0x2cdf	0x0	0x2cdf
0x2ce0	0x0	0x2ce0
0x2ce1	0x0	0x2ce1
0x2ce9	0x0	0x2ce9
0x2cea	0x0	0x2cea
0x2ceb	0x0	0x2ceb
0x2cec	0x0	0x2cec
0x2ced	0x0	0x2ced
0x2cee	0x0	0x2cee
0x2cef	0x0	0x2cef
0x2cf0	0x0	0x2cf0
0x2cf1	0x0	0x2cf1
0x2cf2	0x0	0x2cf2
0x2cf3	0x0	0x2cf3
0x2cf4	0x0	0x2cf4
0x2cf5	0x0	0x2cf5
0x2cf6	0x0	0x2cf6
0x2cf7	0x0	0x2cf7
0x2cff	0x0	0x2cff
0x2d00	0x0	0x2d00
0x2d01	0x0	0x2d01
0x2d02	0x0	0x2d02
0x2d03	0x0	0x2d03
0x2d04	0x0	0x2d04
0x2d05	0x0	0x2d05
0x2d06	0x0	0x2d06
0x2d07	0x0	0x2d07
0x2d08	0x0	0x2d08
0x2d10	0x0	0x2d10
0x2d11	0x0	0x2d11
0x2d12	0x0	0x2d12
0x2d13	0x0	0x2d13
0x2d14	0x0	0x2d14
0x2d15	0x0	0x2d15
0x2d16	0x0	0x2d16
0x2d17	0x0	0x2d17
0x2d18	0x0	0x2d18
0x2d19	0x0	0x2d19
0x2d1a	0x0	0x2d1a
0x2d1b	0x0	0x2d1b
0x2d1c	0x0	0x2d1c
0x2d1d	0x0	0x2d1d
0x2d1e	0x0	0x2d1e
0x2d22	0x0	0x2d22
0x2d23	0x0	0x2d23
0x2d27	0x0	0x2d27
0x2d28	0x0	0x2d28
0x2d29	0x0	0x2d29
0x2d2a	0x0	0x2d2a
0x2d2b	0x0	0x2d2b
0x2d2c	0x0	0x2d2c
0x2d2d	0x0	0x2d2d
0x2d2e	0x0	0x2d2e
0x2d2f	0x0	0x2d2f
0x2d30	0x0	0x2d30
0x2d31	0x0	0x2d31
0x2d32	0x0	0x2d32
0x2d33	0x0	0x2d33
0x2d34	0x0	0x2d34
0x2d35	0x0	0x2d35
0x2d36	0x0	0x2d36
0x2d37	0x0	0x2d37
0x2d38	0x0	0x2d38
0x2d39	0x0	0x2d39
0x2d3a	0x0	0x2d3a
0x2d3b	0x0	0x2d3b
0x2d3c	0x0	0x2d3c
0x2d40	0x0	0x2d40
0x2d41	0x0	0x2d41
0x2d42	0x0	0x2d42
0x2d43	0x0	0x2d43
0x2d44	0x0	0x2d44
0x2d45	0x0	0x2d45
0x2d46	0x0	0x2d46
0x2d47	0x0	0x2d47
0x2d4b	0x0	0x2d4b
0x2d4c	0x0	0x2d4c
0x2d4d	0x0	0x2d4d
0x2d4e	0x0	0x2d4e
0x2d4f	0x0	0x2d4f
0x2d50	0x0	0x2d50
0x2d51	0x0	0x2d51
0x2d52	0x0	0x2d52
0x2d53	0x0	0x2d53
0x2d54	0x0	0x2d54
0x2d58	0x0	0x2d58
0x2d59	0x0	0x2d59
0x2d5a	0x0	0x2d5a
0x2d5b	0x0	0x2d5b
0x2d5c	0x0	0x2d5c
0x2d5d	0x0	0x2d5d
0x2d5e	0x0	0x2d5e
0x2d5f	0x0	0x2d5f
0x2d60	0x0	0x2d60
0x2d61	0x0	0x2d61
0x2d62	0x0	0x2d62
0x2d63	0x0	0x2d63
0x2d64	0x0	0x2d64
0x2d65	0x0	0x2d65
0x2d66	0x0	0x2d66
0x2d67	0x0	0x2d67
0x2d68	0x0	0x2d68
0x2d69	0x0	0x2d69
0x2d6a	0x0	0x2d6a
0x2d6b	0x0	0x2d6b
0x2d6c	0x0	0x2d6c
0x2d6d	0x0	0x2d6d
0x2d6e	0x0	0x2d6e
0x2d6f	0x0	0x2d6f
0x2d70	0x0	0x2d70
0x2d71	0x0	0x2d71
0x2d72	0x0	0x2d72
0x2d73	0x0	0x2d73
0x2d74	0x0	0x2d74
0x2d75	0x0	0x2d75
0x2d76	0x0	0x2d76
0x2d77	0x0	0x2d77
0x2d78	0x0	0x2d78
0x2d7b	0x0	0x2d7b
0x2d7c	0x0	0x2d7c
0x2d7d	0x0	0x2d7d
0x2d81	0x0	0x2d81
0x2d82	0x0	0x2d82
0x2d83	0x0	0x2d83
0x2d84	0x0	0x2d84
0x2d85	0x0	0x2d85
0x2d86	0x0	0x2d86
0x2d8b	0x0	0x2d8b
0x2d8c	0x0	0x2d8c
0x2d8d	0x0	0x2d8d
0x2d8e	0x0	0x2d8e
0x2d8f	0x0	0x2d8f
0x2d90	0x0	0x2d90
0x2d91	0x0	0x2d91
0x2d92	0x0	0x2d92
0x2d97	0x0	0x2d97
0x2d9b	0x0	0x2d9b
0x2d9c	0x0	0x2d9c
0x2d9d	0x0	0x2d9d
0x2d9e	0x0	0x2d9e
0x2d9f	0x0	0x2d9f
0x2da3	0x0	0x2da3
0x2da4	0x0	0x2da4
0x2da5	0x0	0x2da5
0x2da6	0x0	0x2da6
0x2da7	0x0	0x2da7
0x2da8	0x0	0x2da8
0x2da9	0x0	0x2da9
0x2daa	0x0	0x2daa
0x2dab	0x0	0x2dab
0x2daf	0x0	0x2daf
0x2db0	0x0	0x2db0
0x2db1	0x0	0x2db1
0x2db2	0x0	0x2db2
0x2db3	0x0	0x2db3
0x2db4	0x0	0x2db4
0x2db5	0x0	0x2db5
0x2db6	0x0	0x2db6
0x2db7	0x0	0x2db7
0x2db8	0x0	0x2db8
0x2dbd	0x0	0x2dbd
0x2dbe	0x0	0x2dbe
0x2dbf	0x0	0x2dbf
0x2dc0	0x0	0x2dc0
0x2dc1	0x0	0x2dc1
0x2dc2	0x0	0x2dc2
0x2dc3	0x0	0x2dc3
0x2dc4	0x0	0x2dc4
0x2dc5	0x0	0x2dc5
0x2dc6	0x0	0x2dc6
0x2dc7	0x0	0x2dc7
0x2dc8	0x0	0x2dc8
0x2dc9	0x0	0x2dc9
0x2dca	0x0	0x2dca
0x2dcb	0x0	0x2dcb
0x2dcc	0x0	0x2dcc
0x2dcd	0x0	0x2dcd
0x2dce	0x0	0x2dce
0x2dd4	0x0	0x2dd4
0x2dd5	0x0	0x2dd5
0x2dd6	0x0	0x2dd6
0x2dd7	0x0	0x2dd7
0x2dd8	0x0	0x2dd8
0x2dd9	0x0	0x2dd9
0x2dda	0x0	0x2dda
0x2ddb	0x0	0x2ddb
0x2ddf	0x0	0x2ddf
0x2de0	0x0	0x2de0
0x2de1	0x0	0x2de1
0x2de2	0x0	0x2de2
0x2de8	0x0	0x2de8
0x2deb	0x0	0x2deb
0x2def	0x0	0x2def
0x2df0	0x0	0x2df0
0x2df1	0x0	0x2df1
0x2df5	0x0	0x2df5
0x2df6	0x0	0x2df6
0x2dfa	0x0	0x2dfa
0x2e02	0x0	0x2e02
0x2e03	0x0	0x2e03
0x2e04	0x0	0x2e04
0x2e05	0x0	0x2e05
0x2e09	0x0	0x2e09
0x2e0a	0x0	0x2e0a
0x2e0b	0x0	0x2e0b
0x2e0c	0x0	0x2e0c
0x2e11	0x0	0x2e11
0x2e12	0x0	0x2e12
0x2e13	0x0	0x2e13
0x2e14	0x0	0x2e14
0x2e1c	0x0	0x2e1c
0x2e1d	0x0	0x2e1d
0x2e1e	0x0	0x2e1e
0x2e22	0x0	0x2e22
0x2e23	0x0	0x2e23
0x2e28	0x0	0x2e28
0x2e2f	0x0	0x2e2f
0x2e35	0x0	0x2e35
0x2e3d	0x0	0x2e3d
0x2e44	0x0	0x2e44
0x2e45	0x0	0x2e45
0x2e46	0x0	0x2e46
0x2e47	0x0	0x2e47
0x2e48	0x0	0x2e48
0x2e4d	0x0	0x2e4d
0x2e4e	0x0	0x2e4e
0x2e4f	0x0	0x2e4f
0x2e50	0x0	0x2e50
0x2e51	0x0	0x2e51
0x2e58	0x0	0x2e58
0x2e5d	0x0	0x2e5d
0x2e5e	0x0	0x2e5e
0x2e62	0x0	0x2e62
0x2e65	0x0	0x2e65
0x2e66	0x0	0x2e66
0x2e67	0x0	0x2e67
0x2e68	0x0	0x2e68
0x2e69	0x0	0x2e69
0x2e6c	0x0	0x2e6c
0x2e6d	0x0	0x2e6d
0x2e6e	0x0	0x2e6e
0x2e6f	0x0	0x2e6f
0x2e70	0x0	0x2e70
0x2e71	0x0	0x2e71
0x2e72	0x0	0x2e72
0x2e73	0x0	0x2e73
0x2e74	0x0	0x2e74
0x2e7b	0x0	0x2e7b
0x2e7e	0x0	0x2e7e
0x2e7f	0x0	0x2e7f
0x2e87	0x0	0x2e87
0x2e88	0x0	0x2e88
0x2e89	0x0	0x2e89
0x2e90	0x0	0x2e90
0x2e97	0x0	0x2e97
0x2e9e	0x0	0x2e9e
0x2e9f	0x0	0x2e9f
0x2ea0	0x0	0x2ea0
0x2ea1	0x0	0x2ea1
0x2ea2	0x0	0x2ea2
0x2ea6	0x0	0x2ea6
0x2eaa	0x0	0x2eaa
0x2eab	0x0	0x2eab
0x2eb1	0x0	0x2eb1
0x2eb5	0x0	0x2eb5
0x2eb6	0x0	0x2eb6
0x2eb7	0x0	0x2eb7
