0x0
0x4
0x1
0x2
0x3
0x5
0x6
0x7
0x8
0x9
0xa
0xb
0xc
0xd
0xe
0xf
0x10
0x11
0x12
0x13
0x14
0x16
0x17
0x18
0x19
0x1a
0x1b
0x1d
0x22
0x23
0x24
0x25
0x26
0x27
0x28
0x29
0x2a
0x2b
0x2c
0x2d
0x2e
0x2f
0x30
0x31
0x32
0x33
0x34
0x35
0x36
0x37
0x38
0x39
0x3a
0x3b
0x3c
0x3d
0x3e
0x3f
0x40
0x41
0x42
0x43
0x44
0x45
0x46
0x47
0x48
0x49
0x4a
0x4b
0x4c
0x4d
0x4e
0x4f
0x50
0x51
0x52
0x53
0x54
0x55
0x56
0x57
0x59
0x5a
0x5b
0x5c
0x5d
0x5e
0x66
0x67
0x68
0x69
0x6a
0x6b
0x6c
0x6d
0x70
0x74
0x75
0x76
0x77
0x78
0x79
0x7a
0x7c
0x7e
0x7f
0x80
0x81
0x82
0x83
0x87
0x88
0x89
0x8a
0x8b
0x8c
0x8d
0x8e
0x8f
0x90
0x91
0x98
0x9c
0x9d
0xa3
0xa4
0xa5
0xa6
0xaa
0xab
0xac
0xad
0xae
0xb0
0xb1
0xb5
0xbc
0xc4
0xc5
0xcc
0xcd
0xce
0xcf
0xd0
0xd1
0xd3
0xd9
0xda
0xdb
0xdc
0xdd
0xe1
0xe4
0xe5
0xe6
0xe7
0xe8
0xec
0xed
0xee
0xef
0xf0
0xf1
0xf2
0xf6
0xfb
0xfc
0xfd
0xfe
0x106
0x107
0x108
0x109
0x10b
0x10c
0x110
0x111
0x112
0x113
0x114
0x119
0x11a
0x11b
0x11c
0x11d
0x11e
0x124
0x125
0x126
0x127
0x128
0x129
0x12a
0x12c
0x12e
0x12f
0x130
0x131
0x132
0x135
0x136
0x137
0x139
0x13a
0x13b
0x13c
0x13d
0x13e
0x13f
0x140
0x142
0x144
0x145
0x146
0x147
0x148
0x149
0x150
0x151
0x152
0x153
0x154
0x155
0x157
0x15d
0x15e
0x15f
0x160
0x167
0x168
0x169
0x16a
0x16b
0x16d
0x173
0x174
0x175
0x17a
0x17b
0x17f
0x180
0x181
0x182
0x189
0x18b
0x18c
0x194
0x195
0x196
0x197
0x198
0x19f
0x1a1
0x1a2
0x1a3
0x1a8
0x1a9
0x1aa
0x1ab
0x1ac
0x1ae
0x1af
0x1b0
0x1b2
0x1b3
0x1b4
0x1b5
0x1b6
0x1b7
0x1b8
0x1b9
0x1ba
0x1bd
0x1be
0x1bf
0x1c0
0x1c1
0x1c2
0x1c4
0x1c6
0x1c8
0x1c9
0x1ca
0x1cb
0x1cc
0x1cd
0x1d5
0x1d6
0x1d7
0x1d8
0x1da
0x1dc
0x1de
0x1df
0x1e0
0x1e1
0x1e3
0x1ea
0x1eb
0x1ec
0x1ed
0x1ee
0x1f1
0x1f9
0x1fd
0x1fe
0x200
0x201
0x202
0x203
0x204
0x206
0x20c
0x20d
0x20e
0x213
0x215
0x21c
0x21e
0x220
0x221
0x222
0x223
0x224
0x22a
0x22e
0x22f
0x230
0x231
0x232
0x233
0x23b
0x23c
0x244
0x245
0x246
0x247
0x248
0x24a
0x24c
0x24d
0x24e
0x24f
0x250
0x258
0x259
0x25a
0x25b
0x25c
0x25d
0x25f
0x268
0x269
0x26a
0x26b
0x26e
0x26f
0x270
0x271
0x272
0x273
0x274
0x27c
0x284
0x285
0x286
0x287
0x288
0x28a
0x28b
0x28e
0x28f
0x290
0x291
0x292
0x29a
0x29b
0x29c
0x29d
0x29e
0x2a0
0x2a4
0x2a5
0x2a9
0x2aa
0x2ab
0x2ac
0x2ad
0x2ae
0x2af
0x2b2
0x2ba
0x2bb
0x2bc
0x2bd
0x2c1
0x2c2
0x2c3
0x2c4
0x2c5
0x2c6
0x2c7
0x2cb
0x2cf
0x2d3
0x2d4
0x2d5
0x2d6
0x2d7
0x2d8
0x2d9
0x2e1
0x2e2
0x2e3
0x2e4
0x2e5
0x2ea
0x2eb
0x2ec
0x2ed
0x2ee
0x2ef
0x2f1
0x2f2
0x2fa
0x302
0x30a
0x312
0x31a
0x31b
0x31d
0x31e
0x31f
0x320
0x321
0x322
0x323
0x325
0x327
0x329
0x32a
0x32b
0x32c
0x32d
0x32f
0x330
0x331
0x332
0x333
0x334
0x335
0x337
0x339
0x33b
0x33c
0x33d
0x33e
0x33f
0x341
0x342
0x34a
0x352
0x35a
0x362
0x36a
0x36b
0x36d
0x36e
0x36f
0x370
0x371
0x372
0x373
0x375
0x377
0x379
0x37a
0x37b
0x37c
0x37d
0x37f
0x380
0x381
0x382
0x383
0x384
0x385
0x387
0x389
0x38b
0x38c
0x38d
0x38e
0x38f
0x391
0x392
0x393
0x394
0x395
0x396
0x397
0x399
0x39b
0x39d
0x39e
0x39f
0x3a0
0x3a1
0x3a3
0x3a4
0x3a5
0x3a6
0x3a7
0x3a8
0x3a9
0x3ab
0x3ad
0x3af
0x3b0
0x3b1
0x3b2
0x3b3
0x3b5
0x3b6
0x3be
0x3c6
0x3ce
0x3d6
0x3de
0x3df
0x3e1
0x3e2
0x3e3
0x3e4
0x3e5
0x3e6
0x3e7
0x3e9
0x3eb
0x3ed
0x3ee
0x3ef
0x3f0
0x3f1
0x3f2
0x3f3
0x3f4
0x3fc
0x3fd
0x3fe
0x3ff
0x401
0x403
0x405
0x406
0x407
0x408
0x409
0x40a
0x40b
0x40c
0x40d
0x40e
0x410
0x411
0x413
0x414
0x415
0x416
0x417
0x418
0x419
0x41b
0x41d
0x41f
0x420
0x421
0x422
0x423
0x424
0x425
0x426
0x427
0x428
0x42a
0x42b
0x42d
0x42e
0x42f
0x430
0x431
0x432
0x433
0x435
0x437
0x439
0x43a
0x43b
0x43c
0x43d
0x43f
0x440
0x441
0x442
0x443
0x444
0x445
0x447
0x449
0x44b
0x44c
0x44d
0x44e
0x44f
0x450
0x451
0x452
0x453
0x456
0x457
0x458
0x459
0x45d
0x461
0x462
0x463
0x464
0x465
0x466
0x467
0x468
0x46a
0x472
0x475
0x476
0x477
0x478
0x479
0x47a
0x47b
0x47c
0x47d
0x47f
0x480
0x488
0x490
0x498
0x4a0
0x4a8
0x4a9
0x4ab
0x4ac
0x4ad
0x4ae
0x4af
0x4b0
0x4b1
0x4b3
0x4b5
0x4b7
0x4b8
0x4b9
0x4ba
0x4bb
0x4bd
0x4be
0x4bf
0x4c0
0x4c1
0x4c2
0x4c3
0x4c5
0x4c7
0x4c9
0x4ca
0x4cb
0x4cc
0x4cd
0x4cf
0x4d0
0x4d8
0x4e0
0x4e8
0x4f0
0x4f8
0x4f9
0x4fb
0x4fc
0x4fd
0x4fe
0x4ff
0x500
0x501
0x503
0x505
0x507
0x508
0x509
0x50a
0x50b
0x50d
0x50e
0x50f
0x510
0x511
0x512
0x513
0x515
0x517
0x519
0x51a
0x51b
0x51c
0x51d
0x51f
0x520
0x521
0x522
0x523
0x524
0x525
0x527
0x529
0x52b
0x52c
0x52d
0x52e
0x52f
0x531
0x532
0x533
0x534
0x535
0x536
0x537
0x539
0x53b
0x53d
0x53e
0x53f
0x540
0x541
0x542
0x543
0x544
0x545
0x54d
0x54e
0x54f
0x553
0x554
0x555
0x556
0x557
0x558
0x55c
0x564
0x56b
0x56c
0x56d
0x56e
0x56f
0x571
0x572
0x57a
0x582
0x58a
0x592
0x59a
0x59b
0x59d
0x59e
0x59f
0x5a0
0x5a1
0x5a2
0x5a3
0x5a5
0x5a7
0x5a9
0x5aa
0x5ab
0x5ac
0x5ad
0x5ae
0x5af
0x5b0
0x5b1
0x5b2
0x5b4
0x5b5
0x5b7
0x5b8
0x5b9
0x5ba
0x5bb
0x5bc
0x5bd
0x5bf
0x5c1
0x5c3
0x5c4
0x5c5
0x5c6
0x5c7
0x5c8
0x5c9
0x5ca
0x5cb
0x5cc
0x5cd
0x5ce
0x5cf
0x5d0
0x5d1
0x5d5
0x5d6
0x5d7
0x5d8
0x5d9
0x5da
0x5db
0x5dc
0x5dd
0x5de
0x5df
0x5e0
0x5e1
0x5e2
0x5e3
0x5e4
0x5e5
0x5e7
0x5e8
0x5e9
0x5ea
0x5eb
0x5ec
0x5ed
0x5ee
0x5ef
0x5f0
0x5f1
0x5f2
0x5f3
0x5f5
0x5f6
0x5f7
0x5f9
0x5fa
0x602
0x603
0x604
0x605
0x606
0x607
0x608
0x60a
0x613
0x617
0x618
0x619
0x61a
0x61b
0x61c
0x61d
0x61f
0x620
0x628
0x630
0x638
0x640
0x648
0x649
0x64b
0x64c
0x64d
0x64e
0x64f
0x650
0x651
0x653
0x655
0x657
0x658
0x659
0x65a
0x65b
0x65d
0x65e
0x65f
0x660
0x661
0x662
0x663
0x665
0x667
0x669
0x66a
0x66b
0x66c
0x66d
0x66f
0x670
0x678
0x680
0x688
0x690
0x698
0x699
0x69b
0x69c
0x69d
0x69e
0x69f
0x6a0
0x6a1
0x6a3
0x6a5
0x6a7
0x6a8
0x6a9
0x6aa
0x6ab
0x6ad
0x6ae
0x6af
0x6b0
0x6b1
0x6b2
0x6b3
0x6b5
0x6b7
0x6b9
0x6ba
0x6bb
0x6bc
0x6bd
0x6bf
0x6c0
0x6c1
0x6c2
0x6c3
0x6c4
0x6c5
0x6c7
0x6c9
0x6cb
0x6cc
0x6cd
0x6ce
0x6cf
0x6d1
0x6d2
0x6d3
0x6d4
0x6d5
0x6d6
0x6d7
0x6d9
0x6db
0x6dd
0x6de
0x6df
0x6e0
0x6e1
0x6e2
0x6e3
0x6e4
0x6ec
0x6ed
0x6ee
0x6ef
0x6f1
0x6f3
0x6f5
0x6f6
0x6f7
0x6f8
0x6f9
0x6fa
0x6fb
0x6fc
0x6fd
0x6fe
0x700
0x701
0x703
0x704
0x705
0x706
0x707
0x708
0x709
0x70b
0x70d
0x70f
0x710
0x711
0x712
0x713
0x714
0x715
0x716
0x717
0x718
0x71a
0x71b
0x71d
0x71e
0x71f
0x720
0x721
0x722
0x723
0x725
0x727
0x729
0x72a
0x72b
0x72c
0x72d
0x72e
0x72f
0x730
0x731
0x732
0x733
0x736
0x737
0x73b
0x73f
0x740
0x741
0x742
0x743
0x744
0x748
0x750
0x754
0x755
0x756
0x757
0x758
0x759
0x75a
0x75b
0x75d
0x75e
0x75f
0x760
0x761
0x762
0x763
0x765
0x767
0x769
0x76a
0x76b
0x76c
0x76d
0x76e
0x76f
0x770
0x771
0x772
0x773
0x779
0x77a
0x77b
0x77f
0x780
0x781
0x782
0x783
0x784
0x789
0x790
0x798
0x799
0x79a
0x79b
0x79d
0x79e
0x7a6
0x7ae
0x7b6
0x7be
0x7c6
0x7c7
0x7c9
0x7ca
0x7cb
0x7cc
0x7cd
0x7ce
0x7cf
0x7d1
0x7d3
0x7d5
0x7d6
0x7d7
0x7d8
0x7d9
0x7db
0x7dc
0x7dd
0x7de
0x7df
0x7e0
0x7e1
0x7e3
0x7e5
0x7e7
0x7e8
0x7e9
0x7ea
0x7eb
0x7ec
0x7ed
0x7ee
0x7ef
0x7f0
0x7f5
0x7f9
0x7fd
0x7fe
0x7ff
0x800
0x801
0x802
0x803
0x804
0x806
0x80e
0x812
0x813
0x814
0x815
0x816
0x817
0x818
0x819
0x81b
0x81c
0x824
0x82c
0x834
0x83c
0x844
0x845
0x847
0x848
0x849
0x84a
0x84b
0x84c
0x84d
0x84f
0x851
0x853
0x854
0x855
0x856
0x857
0x859
0x85a
0x85b
0x85c
0x85d
0x85e
0x85f
0x861
0x863
0x865
0x866
0x867
0x868
0x869
0x86b
0x86c
0x874
0x87c
0x884
0x88c
0x894
0x895
0x897
0x898
0x899
0x89a
0x89b
0x89c
0x89d
0x89f
0x8a1
0x8a3
0x8a4
0x8a5
0x8a6
0x8a7
0x8a9
0x8aa
0x8ab
0x8ac
0x8ad
0x8ae
0x8af
0x8b1
0x8b3
0x8b5
0x8b6
0x8b7
0x8b8
0x8b9
0x8bb
0x8bc
0x8bd
0x8be
0x8bf
0x8c0
0x8c1
0x8c3
0x8c5
0x8c7
0x8c8
0x8c9
0x8ca
0x8cb
0x8cd
0x8ce
0x8cf
0x8d0
0x8d1
0x8d2
0x8d3
0x8d5
0x8d7
0x8d9
0x8da
0x8db
0x8dc
0x8dd
0x8df
0x8e0
0x8e8
0x8f0
0x8f8
0x900
0x908
0x909
0x90b
0x90c
0x90d
0x90e
0x90f
0x910
0x911
0x913
0x915
0x917
0x918
0x919
0x91a
0x91b
0x91c
0x91d
0x91e
0x926
0x927
0x928
0x929
0x92b
0x92d
0x92f
0x930
0x931
0x932
0x933
0x934
0x935
0x936
0x937
0x938
0x93a
0x93b
0x93d
0x93e
0x93f
0x940
0x941
0x942
0x943
0x945
0x947
0x949
0x94a
0x94b
0x94c
0x94d
0x94e
0x94f
0x950
0x951
0x952
0x954
0x955
0x957
0x958
0x959
0x95a
0x95b
0x95c
0x95d
0x95f
0x961
0x963
0x964
0x965
0x966
0x967
0x968
0x969
0x96a
0x96b
0x970
0x971
0x975
0x976
0x977
0x978
0x979
0x97a
0x97b
0x97c
0x97d
0x97e
0x97f
0x980
0x981
0x982
0x983
0x984
0x985
0x987
0x988
0x989
0x98a
0x98b
0x98c
0x98d
0x98e
0x98f
0x990
0x991
0x992
0x993
0x995
0x996
0x997
0x999
0x99a
0x9a2
0x9a3
0x9a4
0x9a5
0x9a6
0x9ac
0x9ad
0x9b1
0x9b2
0x9b3
0x9b4
0x9b5
0x9b6
0x9b7
0x9b8
0x9b9
0x9ba
0x9bb
0x9bc
0x9bd
0x9bf
0x9c0
0x9c8
0x9d0
0x9d8
0x9e0
0x9e8
0x9e9
0x9eb
0x9ec
0x9ed
0x9ee
0x9ef
0x9f0
0x9f1
0x9f3
0x9f5
0x9f7
0x9f8
0x9f9
0x9fa
0x9fb
0x9fd
0x9fe
0xa06
0xa0e
0xa16
0xa1e
0xa26
0xa27
0xa29
0xa2a
0xa2b
0xa2c
0xa2d
0xa2e
0xa2f
0xa31
0xa33
0xa35
0xa36
0xa37
0xa38
0xa39
0xa3a
0xa3b
0xa3c
0xa3d
0xa43
0xa47
0xa48
0xa49
0xa4a
0xa4b
0xa4c
0xa4d
0xa4e
0xa4f
0xa50
0xa51
0xa52
0xa53
0xa54
0xa55
0xa56
0xa57
0xa59
0xa5a
0xa5b
0xa5c
0xa5d
0xa5e
0xa5f
0xa60
0xa61
0xa62
0xa63
0xa64
0xa65
0xa67
0xa68
0xa69
0xa6b
0xa6c
0xa74
0xa75
0xa76
0xa77
0xa78
0xa79
0xa81
0xa82
0xa83
0xa84
0xa85
0xa86
0xa87
0xa88
0xa89
0xa8a
0xa8b
0xa8c
0xa8d
0xa8e
0xa8f
0xa91
0xa92
0xa93
0xa94
0xa95
0xa96
0xa97
0xa99
0xa9b
0xa9d
0xa9e
0xa9f
0xaa0
0xaa1
0xaa2
0xaa3
0xaa4
0xaa5
0xaab
0xaaf
0xab3
0xab4
0xab5
0xab6
0xab7
0xab8
0xab9
0xac1
0xac2
0xac3
0xac4
0xac6
0xac7
0xac8
0xac9
0xad0
0xad1
0xad2
0xad3
0xad4
0xad5
0xad6
0xad7
0xad8
0xad9
0xada
0xadb
0xadc
0xadd
0xade
0xadf
0xae0
0xae1
0xae2
0xae3
0xae5
0xae6
0xae7
0xae8
0xae9
0xaea
0xaeb
0xaec
0xaed
0xaee
0xaef
0xaf0
0xaf1
0xaf3
0xaf4
0xaf5
0xaf7
0xaf8
0xb00
0xb01
0xb02
0xb03
0xb04
0xb05
0xb06
0xb08
0xb11
0xb15
0xb16
0xb17
0xb18
0xb19
0xb1a
0xb1b
0xb1d
0xb1e
0xb1f
0xb20
0xb21
0xb22
0xb23
0xb25
0xb27
0xb29
0xb2a
0xb2b
0xb2c
0xb2d
0xb2e
0xb2f
0xb30
0xb31
0xb38
0xb39
0xb3a
0xb3b
0xb3f
0xb40
0xb41
0xb42
0xb43
0xb44
0xb48
0xb50
0xb53
0xb54
0xb55
0xb5c
0xb5d
0xb5e
0xb5f
0xb60
0xb61
0xb62
0xb63
0xb64
0xb65
0xb67
0xb68
0xb70
0xb78
0xb80
0xb88
0xb90
0xb91
0xb93
0xb94
0xb9c
0xba4
0xbac
0xbb4
0xbbc
0xbbd
0xbbe
0xbbf
0xbc0
0xbc1
0xbc2
0xbc3
0xbc4
0xbc5
0xbc6
0xbc7
0xbc9
0xbca
0xbcb
0xbcc
0xbcd
0xbce
0xbcf
0xbd0
0xbd1
0xbd2
0xbd3
0xbd4
0xbd5
0xbd7
0xbd8
0xbd9
0xbdb
0xbdc
0xbe4
0xbe5
0xbe6
0xbe7
0xbe8
0xbf0
0xbf1
0xbf2
0xbf3
0xbf4
0xbfa
0xbfb
0xbfc
0xbfd
0xbfe
0xbff
0xc01
0xc02
0xc0a
0xc12
0xc1a
0xc22
0xc2a
0xc2b
0xc2d
0xc2e
0xc2f
0xc30
0xc31
0xc32
0xc33
0xc35
0xc37
0xc39
0xc3a
0xc3b
0xc3c
0xc3d
0xc3f
0xc40
0xc41
0xc42
0xc43
0xc44
0xc45
0xc47
0xc49
0xc4b
0xc4c
0xc4d
0xc4e
0xc4f
0xc51
0xc52
0xc5a
0xc62
0xc6a
0xc72
0xc7a
0xc7b
0xc7d
0xc7e
0xc7f
0xc80
0xc81
0xc82
0xc83
0xc85
0xc87
0xc89
0xc8a
0xc8b
0xc8c
0xc8d
0xc8f
0xc90
0xc91
0xc92
0xc93
0xc94
0xc95
0xc97
0xc99
0xc9b
0xc9c
0xc9d
0xc9e
0xc9f
0xca1
0xca2
0xca3
0xca4
0xca5
0xca6
0xca7
0xca9
0xcab
0xcad
0xcae
0xcaf
0xcb0
0xcb1
0xcb3
0xcb4
0xcb5
0xcb6
0xcb7
0xcb8
0xcb9
0xcbb
0xcbd
0xcbf
0xcc0
0xcc1
0xcc2
0xcc3
0xcc5
0xcc6
0xcce
0xcd6
0xcde
0xce6
0xcee
0xcef
0xcf1
0xcf2
0xcf3
0xcf4
0xcf5
0xcf6
0xcf7
0xcf9
0xcfb
0xcfd
0xcfe
0xcff
0xd00
0xd01
0xd02
0xd03
0xd04
0xd0c
0xd0d
0xd0e
0xd0f
0xd11
0xd13
0xd15
0xd16
0xd17
0xd18
0xd19
0xd1a
0xd1b
0xd1c
0xd1d
0xd1e
0xd20
0xd21
0xd23
0xd24
0xd25
0xd26
0xd27
0xd28
0xd29
0xd2b
0xd2d
0xd2f
0xd30
0xd31
0xd32
0xd33
0xd34
0xd35
0xd36
0xd37
0xd38
0xd3a
0xd3b
0xd3d
0xd3e
0xd3f
0xd40
0xd41
0xd42
0xd43
0xd45
0xd47
0xd49
0xd4a
0xd4b
0xd4c
0xd4d
0xd4f
0xd50
0xd51
0xd52
0xd53
0xd54
0xd55
0xd57
0xd59
0xd5b
0xd5c
0xd5d
0xd5e
0xd5f
0xd61
0xd62
0xd6a
0xd72
0xd7a
0xd82
0xd8a
0xd8b
0xd8d
0xd8e
0xd8f
0xd90
0xd91
0xd92
0xd93
0xd95
0xd97
0xd99
0xd9a
0xd9b
0xd9c
0xd9d
0xd9e
0xd9f
0xda0
0xda1
0xda8
0xda9
0xdaa
0xdab
0xdac
0xdad
0xdae
0xdaf
0xdb0
0xdb1
0xdb2
0xdb3
0xdb4
0xdb5
0xdb6
0xdb7
0xdb8
0xdb9
0xdba
0xdbb
0xdbc
0xdbd
0xdbe
0xdbf
0xdc0
0xdc1
0xdc2
0xdc3
0xdc5
0xdc6
0xdc7
0xdc8
0xdc9
0xdca
0xdcb
0xdcc
0xdcd
0xdce
0xdcf
0xdd0
0xdd1
0xdd3
0xdd4
0xdd5
0xdd7
0xdd8
0xde0
0xde1
0xde2
0xde3
0xde4
0xdec
0xded
0xdee
0xdf0
0xdf1
0xdf2
0xdf3
0xdf4
0xdf5
0xdf6
0xdf7
0xdf8
0xdf9
0xdfa
0xdfb
0xdfd
0xdfe
0xe06
0xe0e
0xe16
0xe1e
0xe26
0xe27
0xe29
0xe2a
0xe2b
0xe2c
0xe2d
0xe2e
0xe2f
0xe31
0xe33
0xe35
0xe36
0xe37
0xe38
0xe39
0xe3a
0xe3b
0xe3c
0xe3d
0xe45
0xe46
0xe47
0xe4b
0xe4c
0xe4d
0xe4e
0xe50
0xe51
0xe55
0xe5c
0xe5d
0xe5e
0xe5f
0xe60
0xe61
0xe62
0xe63
0xe64
0xe65
0xe66
0xe67
0xe6b
0xe6c
0xe6d
0xe6e
0xe6f
0xe70
0xe71
0xe72
0xe73
0xe74
0xe75
0xe76
0xe77
0xe78
0xe79
0xe7a
0xe7b
0xe7d
0xe7e
0xe7f
0xe80
0xe81
0xe82
0xe83
0xe84
0xe85
0xe86
0xe87
0xe88
0xe89
0xe8b
0xe8c
0xe8d
0xe8f
0xe90
0xe98
0xe99
0xe9a
0xe9c
0xe9d
0xe9e
0xea0
0xea8
0xeaa
0xeab
0xeac
0xead
0xeae
0xeaf
0xeb0
0xeb1
0xeb2
0xeb3
0xeb5
0xeb6
0xeb7
0xeb8
0xeb9
0xeba
0xebb
0xebd
0xebf
0xec1
0xec2
0xec3
0xec4
0xec5
0xec6
0xec7
0xec8
0xec9
0xeca
0xecc
0xecd
0xece
0xecf
0xed3
0xed7
0xed8
0xed9
0xeda
0xedd
0xede
0xee0
0xee9
0xeef
0xef0
0xef1
0xef2
0xef3
0xef5
0xef6
0xefe
0xf06
0xf0e
0xf16
0xf1e
0xf1f
0xf21
0xf22
0xf23
0xf24
0xf25
0xf26
0xf27
0xf29
0xf2b
0xf2d
0xf2e
0xf2f
0xf30
0xf31
0xf32
0xf33
0xf34
0xf35
0xf36
0xf3c
0xf3d
0xf3e
0xf3f
0xf43
0xf44
0xf45
0xf46
0xf48
0xf4c
0xf54
0xf5a
0xf5b
0xf5c
0xf5d
0xf5e
0xf5f
0xf61
0xf62
0xf6a
0xf72
0xf7a
0xf82
0xf8a
0xf8b
0xf8d
0xf8e
0xf8f
0xf90
0xf91
0xf92
0xf93
0xf95
0xf97
0xf99
0xf9a
0xf9b
0xf9c
0xf9d
0xf9f
0xfa0
0xfa1
0xfa2
0xfa3
0xfa4
0xfa5
0xfa7
0xfa9
0xfab
0xfac
0xfad
0xfae
0xfaf
0xfb0
0xfb1
0xfb2
0xfb3
0xfb5
0xfba
0xfbb
0xfbc
0xfbd
0xfc1
0xfc2
0xfc3
0xfc4
0xfc6
0xfcd
0xfd1
0xfd2
0xfd3
0xfdb
0xfdc
0xfdd
0xfdf
0xfe0
0xfe8
0xff0
0xff8
0x1000
0x1008
0x1009
0x100b
0x100c
0x100d
0x100e
0x100f
0x1010
0x1011
0x1013
0x1015
0x1017
0x1018
0x1019
0x101a
0x101b
0x101c
0x101d
0x101e
0x101f
0x1020
0x1022
0x1023
0x1025
0x1026
0x1027
0x1028
0x1029
0x102a
0x102b
0x102d
0x102f
0x1031
0x1032
0x1033
0x1034
0x1035
0x1036
0x1037
0x1038
0x1039
0x103a
0x103b
0x103c
0x103d
0x103e
0x103f
0x1043
0x1044
0x1045
0x1046
0x1047
0x1048
0x1049
0x104a
0x104b
0x104c
0x104d
0x104e
0x104f
0x1050
0x1051
0x1052
0x1053
0x1054
0x1055
0x1056
0x1057
0x1058
0x1059
0x105a
0x105b
0x105d
0x105e
0x105f
0x1060
0x1061
0x1062
0x1063
0x1064
0x1065
0x1066
0x1067
0x1068
0x1069
0x106b
0x106c
0x106d
0x106f
0x1070
0x1078
0x1079
0x107a
0x107b
0x107c
0x107d
0x107e
0x1080
0x1088
0x108a
0x108b
0x108c
0x108d
0x108e
0x108f
0x1090
0x1091
0x1092
0x1093
0x1097
0x1098
0x1099
0x109a
0x109b
0x109c
0x109d
0x109e
0x109f
0x10a0
0x10a1
0x10a2
0x10a3
0x10a4
0x10a5
0x10a6
0x10a7
0x10a9
0x10aa
0x10ab
0x10ac
0x10ad
0x10ae
0x10af
0x10b0
0x10b1
0x10b2
0x10b3
0x10b4
0x10b5
0x10b7
0x10b8
0x10b9
0x10bb
0x10bc
0x10c4
0x10c6
0x10c7
0x10c8
0x10c9
0x10ca
0x10cb
0x10cc
0x10cd
0x10ce
0x10cf
0x10d3
0x10d7
0x10d8
0x10d9
0x10da
0x10db
0x10dd
0x10de
0x10e0
0x10e9
0x10ef
0x10f0
0x10f1
0x10f2
0x10f3
0x10f5
0x10f6
0x10fe
0x1106
0x110e
0x1116
0x111e
0x111f
0x1121
0x1122
0x1123
0x1124
0x1125
0x1126
0x1127
0x1129
0x112b
0x112d
0x112e
0x112f
0x1130
0x1131
0x1132
0x1133
0x1134
0x1136
0x1137
0x113e
0x113f
0x1143
0x1144
0x1145
0x1146
0x1147
0x1148
0x114c
0x1154
0x1157
0x1158
0x115a
0x115f
0x1163
0x1164
0x1165
0x1166
0x1167
0x1168
0x1169
0x116b
0x116c
0x1174
0x117c
0x1184
0x118c
0x1194
0x1195
0x1197
0x1198
0x11a0
0x11a8
0x11b0
0x11b8
0x11c0
0x11c1
0x11c2
0x11c3
0x11c4
0x11c5
0x11c6
0x11c7
0x11c8
0x11c9
0x11ca
0x11cb
0x11cd
0x11ce
0x11cf
0x11d0
0x11d1
0x11d2
0x11d3
0x11d4
0x11d5
0x11d6
0x11d7
0x11d8
0x11d9
0x11db
0x11dc
0x11dd
0x11df
0x11e0
0x11e8
0x11e9
0x11ea
0x11eb
0x11ec
0x11f4
0x11f5
0x11f6
0x11f8
0x11f9
0x11fa
0x11fb
0x11fc
0x11fd
0x11fe
0x11ff
0x1200
0x1201
0x1202
0x1203
0x1205
0x1206
0x120e
0x1216
0x121e
0x1226
0x122e
0x122f
0x1231
0x1232
0x1233
0x1234
0x1235
0x1236
0x1237
0x1239
0x123b
0x123d
0x123e
0x123f
0x1240
0x1241
0x1243
0x1244
0x124c
0x1254
0x125c
0x1264
0x126c
0x126d
0x126f
0x1270
0x1271
0x1272
0x1273
0x1274
0x1275
0x1277
0x1279
0x127b
0x127c
0x127d
0x127e
0x127f
0x1280
0x1281
0x1282
0x1284
0x128c
0x128d
0x128e
0x128f
0x1290
0x1291
0x1292
0x1293
0x1294
0x1295
0x1296
0x1297
0x1298
0x1299
0x129a
0x129b
0x129c
0x129d
0x129f
0x12a0
0x12a1
0x12a2
0x12a3
0x12a4
0x12a5
0x12a6
0x12a7
0x12a8
0x12a9
0x12aa
0x12ab
0x12ad
0x12ae
0x12af
0x12b1
0x12b2
0x12ba
0x12bb
0x12bc
0x12be
0x12bf
0x12c0
0x12c2
0x12ca
0x12cb
0x12ce
0x12cf
0x12d1
0x12d7
0x12d8
0x12d9
0x12da
0x12db
0x12dc
0x12dd
0x12de
0x12df
0x12e1
0x12e2
0x12ea
0x12f2
0x12fa
0x1302
0x130a
0x130b
0x130d
0x130e
0x1316
0x131e
0x1326
0x132e
0x1336
0x1337
0x1338
0x1339
0x133a
0x133b
0x133c
0x133d
0x133e
0x133f
0x1340
0x1341
0x1343
0x1344
0x1345
0x1346
0x1347
0x1348
0x1349
0x134a
0x134b
0x134c
0x134d
0x134e
0x134f
0x1351
0x1352
0x1353
0x1355
0x1356
0x135e
0x135f
0x1360
0x1362
0x1366
0x136e
0x136f
0x1370
0x1371
0x1372
0x1373
0x1374
0x1375
0x1376
0x1377
0x1378
0x1379
0x137b
0x137c
0x1384
0x138c
0x1394
0x139c
0x13a4
0x13a5
0x13a7
0x13a8
0x13a9
0x13aa
0x13ab
0x13ac
0x13ad
0x13af
0x13b1
0x13b3
0x13b4
0x13b5
0x13b6
0x13b7
0x13b9
0x13ba
0x13bb
0x13bc
0x13bd
0x13be
0x13bf
0x13c1
0x13c3
0x13c5
0x13c6
0x13c7
0x13c8
0x13c9
0x13cb
0x13cc
0x13d4
0x13dc
0x13e4
0x13ec
0x13f4
0x13f5
0x13f7
0x13f8
0x13f9
0x13fa
0x13fb
0x13fc
0x13fd
0x13ff
0x1401
0x1403
0x1404
0x1405
0x1406
0x1407
0x1409
0x140a
0x140b
0x140c
0x140d
0x140e
0x140f
0x1411
0x1413
0x1415
0x1416
0x1417
0x1418
0x1419
0x141b
0x141c
0x141d
0x141e
0x141f
0x1420
0x1421
0x1423
0x1425
0x1427
0x1428
0x1429
0x142a
0x142b
0x142d
0x142e
0x142f
0x1430
0x1431
0x1432
0x1433
0x1435
0x1437
0x1439
0x143a
0x143b
0x143c
0x143d
0x143f
0x1440
0x1448
0x1450
0x1458
0x1460
0x1468
0x1469
0x146b
0x146c
0x146d
0x146e
0x146f
0x1470
0x1471
0x1473
0x1475
0x1477
0x1478
0x1479
0x147a
0x147b
0x147c
0x147d
0x147e
0x1486
0x1487
0x1488
0x1489
0x148b
0x148d
0x148f
0x1490
0x1491
0x1492
0x1493
0x1494
0x1495
0x1496
0x1497
0x1498
0x149a
0x149b
0x149d
0x149e
0x149f
0x14a0
0x14a1
0x14a2
0x14a3
0x14a5
0x14a7
0x14a9
0x14aa
0x14ab
0x14ac
0x14ad
0x14ae
0x14af
0x14b0
0x14b1
0x14b2
0x14b4
0x14b5
0x14b7
0x14b8
0x14b9
0x14ba
0x14bb
0x14bc
0x14bd
0x14bf
0x14c1
0x14c3
0x14c4
0x14c5
0x14c6
0x14c7
0x14c8
0x14c9
0x14ca
0x14cb
0x14cc
0x14cf
0x14d0
0x14d1
0x14d5
0x14d6
0x14d7
0x14d8
0x14d9
0x14da
0x14db
0x14dc
0x14dd
0x14de
0x14df
0x14e0
0x14e1
0x14e2
0x14e3
0x14e4
0x14e5
0x14e7
0x14e8
0x14e9
0x14ea
0x14eb
0x14ec
0x14ed
0x14ee
0x14ef
0x14f0
0x14f1
0x14f2
0x14f3
0x14f5
0x14f6
0x14f7
0x14f9
0x14fa
0x1502
0x1503
0x1504
0x1505
0x1506
0x1507
0x1508
0x1509
0x150f
0x1515
0x1516
0x1517
0x1518
0x1519
0x151a
0x151b
0x151c
0x151d
0x151e
0x151f
0x1520
0x1521
0x1522
0x1523
0x1524
0x1525
0x1526
0x1527
0x1528
0x1529
0x152a
0x152b
0x152c
0x152d
0x152e
0x152f
0x1531
0x1532
0x153a
0x1542
0x154a
0x1552
0x155a
0x155b
0x155d
0x155e
0x1566
0x156e
0x1576
0x157e
0x1586
0x1587
0x1588
0x1589
0x158e
0x158f
0x1590
0x1591
0x1592
0x1593
0x1594
0x1595
0x1596
0x1597
0x1598
0x1599
0x159a
0x159b
0x159c
0x159d
0x159e
0x159f
0x15a0
0x15a1
0x15a2
0x15a3
0x15a4
0x15a5
0x15a6
0x15a7
0x15a8
0x15a9
0x15aa
0x15ab
0x15ac
0x15ad
0x15ae
0x15af
0x15b0
0x15b3
0x15b4
0x15bc
0x15c4
0x15cc
0x15d4
0x15dc
0x15dd
0x15df
0x15e0
0x15e8
0x15f0
0x15f8
0x1600
0x1608
0x1609
0x160a
0x160b
0x1610
0x1611
0x1612
0x1613
0x1614
0x1615
0x1616
0x1617
0x1618
0x1619
0x161a
0x161b
0x161c
0x161d
0x161e
0x161f
0x1620
0x1621
0x1622
0x1623
0x1624
0x1625
0x1626
0x1627
0x1628
0x1629
0x162a
0x162b
0x162c
0x162d
0x162e
0x162f
0x1630
0x1631
0x1632
0x1633
0x1634
0x1635
0x1636
0x1637
0x1638
0x1639
0x163a
0x163b
0x163c
0x163d
0x163e
0x163f
0x1641
0x1642
0x164a
0x1652
0x165a
0x1662
0x166a
0x166b
0x166d
0x166e
0x1676
0x167e
0x1686
0x168e
0x1696
0x1697
0x1698
0x1699
0x169e
0x169f
0x16a0
0x16a1
0x16a2
0x16a3
0x16a4
0x16a5
0x16a6
0x16a7
0x16a8
0x16a9
0x16aa
0x16ab
0x16ac
0x16ad
0x16ae
0x16af
0x16b0
0x16b1
0x16b2
0x16b3
0x16b4
0x16b5
0x16b6
0x16b7
0x16b8
0x16b9
0x16ba
0x16bb
0x16bc
0x16bd
0x16be
0x16bf
0x16c0
0x16c1
0x16c2
0x16c3
0x16c4
0x16c5
0x16c6
0x16c7
0x16c8
0x16c9
0x16ca
0x16cb
0x16cc
0x16cd
0x16ce
0x16cf
0x16d0
0x16d1
0x16d2
0x16d3
0x16d4
0x16d5
0x16d6
0x16d7
0x16d8
0x16d9
0x16da
0x16db
0x16dc
0x16dd
0x16de
0x16df
0x16e0
0x16e1
0x16e2
0x16e3
0x16e6
0x16e7
0x16e8
0x16e9
0x16ea
0x16eb
0x16ec
0x16ed
0x16ee
0x16ef
0x16f0
0x16f1
0x16f2
0x16f3
0x16f4
0x16f5
0x16f6
0x16f7
0x16f8
0x16f9
0x16fa
0x16fb
0x16fc
0x16fd
0x16fe
0x16ff
0x1700
0x1701
0x1702
0x1703
0x1704
0x1705
0x1706
0x1707
0x1708
0x1709
0x170a
0x170b
0x170c
0x170d
0x170e
0x170f
0x1710
0x1711
0x1712
0x1718
0x1720
0x1721
0x1726
0x172e
0x172f
0x1730
0x1731
0x1732
0x1733
0x1734
0x1735
0x1736
0x1737
0x1739
0x173a
0x173b
0x173d
0x173e
0x173f
0x1740
0x1741
0x1742
0x1744
0x1745
0x1746
0x1747
0x1748
0x174b
0x174c
0x1754
0x175c
0x1764
0x176c
0x1774
0x1775
0x1777
0x1778
0x1780
0x1788
0x1790
0x1798
0x17a0
0x17a1
0x17a2
0x17a3
0x17a4
0x17a5
0x17a6
0x17a7
0x17a8
0x17a9
0x17aa
0x17ab
0x17ad
0x17ae
0x17af
0x17b0
0x17b1
0x17b2
0x17b3
0x17b4
0x17b5
0x17b6
0x17b7
0x17b8
0x17b9
0x17ba
0x17bb
0x17bc
0x17bd
0x17be
0x17bf
0x17c0
0x17c1
0x17c2
0x17c3
0x17c4
0x17c5
0x17c6
0x17c7
0x17c8
0x17ca
0x17cb
0x17cc
0x17cd
0x17ce
0x17cf
0x17d0
0x17d2
0x17d3
0x17d4
0x17d5
0x17d6
0x17d7
0x17d8
0x17d9
0x17da
0x17db
0x17dc
0x17dd
0x17df
0x17e0
0x17e1
0x17e2
0x17e3
0x17e4
0x17e5
0x17e6
0x17e7
0x17e8
0x17e9
0x17ea
0x17eb
0x17ec
0x17ed
0x17ee
0x17ef
0x17f0
0x17f1
0x17f2
0x17f3
0x17f5
0x17f6
0x17f7
0x17f9
0x17fa
0x17fb
0x17fc
0x17fd
0x17fe
0x17ff
0x1800
0x1801
0x1804
0x1805
0x1806
0x1807
0x1808
0x1810
0x1811
0x1817
0x1818
0x1819
0x181b
0x181c
0x1824
0x182c
0x1834
0x183c
0x1844
0x1845
0x1846
0x1847
0x1848
0x1849
0x184a
0x184b
0x184c
0x184d
0x184e
0x184f
0x1850
0x1851
0x1852
0x1853
0x1854
0x1855
0x1857
0x185f
0x1860
0x1861
0x1863
0x1864
0x1865
0x1867
0x1868
0x1869
0x1870
0x1872
0x1873
0x187a
0x187b
0x1881
0x1882
0x1883
0x1884
0x1886
0x1887
0x1888
0x1889
0x188c
0x188d
0x188e
0x188f
0x1890
0x1891
0x1892
0x1893
0x1894
0x1895
0x1896
0x1897
0x1898
0x1899
0x189a
0x189b
0x189c
0x189d
0x189e
0x189f
0x18a0
0x18a1
0x18a6
0x18a7
0x18a8
0x18a9
0x18aa
0x18ac
0x18ad
0x18ae
0x18af
0x18b0
0x18b1
0x18b2
0x18b4
0x18b5
0x18b6
0x18b7
0x18b8
0x18b9
0x18ba
0x18bb
0x18bc
0x18bd
0x18be
0x18bf
0x18c1
0x18c2
0x18c3
0x18c4
0x18c5
0x18c6
0x18c7
0x18c8
0x18c9
0x18ca
0x18cb
0x18cc
0x18cd
0x18cf
0x18d0
0x18d1
0x18d3
0x18d4
0x18d5
0x18d6
0x18d8
0x18da
0x18dc
0x18dd
0x18de
0x18df
0x18e0
0x18e1
0x18e2
0x18e3
0x18e4
0x18e5
0x18e6
0x18e7
0x18e8
0x18e9
0x18ea
0x18eb
0x18ec
0x18ed
0x18ee
0x18ef
0x18f0
0x18f1
0x18f2
0x18f3
0x18f4
0x18f5
0x18f6
0x18f7
0x18f8
0x18f9
0x18fa
0x18fb
0x18fc
0x18fd
0x18fe
0x18ff
0x1900
0x1901
0x1902
0x1903
0x1904
0x1905
0x1906
0x1907
0x1908
0x1909
0x190a
0x190b
0x190c
0x190d
0x190e
0x190f
0x1910
0x1911
0x1912
0x1913
0x1914
0x1915
0x1916
0x1918
0x1919
0x191a
0x191b
0x191c
0x191d
0x191e
0x1920
0x1921
0x1922
0x1923
0x1924
0x1925
0x1926
0x1927
0x1928
0x1929
0x192a
0x192b
0x192c
0x192d
0x192e
0x192f
0x1930
0x1938
0x1939
0x193a
0x193b
0x193c
0x193d
0x193e
0x193f
0x1940
0x1941
0x1942
0x1943
0x1944
0x1945
0x1946
0x1947
0x1948
0x1949
0x194a
0x194c
0x194d
0x194e
0x194f
0x1950
0x1951
0x1952
0x1954
0x1955
0x1956
0x1957
0x1958
0x1959
0x195a
0x195b
0x195c
0x195d
0x195e
0x195f
0x1960
0x1961
0x1962
0x1963
0x1964
0x1965
0x1966
0x1968
0x1969
0x196a
0x196b
0x196c
0x196d
0x196e
0x1970
0x1971
0x1972
0x1973
0x1974
0x1975
0x1976
0x1977
0x1978
0x1979
0x197a
0x197b
0x197d
0x197e
0x197f
0x1980
0x1981
0x1982
0x1983
0x1984
0x1985
0x1986
0x1987
0x1988
0x1989
0x198a
0x198b
0x198c
0x198d
0x198e
0x198f
0x1990
0x1991
0x1992
0x1993
0x1994
0x1995
0x1996
0x1997
0x1998
0x1999
0x199b
0x199c
0x199d
0x199e
0x199f
0x19a0
0x19a1
0x19a3
0x19a4
0x19a5
0x19a6
0x19a7
0x19a8
0x19a9
0x19aa
0x19ab
0x19ac
0x19ad
0x19ae
0x19b4
0x19bc
0x19bd
0x19c2
0x19ca
0x19cb
0x19cc
0x19cd
0x19ce
0x19cf
0x19d0
0x19d1
0x19d2
0x19d3
0x19d4
0x19d5
0x19d6
0x19d7
0x19d9
0x19da
0x19e2
0x19ea
0x19f2
0x19fa
0x1a02
0x1a03
0x1a04
0x1a05
0x1a06
0x1a07
0x1a0b
0x1a0c
0x1a0d
0x1a0e
0x1a0f
0x1a15
0x1a16
0x1a18
0x1a19
0x1a1a
0x1a1b
0x1a1c
0x1a1d
0x1a1e
0x1a1f
0x1a23
0x1a24
0x1a25
0x1a26
0x1a27
0x1a2d
0x1a2e
0x1a2f
0x1a32
0x1a33
0x1a39
0x1a3a
0x1a3b
0x1a3c
0x1a3d
0x1a3e
0x1a41
0x1a42
0x1a4a
0x1a52
0x1a5a
0x1a62
0x1a6a
0x1a6b
0x1a6d
0x1a6e
0x1a76
0x1a7e
0x1a86
0x1a8e
0x1a96
0x1a97
0x1a98
0x1a99
0x1a9a
0x1a9b
0x1a9c
0x1a9d
0x1a9e
0x1a9f
0x1aa0
0x1aa1
0x1aa3
0x1aa4
0x1aa5
0x1aa6
0x1aa7
0x1aa8
0x1aa9
0x1aaa
0x1aab
0x1aac
0x1aad
0x1aae
0x1aaf
0x1ab0
0x1ab1
0x1ab2
0x1ab3
0x1ab4
0x1ab5
0x1ab6
0x1ab7
0x1ab8
0x1ab9
0x1aba
0x1abb
0x1abc
0x1abd
0x1abe
0x1ac0
0x1ac1
0x1ac2
0x1ac3
0x1ac4
0x1ac5
0x1ac6
0x1ac8
0x1ac9
0x1aca
0x1acb
0x1acc
0x1acd
0x1ace
0x1acf
0x1ad0
0x1ad1
0x1ad2
0x1ad3
0x1ad5
0x1ad6
0x1ad7
0x1ad8
0x1ad9
0x1ada
0x1adb
0x1adc
0x1add
0x1ade
0x1adf
0x1ae0
0x1ae1
0x1ae2
0x1ae3
0x1ae4
0x1ae5
0x1ae6
0x1ae7
0x1ae8
0x1ae9
0x1aea
0x1aeb
0x1aec
0x1aed
0x1af2
0x1af3
0x1af7
0x1af8
0x1af9
0x1afd
0x1afe
0x1aff
0x1b00
0x1b01
0x1b07
0x1b08
0x1b09
0x1b0a
0x1b0b
0x1b0c
0x1b0d
0x1b0e
0x1b0f
0x1b13
0x1b19
0x1b1e
0x1b1f
0x1b22
0x1b23
0x1b24
0x1b25
0x1b2a
0x1b2b
0x1b2f
0x1b35
0x1b36
0x1b37
0x1b38
0x1b39
0x1b3a
0x1b3b
0x1b3d
0x1b3e
0x1b46
0x1b4e
0x1b56
0x1b5e
0x1b66
0x1b67
0x1b69
0x1b6a
0x1b72
0x1b7a
0x1b82
0x1b8a
0x1b92
0x1b93
0x1b94
0x1b95
0x1b96
0x1b97
0x1b98
0x1b99
0x1b9a
0x1b9b
0x1b9c
0x1b9d
0x1b9f
0x1ba0
0x1ba1
0x1ba2
0x1ba3
0x1ba4
0x1ba5
0x1ba6
0x1ba7
0x1ba8
0x1ba9
0x1baa
0x1bab
0x1bac
0x1bad
0x1bae
0x1baf
0x1bb0
0x1bb1
0x1bb2
0x1bb3
0x1bb4
0x1bb5
0x1bb6
0x1bb7
0x1bb8
0x1bb9
0x1bba
0x1bbc
0x1bbd
0x1bbe
0x1bbf
0x1bc0
0x1bc1
0x1bc2
0x1bc4
0x1bc5
0x1bc6
0x1bc7
0x1bc8
0x1bc9
0x1bca
0x1bcb
0x1bcc
0x1bcd
0x1bce
0x1bcf
0x1bd1
0x1bd2
0x1bd3
0x1bd4
0x1bd5
0x1bd6
0x1bd7
0x1bd8
0x1bd9
0x1bda
0x1bdb
0x1bdc
0x1bdd
0x1bde
0x1bdf
0x1be0
0x1be1
0x1be2
0x1be3
0x1be4
0x1be5
0x1be6
0x1be7
0x1be8
0x1be9
0x1bee
0x1bef
0x1bf3
0x1bf4
0x1bf5
0x1bf6
0x1bf7
0x1bf8
0x1bf9
0x1bfb
0x1bfc
0x1c04
0x1c0c
0x1c14
0x1c1c
0x1c24
0x1c25
0x1c27
0x1c28
0x1c30
0x1c38
0x1c40
0x1c48
0x1c50
0x1c51
0x1c52
0x1c53
0x1c54
0x1c55
0x1c56
0x1c57
0x1c58
0x1c59
0x1c5a
0x1c5b
0x1c5d
0x1c5e
0x1c5f
0x1c60
0x1c61
0x1c62
0x1c63
0x1c64
0x1c65
0x1c66
0x1c67
0x1c68
0x1c69
0x1c6a
0x1c6b
0x1c6c
0x1c6d
0x1c6e
0x1c6f
0x1c70
0x1c71
0x1c72
0x1c73
0x1c74
0x1c75
0x1c76
0x1c77
0x1c78
0x1c7a
0x1c7b
0x1c7c
0x1c7d
0x1c7e
0x1c7f
0x1c80
0x1c82
0x1c83
0x1c84
0x1c85
0x1c86
0x1c87
0x1c88
0x1c89
0x1c8a
0x1c8b
0x1c8c
0x1c8d
0x1c8f
0x1c90
0x1c91
0x1c92
0x1c93
0x1c94
0x1c95
0x1c96
0x1c97
0x1c98
0x1c99
0x1c9a
0x1c9b
0x1c9c
0x1c9d
0x1c9e
0x1c9f
0x1ca0
0x1ca1
0x1ca3
0x1ca4
0x1ca5
0x1ca6
0x1ca7
0x1ca9
0x1cb2
0x1cb3
0x1cb5
0x1cb6
0x1cb7
0x1cbd
0x1cc5
0x1cc6
0x1cc7
0x1cc8
0x1cc9
0x1ccc
0x1cd1
0x1cd2
0x1cd3
0x1cd7
0x1cd8
0x1cda
0x1cde
0x1cdf
0x1ce1
0x1ce2
0x1ce3
0x1ce4
0x1cec
0x1ced
0x1cee
0x1cef
0x1cf4
0x1cf5
0x1cfc
0x1cfd
0x1cfe
0x1cff
0x1d00
0x1d01
0x1d08
0x1d09
0x1d0d
0x1d10
0x1d11
0x1d12
0x1d13
0x1d14
0x1d15
0x1d16
0x1d17
0x1d18
0x1d1b
0x1d1c
0x1d24
0x1d2c
0x1d34
0x1d3c
0x1d44
0x1d45
0x1d47
0x1d48
0x1d50
0x1d58
0x1d60
0x1d68
0x1d70
0x1d71
0x1d72
0x1d73
0x1d74
0x1d75
0x1d76
0x1d77
0x1d78
0x1d79
0x1d7a
0x1d7b
0x1d7c
0x1d7d
0x1d7e
0x1d7f
0x1d80
0x1d81
0x1d82
0x1d83
0x1d84
0x1d85
0x1d86
0x1d87
0x1d88
0x1d89
0x1d8b
0x1d8c
0x1d94
0x1d9c
0x1da4
0x1dac
0x1db4
0x1db5
0x1db7
0x1db8
0x1dc0
0x1dc8
0x1dd0
0x1dd8
0x1de0
0x1de1
0x1de2
0x1de3
0x1de4
0x1de5
0x1de6
0x1de7
0x1de8
0x1de9
0x1dea
0x1deb
0x1dec
0x1ded
0x1dee
0x1def
0x1df0
0x1df1
0x1df2
0x1df3
0x1df4
0x1df5
0x1df6
0x1df7
0x1df8
0x1df9
0x1dfb
0x1dfc
0x1e04
0x1e0c
0x1e14
0x1e1c
0x1e24
0x1e25
0x1e27
0x1e28
0x1e30
0x1e38
0x1e40
0x1e48
0x1e50
0x1e51
0x1e52
0x1e53
0x1e54
0x1e55
0x1e56
0x1e57
0x1e58
0x1e59
0x1e5a
0x1e5b
0x1e5c
0x1e5d
0x1e5f
0x1e60
0x1e68
0x1e70
0x1e78
0x1e80
0x1e88
0x1e89
0x1e8b
0x1e8c
0x1e94
0x1e9c
0x1ea4
0x1eac
0x1eb4
0x1eb5
0x1eb6
0x1eb7
0x1eb8
0x1eb9
0x1eba
0x1ebb
0x1ebc
0x1ebd
0x1ebe
0x1ebf
0x1ec1
0x1ec2
0x1ec3
0x1ec4
0x1ec5
0x1ec6
0x1ec7
0x1ec8
0x1ec9
0x1eca
0x1ecb
0x1ecc
0x1ecd
0x1ece
0x1ecf
0x1ed0
0x1ed1
0x1ed2
0x1ed3
0x1ed4
0x1ed5
0x1ed6
0x1ed7
0x1ed9
0x1eda
0x1edb
0x1edd
0x1ede
0x1ee1
0x1ee5
0x1ee6
0x1ee7
0x1ee8
0x1ee9
0x1eea
0x1eeb
0x1eec
0x1eed
0x1eee
0x1eef
0x1ef0
0x1ef1
0x1ef2
0x1ef3
0x1ef4
0x1ef5
0x1ef6
0x1ef7
0x1ef8
0x1ef9
0x1efa
0x1efb
0x1efc
0x1efd
0x1f01
0x1f02
0x1f03
0x1f04
0x1f05
0x1f06
0x1f07
0x1f08
0x1f09
0x1f0a
0x1f0b
0x1f0c
0x1f0d
0x1f0e
0x1f0f
0x1f10
0x1f11
0x1f12
0x1f13
0x1f14
0x1f15
0x1f16
0x1f17
0x1f18
0x1f19
0x1f1a
0x1f1b
0x1f1c
0x1f1d
0x1f1e
0x1f1f
0x1f20
0x1f21
0x1f22
0x1f23
0x1f24
0x1f25
0x1f26
0x1f27
0x1f28
0x1f29
0x1f2a
0x1f2b
0x1f2c
0x1f2d
0x1f2e
0x1f2f
0x1f31
0x1f32
0x1f3a
0x1f42
0x1f4a
0x1f52
0x1f5a
0x1f5b
0x1f5d
0x1f5e
0x1f66
0x1f6e
0x1f76
0x1f7e
0x1f86
0x1f87
0x1f88
0x1f89
0x1f8e
0x1f8f
0x1f90
0x1f91
0x1f92
0x1f93
0x1f94
0x1f95
0x1f96
0x1f97
0x1f98
0x1f99
0x1f9a
0x1f9b
0x1f9c
0x1f9d
0x1f9e
0x1f9f
0x1fa0
0x1fa1
0x1fa2
0x1fa3
0x1fa4
0x1fa5
0x1fa6
0x1fa7
0x1fa8
0x1fa9
0x1faa
0x1fab
0x1fac
0x1fad
0x1fae
0x1faf
0x1fb0
0x1fb3
0x1fb4
0x1fbc
0x1fc4
0x1fcc
0x1fd4
0x1fdc
0x1fdd
0x1fdf
0x1fe0
0x1fe8
0x1ff0
0x1ff8
0x2000
0x2008
0x2009
0x200a
0x200b
0x2010
0x2011
0x2012
0x2013
0x2014
0x2015
0x2016
0x2017
0x2018
0x2019
0x201a
0x201b
0x201c
0x201d
0x201e
0x201f
0x2020
0x2021
0x2022
0x2023
0x2024
0x2025
0x2026
0x2027
0x2028
0x2029
0x202a
0x202b
0x202c
0x202d
0x202e
0x202f
0x2030
0x2031
0x2032
0x2033
0x2034
0x2035
0x2036
0x2037
0x2038
0x2039
0x203a
0x203b
0x203c
0x203d
0x203e
0x203f
0x2041
0x2042
0x204a
0x2052
0x205a
0x2062
0x206a
0x206b
0x206d
0x206e
0x2076
0x207e
0x2086
0x208e
0x2096
0x2097
0x2098
0x2099
0x209e
0x209f
0x20a0
0x20a1
0x20a2
0x20a3
0x20a4
0x20a5
0x20a6
0x20a7
0x20a8
0x20a9
0x20aa
0x20ab
0x20ac
0x20ad
0x20ae
0x20af
0x20b0
0x20b1
0x20b2
0x20b3
0x20b4
0x20b5
0x20b6
0x20b7
0x20b8
0x20b9
0x20ba
0x20bb
0x20bc
0x20bd
0x20be
0x20bf
0x20c0
0x20c1
0x20c2
0x20c3
0x20c4
0x20c5
0x20c6
0x20c7
0x20c8
0x20c9
0x20ca
0x20cb
0x20cc
0x20cd
0x20ce
0x20cf
0x20d0
0x20d1
0x20d2
0x20d3
0x20d4
0x20d5
0x20d6
0x20d7
0x20d8
0x20d9
0x20da
0x20db
0x20dc
0x20dd
0x20de
0x20df
0x20e0
0x20e1
0x20e2
0x20e3
0x20e6
0x20e7
0x20e8
0x20e9
0x20ea
0x20eb
0x20ec
0x20ed
0x20ee
0x20ef
0x20f0
0x20f1
0x20f2
0x20f3
0x20f4
0x20f5
0x20f6
0x20f7
0x20f8
0x20f9
0x20fa
0x20fb
0x20fc
0x20fd
0x20fe
0x20ff
0x2100
0x2101
0x2102
0x2103
0x2104
0x2105
0x2106
0x2107
0x2108
0x2109
0x210a
0x210b
0x210c
0x210d
0x210e
0x210f
0x2110
0x2111
0x2112
0x2118
0x2120
0x2121
0x2123
0x2124
0x2126
0x212e
0x212f
0x2130
0x2131
0x2132
0x2133
0x2134
0x2135
0x2136
0x2137
0x2139
0x213a
0x213b
0x213d
0x213e
0x213f
0x2140
0x2141
0x2142
0x2143
0x2144
0x2145
0x2146
0x2148
0x2149
0x214a
0x214b
0x214c
0x214d
0x214f
0x2150
0x2158
0x2160
0x2168
0x2170
0x2178
0x2179
0x217b
0x217c
0x2184
0x218c
0x2194
0x219c
0x21a4
0x21a5
0x21a6
0x21a7
0x21a8
0x21a9
0x21aa
0x21ab
0x21ac
0x21ad
0x21ae
0x21af
0x21b1
0x21b2
0x21b3
0x21b4
0x21b5
0x21b6
0x21b7
0x21b8
0x21b9
0x21ba
0x21bb
0x21bc
0x21bd
0x21be
0x21bf
0x21c0
0x21c1
0x21c2
0x21c3
0x21c4
0x21c5
0x21c6
0x21c7
0x21c8
0x21c9
0x21ca
0x21cb
0x21cc
0x21ce
0x21cf
0x21d0
0x21d1
0x21d2
0x21d3
0x21d4
0x21d6
0x21d7
0x21d8
0x21d9
0x21da
0x21db
0x21dc
0x21dd
0x21de
0x21df
0x21e0
0x21e1
0x21e3
0x21e4
0x21e5
0x21e6
0x21e7
0x21e8
0x21e9
0x21ea
0x21eb
0x21ec
0x21ed
0x21ee
0x21ef
0x21f0
0x21f1
0x21f2
0x21f3
0x21f4
0x21f5
0x21f6
0x21f7
0x21f8
0x21f9
0x21fa
0x21fb
0x21fc
0x21fd
0x21fe
0x21ff
0x2202
0x2203
0x2204
0x2205
0x2206
0x2207
0x2208
0x2211
0x2212
0x2213
0x2214
0x2215
0x2216
0x2217
0x2218
0x2219
0x221a
0x221d
0x221e
0x221f
0x2220
0x2221
0x2223
0x222b
0x222e
0x222f
0x2230
0x2231
0x2236
0x2237
0x223f
0x2240
0x2241
0x2242
0x2247
0x2248
0x224c
0x2254
0x2255
0x2256
0x225c
0x225d
0x225e
0x225f
0x2263
0x2264
0x2266
0x2268
0x226a
0x226c
0x226e
0x2270
0x2271
0x2272
0x2273
0x2274
0x2275
0x2276
0x2277
0x2278
0x2279
0x227a
0x227b
0x227d
0x227e
0x2286
0x228e
0x2296
0x229e
0x22a6
0x22a7
0x22a9
0x22aa
0x22b2
0x22ba
0x22c2
0x22ca
0x22d2
0x22d3
0x22d4
0x22d5
0x22d6
0x22d7
0x22d8
0x22d9
0x22da
0x22db
0x22dc
0x22dd
0x22de
0x22e0
0x22e1
0x22e2
0x22e3
0x22e4
0x22e5
0x22e6
0x22e7
0x22e8
0x22e9
0x22ea
0x22eb
0x22ed
0x22ee
0x22f6
0x22fe
0x2306
0x230e
0x2316
0x2317
0x2319
0x231a
0x2322
0x232a
0x2332
0x233a
0x2342
0x2343
0x2344
0x2345
0x2346
0x2347
0x2348
0x2349
0x234a
0x234b
0x234c
0x234d
0x234e
0x234f
0x2350
0x2351
0x2352
0x2353
0x2354
0x2355
0x2356
0x2357
0x2358
0x2359
0x235a
0x235b
0x235c
0x235d
0x235e
0x235f
0x2360
0x2361
0x2362
0x2363
0x2364
0x2365
0x2366
0x2367
0x2368
0x2369
0x236a
0x236b
0x236c
0x236d
0x236e
0x236f
0x2370
0x2371
0x2372
0x2373
0x2375
0x2376
0x237e
0x2386
0x238e
0x2396
0x239e
0x239f
0x23a1
0x23a2
0x23aa
0x23b2
0x23ba
0x23c2
0x23ca
0x23cb
0x23cc
0x23cd
0x23ce
0x23cf
0x23d0
0x23d1
0x23d2
0x23d3
0x23d4
0x23d5
0x23d8
0x23d9
0x23da
0x23db
0x23dc
0x23dd
0x23de
0x23df
0x23e0
0x23e1
0x23e2
0x23e3
0x23e4
0x23e5
0x23e6
0x23e7
0x23e8
0x23e9
0x23ea
0x23eb
0x23ec
0x23ed
0x23ee
0x23ef
0x23f1
0x23f2
0x23f3
0x23f5
0x23f6
0x23f9
0x23fd
0x23fe
0x23ff
0x2400
0x2401
0x2402
0x2403
0x2404
0x2405
0x2406
0x2407
0x2408
0x2409
0x240a
0x240b
0x240f
0x2410
0x2411
0x2412
0x2413
0x2414
0x2415
0x2416
0x2417
0x2418
0x2419
0x241a
0x241b
0x241c
0x241d
0x241e
0x241f
0x2420
0x2421
0x2422
0x2423
0x2424
0x2425
0x2426
0x2427
0x2428
0x2429
0x242a
0x242b
0x242c
0x242d
0x242e
0x242f
0x2430
0x2431
0x2432
0x2433
0x2434
0x2435
0x2436
0x2437
0x2438
0x2439
0x243a
0x243b
0x243c
0x243d
0x243e
0x243f
0x2440
0x2441
0x2442
0x2443
0x2445
0x2446
0x2447
0x2449
0x244a
0x244b
0x244c
0x244d
0x244e
0x244f
0x2450
0x2451
0x2452
0x2453
0x2454
0x2455
0x2459
0x245a
0x245b
0x245c
0x245d
0x245e
0x245f
0x2460
0x2461
0x2465
0x2469
0x246d
0x246e
0x246f
0x2470
0x2471
0x2472
0x2473
0x2474
0x2475
0x2476
0x2477
0x2478
0x2479
0x247a
0x247b
0x247c
0x247d
0x247e
0x247f
0x2480
0x2481
0x2482
0x2483
0x2484
0x2485
0x2486
0x2487
0x2489
0x248a
0x2492
0x249a
0x24a2
0x24aa
0x24b2
0x24b3
0x24b5
0x24b6
0x24be
0x24c6
0x24ce
0x24d6
0x24de
0x24df
0x24e0
0x24e1
0x24e6
0x24e7
0x24e8
0x24e9
0x24ea
0x24eb
0x24ec
0x24ed
0x24ee
0x24ef
0x24f0
0x24f1
0x24f2
0x24f3
0x24f4
0x24f5
0x24f6
0x24f7
0x24f8
0x24f9
0x24fa
0x24fb
0x24fc
0x24fd
0x24fe
0x24ff
0x2500
0x2501
0x2502
0x2503
0x2504
0x2505
0x2506
0x2507
0x2508
0x250b
0x250c
0x2514
0x251c
0x2524
0x252c
0x2534
0x2535
0x2537
0x2538
0x2540
0x2548
0x2550
0x2558
0x2560
0x2561
0x2562
0x2563
0x2568
0x2569
0x256a
0x256b
0x256c
0x256d
0x256e
0x256f
0x2570
0x2571
0x2572
0x2573
0x2574
0x2575
0x2576
0x2577
0x2578
0x2579
0x257a
0x257b
0x257c
0x257d
0x257e
0x257f
0x2580
0x2581
0x2582
0x2583
0x2584
0x2585
0x2586
0x2587
0x2588
0x2589
0x258a
0x258b
0x258c
0x258d
0x258e
0x258f
0x2590
0x2591
0x2592
0x2593
0x2594
0x2595
0x2596
0x2597
0x2599
0x259a
0x25a2
0x25aa
0x25b2
0x25ba
0x25c2
0x25c3
0x25c5
0x25c6
0x25ce
0x25d6
0x25de
0x25e6
0x25ee
0x25ef
0x25f0
0x25f1
0x25f6
0x25f7
0x25f8
0x25f9
0x25fa
0x25fb
0x25fc
0x25fd
0x25fe
0x25ff
0x2600
0x2601
0x2602
0x2603
0x2604
0x2605
0x2606
0x2607
0x2608
0x2609
0x260a
0x260b
0x260c
0x260d
0x260e
0x260f
0x2610
0x2611
0x2612
0x2613
0x2614
0x2615
0x2616
0x2617
0x2618
0x2619
0x261a
0x261b
0x261c
0x261d
0x261e
0x261f
0x2620
0x2621
0x2622
0x2623
0x2624
0x2625
0x2626
0x2627
0x2628
0x2629
0x262a
0x262b
0x262c
0x262d
0x262e
0x262f
0x2630
0x2631
0x2632
0x2633
0x2634
0x2635
0x2636
0x2637
0x2638
0x2639
0x263a
0x263b
0x263e
0x263f
0x2640
0x2641
0x2642
0x2643
0x2644
0x2645
0x2646
0x2647
0x2648
0x2649
0x264a
0x264b
0x264c
0x264d
0x264e
0x264f
0x2650
0x2651
0x2652
0x2653
0x2654
0x2655
0x2656
0x2657
0x2658
0x2659
0x265a
0x265b
0x265c
0x265d
0x265e
0x265f
0x2660
0x2661
0x2662
0x2663
0x2664
0x2665
0x2666
0x2667
0x2668
0x2669
0x266a
0x2670
0x2678
0x2679
0x267a
0x267b
0x267c
0x267e
0x2686
0x2687
0x2688
0x2689
0x268a
0x268b
0x268c
0x268d
0x268e
0x268f
0x2691
0x2692
0x2693
0x2695
0x2696
0x2697
0x2698
0x2699
0x269a
0x269c
0x269d
0x269e
0x269f
0x26a0
0x26a1
0x26a3
0x26a4
0x26ac
0x26b4
0x26bc
0x26c4
0x26cc
0x26cd
0x26cf
0x26d0
0x26d8
0x26e0
0x26e8
0x26f0
0x26f8
0x26f9
0x26fa
0x26fb
0x26fc
0x26fd
0x26fe
0x26ff
0x2700
0x2701
0x2702
0x2703
0x2705
0x2706
0x2707
0x2708
0x2709
0x270a
0x270b
0x270c
0x270d
0x270e
0x270f
0x2710
0x2711
0x2712
0x2713
0x2714
0x2715
0x2716
0x2717
0x2718
0x2719
0x271a
0x271b
0x271c
0x271d
0x271e
0x271f
0x2720
0x2722
0x2723
0x2724
0x2725
0x2726
0x2727
0x2728
0x272a
0x272b
0x272c
0x272d
0x272e
0x272f
0x2730
0x2731
0x2732
0x2733
0x2734
0x2735
0x2737
0x2738
0x2739
0x273a
0x273b
0x273c
0x273d
0x273e
0x273f
0x2740
0x2741
0x2742
0x2743
0x2744
0x2745
0x2746
0x2747
0x2748
0x2749
0x274a
0x274b
0x274d
0x274e
0x274f
0x2751
0x2752
0x2753
0x2754
0x2755
0x2756
0x2757
0x2758
0x2759
0x275c
0x275d
0x275e
0x275f
0x2760
0x2768
0x2769
0x276a
0x276e
0x276f
0x2770
0x2771
0x2773
0x2774
0x277c
0x2784
0x278c
0x2794
0x279c
0x279d
0x279e
0x279f
0x27a0
0x27a1
0x27a2
0x27a3
0x27a4
0x27a5
0x27a6
0x27a7
0x27a8
0x27a9
0x27aa
0x27ab
0x27ac
0x27ad
0x27af
0x27b7
0x27b8
0x27b9
0x27bb
0x27bc
0x27bd
0x27bf
0x27c0
0x27c1
0x27c8
0x27ca
0x27cb
0x27d2
0x27d3
0x27d9
0x27da
0x27db
0x27dc
0x27de
0x27df
0x27e0
0x27e1
0x27e4
0x27e5
0x27e6
0x27e7
0x27e8
0x27e9
0x27ea
0x27eb
0x27ec
0x27ed
0x27ee
0x27ef
0x27f0
0x27f1
0x27f2
0x27f3
0x27f4
0x27f5
0x27f6
0x27f7
0x27f8
0x27f9
0x27fe
0x27ff
0x2800
0x2801
0x2802
0x2804
0x2805
0x2806
0x2807
0x2808
0x2809
0x280a
0x280c
0x280d
0x280e
0x280f
0x2810
0x2811
0x2812
0x2813
0x2814
0x2815
0x2816
0x2817
0x2819
0x281a
0x281b
0x281c
0x281d
0x281e
0x281f
0x2820
0x2821
0x2822
0x2823
0x2824
0x2825
0x2827
0x2828
0x2829
0x282b
0x282c
0x282d
0x282e
0x282f
0x2830
0x2831
0x2832
0x2833
0x2834
0x2835
0x2836
0x2837
0x2838
0x2839
0x283a
0x283b
0x283c
0x283d
0x283e
0x283f
0x2840
0x2841
0x2842
0x2843
0x2844
0x2845
0x2846
0x2847
0x2848
0x2849
0x284a
0x284b
0x284c
0x284d
0x284e
0x284f
0x2850
0x2851
0x2852
0x2853
0x2854
0x2855
0x2856
0x2857
0x2858
0x2859
0x285a
0x285b
0x285c
0x285d
0x285e
0x285f
0x2860
0x2861
0x2862
0x2863
0x2864
0x2865
0x2866
0x2867
0x2868
0x2869
0x286a
0x286b
0x286c
0x286d
0x286e
0x2870
0x2871
0x2872
0x2873
0x2874
0x2875
0x2876
0x2878
0x2879
0x287a
0x287b
0x287c
0x287d
0x287e
0x287f
0x2880
0x2881
0x2882
0x2883
0x2884
0x2885
0x2886
0x2887
0x2888
0x2890
0x2891
0x2892
0x2893
0x2894
0x2895
0x2896
0x2897
0x2898
0x2899
0x289a
0x289b
0x289c
0x289d
0x289e
0x289f
0x28a0
0x28a1
0x28a2
0x28a4
0x28a5
0x28a6
0x28a7
0x28a8
0x28a9
0x28aa
0x28ac
0x28ad
0x28ae
0x28af
0x28b0
0x28b1
0x28b2
0x28b3
0x28b4
0x28b5
0x28b6
0x28b7
0x28b8
0x28b9
0x28ba
0x28bb
0x28bc
0x28bd
0x28be
0x28c0
0x28c1
0x28c2
0x28c3
0x28c4
0x28c5
0x28c6
0x28c8
0x28c9
0x28ca
0x28cb
0x28cc
0x28cd
0x28ce
0x28cf
0x28d0
0x28d1
0x28d2
0x28d3
0x28d5
0x28d6
0x28d7
0x28d8
0x28d9
0x28da
0x28db
0x28dc
0x28dd
0x28de
0x28df
0x28e0
0x28e1
0x28e2
0x28e3
0x28e4
0x28e5
0x28e6
0x28e7
0x28e8
0x28e9
0x28ea
0x28eb
0x28ec
0x28ed
0x28ee
0x28ef
0x28f0
0x28f1
0x28f3
0x28f4
0x28f5
0x28f6
0x28f7
0x28f8
0x28f9
0x28fb
0x28fc
0x28fd
0x28fe
0x28ff
0x2900
0x2901
0x2902
0x2903
0x2904
0x2905
0x2906
0x290c
0x2914
0x2915
0x2916
0x2917
0x291e
0x291f
0x2920
0x2921
0x2922
0x2923
0x2924
0x2925
0x2926
0x2927
0x2928
0x2929
0x292a
0x292b
0x292c
0x292d
0x292e
0x292f
0x2931
0x2932
0x293a
0x2942
0x294a
0x2952
0x295a
0x295b
0x295c
0x295d
0x295e
0x295f
0x2963
0x2964
0x2965
0x2966
0x2967
0x2968
0x296c
0x296d
0x296e
0x296f
0x2970
0x2971
0x2972
0x2973
0x2974
0x2975
0x2979
0x297a
0x297b
0x297c
0x297d
0x297e
0x297f
0x2980
0x2981
0x2983
0x2984
0x298c
0x2994
0x299c
0x29a4
0x29ac
0x29ad
0x29af
0x29b0
0x29b8
0x29c0
0x29c8
0x29d0
0x29d8
0x29d9
0x29da
0x29db
0x29dc
0x29dd
0x29de
0x29df
0x29e0
0x29e1
0x29e2
0x29e3
0x29e5
0x29e6
0x29e7
0x29e8
0x29e9
0x29ea
0x29eb
0x29ec
0x29ed
0x29ee
0x29ef
0x29f0
0x29f1
0x29f2
0x29f3
0x29f4
0x29f5
0x29f6
0x29f7
0x29f8
0x29f9
0x29fa
0x29fb
0x29fc
0x29fd
0x29fe
0x29ff
0x2a00
0x2a02
0x2a03
0x2a04
0x2a05
0x2a06
0x2a07
0x2a08
0x2a0a
0x2a0b
0x2a0c
0x2a0d
0x2a0e
0x2a0f
0x2a10
0x2a11
0x2a12
0x2a13
0x2a14
0x2a15
0x2a17
0x2a18
0x2a19
0x2a1a
0x2a1b
0x2a1c
0x2a1d
0x2a1e
0x2a1f
0x2a20
0x2a21
0x2a22
0x2a23
0x2a24
0x2a25
0x2a26
0x2a27
0x2a28
0x2a29
0x2a2b
0x2a2c
0x2a2d
0x2a2e
0x2a2f
0x2a31
0x2a39
0x2a3e
0x2a3f
0x2a40
0x2a47
0x2a50
0x2a51
0x2a52
0x2a53
0x2a54
0x2a55
0x2a56
0x2a57
0x2a59
0x2a5f
0x2a60
0x2a61
0x2a62
0x2a63
0x2a6a
0x2a72
0x2a73
0x2a76
0x2a77
0x2a7a
0x2a7b
0x2a7e
0x2a7f
0x2a80
0x2a81
0x2a85
0x2a89
0x2a8a
0x2a8b
0x2a8c
0x2a8d
0x2a8e
0x2a8f
0x2a93
0x2a9b
0x2aa3
0x2aab
0x2ab3
0x2abb
0x2abd
0x2abe
0x2ac6
0x2ace
0x2ad6
0x2ade
0x2ae6
0x2ae7
0x2ae8
0x2ae9
0x2aea
0x2aeb
0x2aec
0x2aed
0x2aee
0x2aef
0x2af0
0x2af1
0x2af2
0x2af3
0x2af6
0x2af7
0x2af8
0x2af9
0x2afa
0x2afb
0x2afc
0x2afd
0x2afe
0x2b01
0x2b02
0x2b0a
0x2b12
0x2b1a
0x2b22
0x2b2a
0x2b2b
0x2b2d
0x2b2e
0x2b36
0x2b3e
0x2b46
0x2b4e
0x2b56
0x2b57
0x2b58
0x2b59
0x2b5a
0x2b5b
0x2b5c
0x2b5d
0x2b5e
0x2b5f
0x2b60
0x2b61
0x2b62
0x2b63
0x2b64
0x2b65
0x2b66
0x2b67
0x2b68
0x2b69
0x2b6a
0x2b6b
0x2b6c
0x2b6d
0x2b6e
0x2b70
0x2b71
0x2b72
0x2b73
0x2b74
0x2b75
0x2b76
0x2b77
0x2b78
0x2b79
0x2b7a
0x2b7b
0x2b7c
0x2b7d
0x2b7e
0x2b7f
0x2b80
0x2b81
0x2b82
0x2b83
0x2b84
0x2b85
0x2b86
0x2b87
0x2b89
0x2b8a
0x2b92
0x2b9a
0x2ba2
0x2baa
0x2bb2
0x2bb3
0x2bb5
0x2bb6
0x2bbe
0x2bc6
0x2bce
0x2bd6
0x2bde
0x2bdf
0x2be0
0x2be1
0x2be2
0x2be3
0x2be4
0x2be5
0x2be6
0x2be7
0x2be8
0x2be9
0x2bea
0x2beb
0x2bec
0x2bed
0x2bee
0x2bf6
0x2bf7
0x2bf8
0x2bf9
0x2bfa
0x2bfb
0x2bfc
0x2bfd
0x2bfe
0x2bff
0x2c00
0x2c01
0x2c02
0x2c03
0x2c04
0x2c05
0x2c06
0x2c07
0x2c08
0x2c0a
0x2c0b
0x2c0c
0x2c0d
0x2c0e
0x2c0f
0x2c10
0x2c12
0x2c13
0x2c14
0x2c15
0x2c16
0x2c17
0x2c18
0x2c19
0x2c1a
0x2c1b
0x2c1c
0x2c1d
0x2c1e
0x2c1f
0x2c20
0x2c21
0x2c22
0x2c23
0x2c24
0x2c26
0x2c27
0x2c28
0x2c29
0x2c2a
0x2c2b
0x2c2c
0x2c2e
0x2c2f
0x2c30
0x2c31
0x2c32
0x2c33
0x2c34
0x2c35
0x2c36
0x2c37
0x2c38
0x2c39
0x2c3b
0x2c3e
0x2c3f
0x2c40
0x2c41
0x2c42
0x2c43
0x2c44
0x2c45
0x2c46
0x2c47
0x2c48
0x2c49
0x2c4a
0x2c4b
0x2c4c
0x2c4d
0x2c4e
0x2c4f
0x2c50
0x2c51
0x2c52
0x2c53
0x2c54
0x2c55
0x2c56
0x2c57
0x2c58
0x2c59
0x2c5b
0x2c5c
0x2c5d
0x2c5f
0x2c60
0x2c63
0x2c67
0x2c68
0x2c69
0x2c6a
0x2c6b
0x2c6c
0x2c6d
0x2c6e
0x2c6f
0x2c70
0x2c71
0x2c72
0x2c73
0x2c74
0x2c75
0x2c76
0x2c77
0x2c78
0x2c79
0x2c7a
0x2c7b
0x2c7f
0x2c80
0x2c81
0x2c82
0x2c83
0x2c84
0x2c85
0x2c86
0x2c87
0x2c88
0x2c89
0x2c8b
0x2c8c
0x2c94
0x2c9c
0x2ca4
0x2cac
0x2cb4
0x2cb5
0x2cb6
0x2cb7
0x2cb8
0x2cb9
0x2cba
0x2cbb
0x2cbc
0x2cbd
0x2cbe
0x2cbf
0x2cc1
0x2cc2
0x2cc3
0x2cc4
0x2cc5
0x2cc6
0x2cc7
0x2cc8
0x2cc9
0x2cca
0x2ccb
0x2ccc
0x2ccd
0x2cce
0x2ccf
0x2cd0
0x2cd1
0x2cd2
0x2cd3
0x2cd4
0x2cd5
0x2cd6
0x2cd7
0x2cd9
0x2cda
0x2ce2
0x2cea
0x2cf2
0x2cfa
0x2d02
0x2d03
0x2d05
0x2d06
0x2d0e
0x2d16
0x2d1e
0x2d26
0x2d2e
0x2d2f
0x2d30
0x2d31
0x2d32
0x2d33
0x2d34
0x2d35
0x2d36
0x2d37
0x2d38
0x2d39
0x2d3b
0x2d3c
0x2d3d
0x2d3e
0x2d3f
0x2d40
0x2d41
0x2d42
0x2d43
0x2d44
0x2d45
0x2d46
0x2d47
0x2d48
0x2d49
0x2d4a
0x2d4b
0x2d4c
0x2d4d
0x2d4e
0x2d4f
0x2d50
0x2d51
0x2d52
0x2d53
0x2d54
0x2d55
0x2d56
0x2d5a
0x2d5b
0x2d5c
0x2d5d
0x2d5e
0x2d5f
0x2d60
0x2d61
0x2d62
0x2d63
0x2d68
0x2d69
0x2d6a
0x2d6b
0x2d6c
0x2d6d
0x2d6e
0x2d6f
0x2d70
0x2d71
0x2d72
0x2d73
0x2d74
0x2d75
0x2d77
0x2d78
0x2d80
0x2d88
0x2d90
0x2d98
0x2da0
0x2da1
0x2da2
0x2da3
0x2da4
0x2da5
0x2da6
0x2da7
0x2da8
0x2da9
0x2daa
0x2dab
0x2dad
0x2dae
0x2daf
0x2db0
0x2db1
0x2db2
0x2db3
0x2db4
0x2db5
0x2db6
0x2db7
0x2db8
0x2db9
0x2dba
0x2dbb
0x2dbc
0x2dbd
0x2dbe
0x2dbf
0x2dc0
0x2dc1
0x2dc2
0x2dc3
0x2dc5
0x2dc6
0x2dce
0x2dd6
0x2dde
0x2de6
0x2dee
0x2def
0x2df1
0x2df2
0x2dfa
0x2e02
0x2e0a
0x2e12
0x2e1a
0x2e1b
0x2e1c
0x2e1d
0x2e1e
0x2e1f
0x2e20
0x2e21
0x2e22
0x2e23
0x2e24
0x2e25
0x2e27
0x2e28
0x2e29
0x2e2a
0x2e2b
0x2e2c
0x2e2d
0x2e2e
0x2e2f
0x2e30
0x2e31
0x2e32
0x2e33
0x2e34
0x2e35
0x2e36
0x2e37
0x2e38
0x2e39
0x2e3a
0x2e3b
0x2e3c
0x2e3d
0x2e3e
0x2e3f
0x2e40
0x2e48
0x2e49
0x2e4a
0x2e4b
0x2e4c
0x2e4d
0x2e4e
0x2e4f
0x2e50
0x2e51
0x2e53
0x2e54
0x2e5c
0x2e64
0x2e6c
0x2e74
0x2e7c
0x2e7d
0x2e7e
0x2e7f
0x2e80
0x2e81
0x2e82
0x2e83
0x2e84
0x2e85
0x2e86
0x2e87
0x2e89
0x2e8a
0x2e8b
0x2e8c
0x2e8d
0x2e8e
0x2e8f
0x2e90
0x2e91
0x2e92
0x2e93
0x2e94
0x2e95
0x2e96
0x2e97
0x2e98
0x2e99
0x2e9a
0x2e9b
0x2e9c
0x2e9d
0x2e9e
0x2e9f
0x2ea1
0x2ea2
0x2eaa
0x2eb2
0x2eba
0x2ec2
0x2eca
0x2ecb
0x2ecd
0x2ece
0x2ed6
0x2ede
0x2ee6
0x2eee
0x2ef6
0x2ef7
0x2ef8
0x2ef9
0x2efa
0x2efb
0x2efc
0x2efd
0x2efe
0x2eff
0x2f00
0x2f01
0x2f03
0x2f04
0x2f05
0x2f06
0x2f07
0x2f08
0x2f09
0x2f0a
0x2f0b
0x2f0c
0x2f0d
0x2f0e
0x2f0f
0x2f10
0x2f11
0x2f12
0x2f13
0x2f14
0x2f15
0x2f17
0x2f18
0x2f19
0x2f1a
0x2f1b
0x2f1c
0x2f1d
0x2f1f
0x2f20
0x2f28
0x2f30
0x2f38
0x2f40
0x2f48
0x2f49
0x2f4a
0x2f4b
0x2f4c
0x2f4d
0x2f4e
0x2f4f
0x2f50
0x2f51
0x2f52
0x2f53
0x2f55
0x2f56
0x2f57
0x2f58
0x2f59
0x2f5a
0x2f5b
0x2f5c
0x2f5d
0x2f5e
0x2f5f
0x2f60
0x2f61
0x2f62
0x2f63
0x2f64
0x2f65
0x2f66
0x2f67
0x2f68
0x2f69
0x2f6a
0x2f6b
0x2f6c
0x2f6e
0x2f6f
0x2f70
0x2f71
0x2f72
0x2f73
0x2f74
0x2f75
0x2f78
0x2f80
0x2f81
0x2f82
0x2f83
0x2f84
0x2f85
0x2f86
0x2f87
0x2f88
0x2f8a
0x2f8f
0x2f90
0x2f91
0x2f92
0x2f93
0x2f94
0x2f95
0x2f96
0x2f97
0x2f9b
0x2f9c
0x2f9d
0x2f9e
0x2f9f
0x2fa0
0x2fa1
0x2fa4
0x2fa7
0x2faf
0x2fb0
0x2fb1
0x2fb2
0x2fba
0x2fbb
0x2fbc
0x2fbd
0x2fbe
0x2fbf
0x2fc0
0x2fc6
0x2fc7
0x2fcf
0x2fd0
0x2fd3
0x2fd6
0x2fda
0x2fdb
0x2fdc
0x2fdd
0x2fde
0x2fdf
0x2fe0
0x2fe1
0x2fe2
0x2fe3
0x2fe4
0x2fe5
0x2fe6
0x2fe7
0x2fe8
0x2fe9
0x2fea
0x2feb
0x2fec
0x2fed
0x2fef
0x2ff0
0x2ff8
0x3000
0x3008
0x3010
0x3018
0x3019
0x301a
0x301b
0x301c
0x301d
0x301e
0x301f
0x3020
0x3021
0x3022
0x3023
0x3025
0x3026
0x3027
0x3028
0x3029
0x302a
0x302b
0x302c
0x302d
0x302e
0x302f
0x3030
0x3031
0x3032
0x3033
0x3034
0x3035
0x3036
0x3037
0x3038
0x3039
0x303a
0x303b
0x303d
0x303e
0x3046
0x304e
0x3056
0x305e
0x3066
0x3067
0x3069
0x306a
0x3072
0x307a
0x3082
0x308a
0x3092
0x3093
0x3094
0x3095
0x3096
0x3097
0x3098
0x3099
0x309a
0x309b
0x309c
0x309d
0x309f
0x30a0
0x30a1
0x30a2
0x30a3
0x30a4
0x30a5
0x30a6
0x30a7
0x30a8
0x30a9
0x30aa
0x30ab
0x30ac
0x30ad
0x30ae
0x30af
0x30b0
0x30b1
0x30b2
0x30b3
0x30b4
0x30b5
0x30b6
0x30b7
0x30b8
0x30b9
0x30ba
0x30bb
0x30bd
0x30be
0x30c6
0x30ce
0x30d6
0x30de
0x30e6
0x30e7
0x30e8
0x30e9
0x30ea
0x30eb
0x30ec
0x30ed
0x30ee
0x30ef
0x30f0
0x30f1
0x30f2
0x30f3
0x30f5
0x30f6
0x30fe
0x3106
0x310e
0x3116
0x311e
0x311f
0x3121
0x3122
0x312a
0x3132
0x313a
0x3142
0x314a
0x314b
0x314c
0x314d
0x314e
0x314f
0x3150
0x3151
0x3152
0x3153
0x3154
0x3155
0x3156
0x3157
0x3158
0x3159
0x315a
0x315b
0x315c
0x315d
0x315e
0x315f
0x3160
0x3161
0x3162
0x3163
0x3164
0x3165
0x3166
0x3167
0x3168
0x3169
0x316a
0x316b
0x316c
0x316d
0x316f
0x3170
0x3171
0x3172
0x3173
0x3174
0x3175
0x3176
0x3177
0x3178
0x3179
0x317a
0x317b
0x317c
0x317d
0x317e
0x317f
0x3180
0x3181
0x3183
0x3184
0x3185
0x3187
0x3188
0x318b
0x318f
0x3190
0x3191
0x3195
0x3196
0x3197
0x3199
0x319a
0x31a2
0x31aa
0x31b2
0x31ba
0x31c2
0x31c3
0x31c4
0x31c5
0x31c6
0x31c7
0x31c8
0x31c9
0x31ca
0x31cb
0x31cc
0x31d3
0x31d4
0x31d5
0x31d6
0x31d7
0x31d8
0x31d9
0x31dd
0x31de
0x31e6
0x31ee
0x31f6
0x31fe
0x3206
0x3207
0x3208
0x3209
0x320a
0x320b
0x320c
0x3210
0x3216
0x3217
0x3218
0x3219
0x321a
0x321b
0x321c
0x321d
0x321e
0x321f
0x3220
0x3221
0x3222
0x3223
0x3224
0x3225
0x3226
0x3227
0x3228
0x3229
0x322a
0x322b
0x322c
0x322d
0x322e
0x322f
0x3230
0x3231
0x3232
0x3233
0x3234
0x323c
0x323d
0x323f
0x3244
0x3245
0x3246
0x3247
0x3248
0x3249
0x324a
0x324b
0x324c
0x324d
0x324e
0x324f
0x3250
0x3251
0x3252
0x3253
0x3254
0x3255
0x3256
0x3257
0x3258
0x3259
0x325a
0x325b
0x325c
0x325d
0x325e
0x325f
0x3260
0x3261
0x3262
0x3263
0x3264
0x3265
0x3266
0x3267
0x3268
0x3269
0x326a
0x326b
0x326c
0x326d
0x326e
0x326f
0x3270
0x3271
0x3272
0x3273
0x3274
0x3275
0x3276
0x3277
0x3278
0x3279
0x327a
0x327b
0x327c
0x327d
0x327e
0x327f
0x3280
0x3281
0x3282
0x3283
0x3284
0x3285
0x3286
0x3287
0x3288
0x3289
0x328b
0x328c
0x3294
0x329c
0x32a4
0x32ac
0x32b4
0x32b5
0x32b7
0x32b8
0x32c0
0x32c8
0x32d0
0x32d8
0x32e0
0x32e1
0x32e2
0x32e3
0x32e4
0x32e5
0x32e6
0x32e7
0x32e8
0x32e9
0x32ea
0x32eb
0x32ec
0x32ed
0x32ef
0x32f0
0x32f8
0x3300
0x3308
0x3310
0x3318
0x3319
0x331b
0x331c
0x3324
0x332c
0x3334
0x333c
0x3344
0x3345
0x3346
0x3347
0x3348
0x3349
0x334a
0x334b
0x334c
0x334d
0x334e
0x334f
0x3350
0x3351
0x3352
0x3353
0x3354
0x3355
0x3356
0x3357
0x3358
0x3359
0x335a
0x335b
0x335d
0x335e
0x335f
0x3360
0x3361
0x3362
0x3363
0x3364
0x3365
0x3366
0x3367
0x3368
0x3369
0x336a
0x336b
0x336c
0x336d
0x336e
0x336f
0x3370
0x3371
0x3372
0x3373
0x3374
0x3375
0x3376
0x3377
0x3378
0x3379
0x337a
0x337b
0x337c
0x337e
0x337f
0x3380
0x3381
0x3385
0x3386
0x3387
0x3388
0x338a
0x338f
0x3396
0x3397
0x339a
0x33a2
0x33a4
0x33aa
0x33ab
0x33af
0x33b0
0x33b1
0x33b2
0x33b3
0x33b4
0x33b5
0x33b6
0x33b7
0x33b8
0x33b9
0x33ba
0x33bb
0x33bd
0x33be
0x33bf
0x33c0
0x33c1
0x33c2
0x33c3
0x33c4
0x33c5
0x33c6
0x33c8
0x33cf
0x33d0
0x33d1
0x33d2
0x33d3
0x33d4
0x33d5
0x33d9
0x33dc
0x33dd
0x33de
0x33df
0x33e0
0x33e1
0x33e2
0x33e3
0x33e4
0x33e5
0x33e7
0x33e8
0x33f0
0x33f8
0x3400
0x3408
0x3410
0x3411
0x3413
0x3414
0x341c
0x3424
0x342c
0x3434
0x343c
0x343d
0x343e
0x343f
0x3440
0x3441
0x3442
0x3443
0x3444
0x3445
0x3446
0x3447
0x3449
0x344a
0x344b
0x344c
0x344d
0x344e
0x344f
0x3450
0x3451
0x3452
0x3453
0x3454
0x3455
0x3456
0x3457
0x3458
0x3459
0x345a
0x345b
0x345c
0x345d
0x345e
0x345f
0x3461
0x3462
0x346a
0x3472
0x347a
0x3482
0x348a
0x348b
0x348d
0x348e
0x3496
0x349e
0x34a6
0x34ae
0x34b6
0x34b7
0x34b8
0x34b9
0x34ba
0x34bb
0x34bc
0x34bd
0x34be
0x34bf
0x34c0
0x34c1
0x34c3
0x34c4
0x34c5
0x34c6
0x34c7
0x34c8
0x34c9
0x34ca
0x34cb
0x34cc
0x34cd
0x34ce
0x34cf
0x34d0
0x34d1
0x34d2
0x34d3
0x34d4
0x34d5
0x34d6
0x34d7
0x34d8
0x34d9
0x34da
0x34db
0x34e0
0x34e1
0x34e5
0x34e6
0x34e7
0x34e8
0x34e9
0x34ea
0x34eb
0x34ed
0x34ee
0x34f6
0x34fe
0x3506
0x350e
0x3516
0x3517
0x3519
0x351a
0x3522
0x352a
0x3532
0x353a
0x3542
0x3543
0x3544
0x3545
0x3546
0x3547
0x3548
0x3549
0x354a
0x354b
0x354c
0x354d
0x354f
0x3550
0x3551
0x3552
0x3553
0x3554
0x3555
0x3556
0x3557
0x3558
0x3559
0x355a
0x355b
0x355c
0x355d
0x355e
0x355f
0x3560
0x3561
0x3562
0x3563
0x3564
0x3565
0x3567
0x3568
0x3570
0x3578
0x3580
0x3588
0x3590
0x3591
0x3593
0x3594
0x359c
0x35a4
0x35ac
0x35b4
0x35bc
0x35bd
0x35be
0x35bf
0x35c0
0x35c1
0x35c2
0x35c3
0x35c4
0x35c5
0x35c6
0x35c7
0x35c9
0x35ca
0x35cb
0x35cc
0x35cd
0x35ce
0x35cf
0x35d0
0x35d1
0x35d2
0x35d3
0x35d4
0x35d5
0x35d6
0x35d7
0x35d8
0x35d9
0x35da
0x35db
0x35dd
0x35de
0x35df
0x35e0
0x35e1
0x35e3
0x35eb
0x35ec
0x35ed
0x35ee
0x35ef
0x35f7
0x35f8
0x35fa
0x3601
0x3608
0x3609
0x360b
0x360c
0x360d
0x3614
0x3615
0x3617
0x3618
0x3619
0x361a
0x361b
0x361c
0x3624
0x3625
0x3626
0x3627
0x3628
0x3629
0x362a
0x362b
0x362c
0x362d
0x362e
0x362f
0x3630
0x3631
0x3632
0x3635
0x3636
0x363e
0x3646
0x364e
0x3656
0x365e
0x365f
0x3661
0x3662
0x366a
0x3672
0x367a
0x3682
0x368a
0x368b
0x368c
0x368d
0x368e
0x368f
0x3690
0x3691
0x3692
0x3693
0x3694
0x3695
0x3697
0x3698
0x3699
0x369a
0x369b
0x369c
0x369d
0x369e
0x369f
0x36a0
0x36a1
0x36a2
0x36a3
0x36a4
0x36a5
0x36a6
0x36a7
0x36a8
0x36a9
0x36aa
0x36ab
0x36ac
0x36ad
0x36af
0x36b0
0x36b8
0x36c0
0x36c8
0x36d0
0x36d8
0x36d9
0x36db
0x36dc
0x36e4
0x36ec
0x36f4
0x36fc
0x3704
0x3705
0x3706
0x3707
0x3708
0x3709
0x370a
0x370b
0x370c
0x370d
0x370e
0x370f
0x3711
0x3712
0x3713
0x3714
0x3715
0x3716
0x3717
0x3718
0x3719
0x371a
0x371b
0x371c
0x371d
0x371e
0x371f
0x3720
0x3721
0x3722
0x3723
0x3724
0x3725
0x3726
0x3727
0x3728
0x3729
0x372a
0x372b
0x372c
0x372d
0x372f
0x3730
0x3738
0x3740
0x3748
0x3750
0x3758
0x3759
0x375b
0x375c
0x3764
0x376c
0x3774
0x377c
0x3784
0x3785
0x3786
0x3787
0x3788
0x3789
0x378a
0x378b
0x378c
0x378d
0x378e
0x378f
0x3790
0x3791
0x3793
0x3794
0x379c
0x37a4
0x37ac
0x37b4
0x37bc
0x37bd
0x37bf
0x37c0
0x37c8
0x37d0
0x37d8
0x37e0
0x37e8
0x37e9
0x37ea
0x37eb
0x37ec
0x37ed
0x37ee
0x37ef
0x37f0
0x37f1
0x37f2
0x37f3
0x37f4
0x37f5
0x37f6
0x37f7
0x37f8
0x37f9
0x37fa
0x37fb
0x37fc
0x37fd
0x37fe
0x37ff
0x3800
0x3801
0x3802
0x3803
0x3804
0x3805
0x3806
0x3807
0x3808
0x3809
0x380a
0x380b
0x380d
0x380e
0x380f
0x3810
0x3811
0x3812
0x3813
0x3814
0x3815
0x3816
0x3817
0x3818
0x3819
0x381a
0x381b
0x381c
0x381d
0x381e
0x381f
0x3821
0x3822
0x3823
0x3825
0x3826
0x3829
0x382d
0x382e
0x382f
0x3830
0x3831
0x3835
0x3836
0x3837
0x3838
0x3839
0x383a
0x383b
0x383c
0x383d
0x383e
0x383f
0x3840
0x3841
0x3847
0x384d
0x384e
0x384f
0x3850
0x3851
0x3852
0x3853
0x3854
0x3855
0x3856
0x3857
0x3858
0x3859
0x385a
0x385b
0x385c
0x385d
0x385e
0x385f
0x3860
0x3861
0x3862
0x3863
0x3864
0x3865
0x3866
0x3867
0x3869
0x386a
0x3872
0x387a
0x3882
0x388a
0x3892
0x3893
0x3895
0x3896
0x389e
0x38a6
0x38ae
0x38b6
0x38be
0x38bf
0x38c0
0x38c1
0x38c6
0x38c7
0x38c8
0x38c9
0x38ca
0x38cb
0x38cc
0x38cd
0x38ce
0x38cf
0x38d0
0x38d1
0x38d2
0x38d3
0x38d4
0x38d5
0x38d6
0x38d7
0x38d8
0x38d9
0x38da
0x38db
0x38dc
0x38dd
0x38de
0x38df
0x38e0
0x38e1
0x38e2
0x38e3
0x38e4
0x38e5
0x38e6
0x38e7
0x38e8
0x38eb
0x38ec
0x38f4
0x38fc
0x3904
0x390c
0x3914
0x3915
0x3917
0x3918
0x3920
0x3928
0x3930
0x3938
0x3940
0x3941
0x3942
0x3943
0x3948
0x3949
0x394a
0x394b
0x394c
0x394d
0x394e
0x394f
0x3950
0x3951
0x3952
0x3953
0x3954
0x3955
0x3956
0x3957
0x3958
0x3959
0x395a
0x395b
0x395c
0x395d
0x395e
0x395f
0x3960
0x3961
0x3962
0x3963
0x3964
0x3965
0x3966
0x3967
0x3968
0x3969
0x396a
0x396b
0x396c
0x396d
0x396e
0x396f
0x3970
0x3971
0x3972
0x3973
0x3974
0x3975
0x3976
0x3977
0x3979
0x397a
0x3982
0x398a
0x3992
0x399a
0x39a2
0x39a3
0x39a5
0x39a6
0x39ae
0x39b6
0x39be
0x39c6
0x39ce
0x39cf
0x39d0
0x39d1
0x39d6
0x39d7
0x39d8
0x39d9
0x39da
0x39db
0x39dc
0x39dd
0x39de
0x39df
0x39e0
0x39e1
0x39e2
0x39e3
0x39e4
0x39e5
0x39e6
0x39e7
0x39e8
0x39e9
0x39ea
0x39eb
0x39ec
0x39ed
0x39ee
0x39ef
0x39f0
0x39f1
0x39f2
0x39f3
0x39f4
0x39f5
0x39f6
0x39f7
0x39f8
0x39f9
0x39fa
0x39fb
0x39fc
0x39fd
0x39fe
0x39ff
0x3a00
0x3a01
0x3a02
0x3a03
0x3a04
0x3a05
0x3a06
0x3a07
0x3a08
0x3a09
0x3a0a
0x3a0b
0x3a0c
0x3a0d
0x3a0e
0x3a0f
0x3a10
0x3a11
0x3a12
0x3a13
0x3a14
0x3a15
0x3a16
0x3a17
0x3a18
0x3a19
0x3a1a
0x3a1b
0x3a1e
0x3a1f
0x3a20
0x3a21
0x3a22
0x3a23
0x3a24
0x3a25
0x3a26
0x3a27
0x3a28
0x3a29
0x3a2a
0x3a2b
0x3a2c
0x3a2d
0x3a2e
0x3a2f
0x3a30
0x3a31
0x3a32
0x3a33
0x3a34
0x3a35
0x3a36
0x3a37
0x3a38
0x3a39
0x3a3a
0x3a3b
0x3a3c
0x3a3d
0x3a3e
0x3a3f
0x3a40
0x3a41
0x3a42
0x3a43
0x3a44
0x3a45
0x3a46
0x3a47
0x3a48
0x3a49
0x3a4a
0x3a50
0x3a58
0x3a59
0x3a5f
0x3a66
0x3a67
0x3a68
0x3a69
0x3a6a
0x3a6b
0x3a6c
0x3a6d
0x3a6e
0x3a6f
0x3a71
0x3a72
0x3a73
0x3a75
0x3a76
0x3a77
0x3a78
0x3a79
0x3a7a
0x3a7b
0x3a7c
0x3a7d
0x3a7e
0x3a7f
0x3a80
0x3a83
0x3a84
0x3a8c
0x3a94
0x3a9c
0x3aa4
0x3aac
0x3aad
0x3aaf
0x3ab0
0x3ab8
0x3ac0
0x3ac8
0x3ad0
0x3ad8
0x3ad9
0x3ada
0x3adb
0x3adc
0x3add
0x3ade
0x3adf
0x3ae0
0x3ae1
0x3ae2
0x3ae3
0x3ae5
0x3ae6
0x3ae7
0x3ae8
0x3ae9
0x3aea
0x3aeb
0x3aec
0x3aed
0x3aee
0x3aef
0x3af0
0x3af1
0x3af2
0x3af3
0x3af4
0x3af5
0x3af6
0x3af7
0x3af8
0x3af9
0x3afa
0x3afb
0x3afc
0x3afd
0x3afe
0x3aff
0x3b00
0x3b02
0x3b03
0x3b04
0x3b05
0x3b06
0x3b07
0x3b08
0x3b0a
0x3b0b
0x3b0c
0x3b0d
0x3b0e
0x3b0f
0x3b10
0x3b11
0x3b12
0x3b13
0x3b14
0x3b15
0x3b17
0x3b18
0x3b19
0x3b1a
0x3b1b
0x3b1c
0x3b1d
0x3b1e
0x3b1f
0x3b20
0x3b21
0x3b22
0x3b23
0x3b24
0x3b25
0x3b26
0x3b27
0x3b28
0x3b29
0x3b2b
0x3b2c
0x3b2d
0x3b2e
0x3b2f
0x3b33
0x3b36
0x3b37
0x3b38
0x3b39
0x3b3a
0x3b3b
0x3b3c
0x3b3d
0x3b3e
0x3b3f
0x3b40
0x3b41
0x3b42
0x3b43
0x3b44
0x3b45
0x3b46
0x3b47
0x3b48
0x3b49
0x3b4a
0x3b4b
0x3b4c
0x3b4d
0x3b51
0x3b52
0x3b53
0x3b54
0x3b55
0x3b56
0x3b57
0x3b58
0x3b59
0x3b5a
0x3b5b
0x3b5c
0x3b5d
0x3b5e
0x3b5f
0x3b60
0x3b61
0x3b62
0x3b63
0x3b64
0x3b65
0x3b66
0x3b67
0x3b68
0x3b69
0x3b6a
0x3b6b
0x3b6c
0x3b6d
0x3b6e
0x3b6f
0x3b70
0x3b71
0x3b72
0x3b73
0x3b74
0x3b75
0x3b76
0x3b77
0x3b78
0x3b79
0x3b7a
0x3b7b
0x3b7c
0x3b7d
0x3b7e
0x3b7f
0x3b80
0x3b81
0x3b82
0x3b83
0x3b84
0x3b85
0x3b87
0x3b88
0x3b89
0x3b8b
0x3b8c
0x3b8d
0x3b8e
0x3b8f
0x3b90
0x3b91
0x3b92
0x3b93
0x3b94
0x3b95
0x3b96
0x3b97
0x3b9b
0x3b9c
0x3b9d
0x3b9e
0x3b9f
0x3ba1
0x3ba2
0x3ba3
0x3ba5
0x3ba6
0x3ba7
0x3ba8
0x3ba9
0x3baa
0x3bab
0x3bac
0x3bad
0x3bb0
0x3bb1
0x3bb3
0x3bb4
0x3bbc
0x3bc4
0x3bcc
0x3bd4
0x3bdc
0x3bdd
0x3bdf
0x3be0
0x3be8
0x3bf0
0x3bf8
0x3c00
0x3c08
0x3c09
0x3c0a
0x3c0b
0x3c0d
0x3c0e
0x3c16
0x3c1e
0x3c26
0x3c2e
0x3c36
0x3c37
0x3c38
0x3c39
0x3c3a
0x3c3b
0x3c3c
0x3c3d
0x3c3e
0x3c3f
0x3c40
0x3c41
0x3c48
0x3c49
0x3c4a
0x3c4b
0x3c4c
0x3c4d
0x3c4e
0x3c4f
0x3c53
0x3c54
0x3c55
0x3c56
0x3c57
0x3c58
0x3c59
0x3c5a
0x3c5b
0x3c5c
0x3c5d
0x3c5e
0x3c5f
0x3c66
0x3c67
0x3c68
0x3c69
0x3c6a
0x3c6b
0x3c6c
0x3c6d
0x3c71
0x3c72
0x3c73
0x3c74
0x3c75
0x3c77
0x3c78
0x3c79
0x3c7a
0x3c7b
0x3c7c
0x3c7d
0x3c81
0x3c82
0x3c83
0x3c87
0x3c88
0x3c89
0x3c8a
0x3c8b
0x3c8c
0x3c8d
0x3c8e
0x3c8f
0x3c93
0x3c94
0x3c95
0x3c96
0x3c97
0x3c99
0x3c9a
0x3c9b
0x3c9d
0x3c9e
0x3c9f
0x3ca0
0x3ca1
0x3ca2
0x3ca3
0x3ca4
0x3ca5
0x3ca8
0x3ca9
0x3cab
0x3cac
0x3cb4
0x3cbc
0x3cc4
0x3ccc
0x3cd4
0x3cd5
0x3cd7
0x3cd8
0x3ce0
0x3ce8
0x3cf0
0x3cf8
0x3d00
0x3d01
0x3d02
0x3d03
0x3d05
0x3d06
0x3d0e
0x3d16
0x3d1e
0x3d26
0x3d2e
0x3d2f
0x3d30
0x3d31
0x3d32
0x3d33
0x3d34
0x3d35
0x3d36
0x3d37
0x3d38
0x3d39
0x3d40
0x3d41
0x3d42
0x3d43
0x3d44
0x3d45
0x3d46
0x3d47
0x3d4b
0x3d4c
0x3d4d
0x3d4e
0x3d4f
0x3d50
0x3d51
0x3d52
0x3d53
0x3d54
0x3d55
0x3d56
0x3d57
0x3d5e
0x3d5f
0x3d60
0x3d61
0x3d62
0x3d63
0x3d64
0x3d65
0x3d66
0x3d67
0x3d68
0x3d69
0x3d6d
0x3d6e
0x3d6f
0x3d76
0x3d77
0x3d78
0x3d79
0x3d7a
0x3d7b
0x3d7c
0x3d7d
0x3d81
0x3d82
0x3d83
0x3d84
0x3d85
0x3d87
0x3d88
0x3d89
0x3d8a
0x3d8b
0x3d8c
0x3d8d
0x3d91
0x3d92
0x3d93
0x3d97
0x3d98
0x3d99
0x3d9a
0x3d9b
0x3d9d
0x3d9e
0x3d9f
0x3da1
0x3da2
0x3da3
0x3da4
0x3da5
0x3da6
0x3da7
0x3da8
0x3da9
0x3dac
0x3dad
0x3daf
0x3db0
0x3db8
0x3dc0
0x3dc8
0x3dd0
0x3dd8
0x3dd9
0x3dda
0x3ddb
0x3ddc
0x3ddd
0x3dde
0x3ddf
0x3de3
0x3de4
0x3de5
0x3de6
0x3de7
0x3de8
0x3de9
0x3dea
0x3deb
0x3dec
0x3ded
0x3dee
0x3def
0x3df7
0x3dff
0x3e07
0x3e0f
0x3e17
0x3e1f
0x3e27
0x3e2f
0x3e37
0x3e3f
0x3e47
0x3e48
0x3e49
0x3e4a
0x3e4b
0x3e4c
0x3e4d
0x3e4e
0x3e4f
0x3e50
0x3e51
0x3e53
0x3e54
0x3e55
0x3e56
0x3e57
0x3e58
0x3e59
0x3e5a
0x3e5b
0x3e5c
0x3e5d
0x3e5e
0x3e5f
0x3e60
0x3e61
0x3e62
0x3e63
0x3e64
0x3e65
0x3e66
0x3e67
0x3e68
0x3e69
0x3e6b
0x3e6c
0x3e74
0x3e7c
0x3e84
0x3e8c
0x3e94
0x3e95
0x3e97
0x3e98
0x3ea0
0x3ea8
0x3eb0
0x3eb8
0x3ec0
0x3ec1
0x3ec2
0x3ec3
0x3ec4
0x3ec5
0x3ec6
0x3ec7
0x3ec8
0x3ec9
0x3eca
0x3ecb
0x3ecd
0x3ece
0x3ecf
0x3ed0
0x3ed1
0x3ed2
0x3ed3
0x3ed4
0x3ed5
0x3ed6
0x3ed7
0x3ed8
0x3ed9
0x3eda
0x3edb
0x3edc
0x3edd
0x3ede
0x3edf
0x3ee0
0x3ee1
0x3ee2
0x3ee3
0x3ee4
0x3ee5
0x3ee6
0x3ee7
0x3ee8
0x3ee9
0x3eea
0x3eeb
0x3ef3
0x3ef4
0x3ef5
0x3ef6
0x3ef7
0x3eff
0x3f06
0x3f07
0x3f0e
0x3f0f
0x3f10
0x3f11
0x3f12
0x3f15
0x3f16
0x3f17
0x3f1b
0x3f1c
0x3f1d
0x3f21
0x3f22
0x3f23
0x3f24
0x3f25
0x3f2d
0x3f2f
0x3f30
0x3f31
0x3f32
0x3f33
0x3f34
0x3f35
0x3f3d
0x3f3e
0x3f3f
0x3f41
0x3f42
0x3f43
0x3f44
0x3f45
0x3f49
0x3f4d
0x3f4e
0x3f4f
0x3f50
0x3f51
0x3f52
0x3f53
0x3f54
0x3f55
0x3f56
0x3f57
0x3f58
0x3f59
0x3f5a
0x3f5b
0x3f5c
0x3f5d
0x3f5e
0x3f5f
0x3f60
0x3f61
0x3f62
0x3f63
0x3f64
0x3f65
0x3f69
0x3f6a
0x3f6b
0x3f6c
0x3f6d
0x3f6f
0x3f70
0x3f71
0x3f73
0x3f74
0x3f75
0x3f76
0x3f77
0x3f78
0x3f79
0x3f7a
0x3f7b
0x3f7e
0x3f7f
0x3f81
0x3f82
0x3f8a
0x3f92
0x3f9a
0x3fa2
0x3faa
0x3fab
0x3fad
0x3fae
0x3fb6
0x3fbe
0x3fc6
0x3fce
0x3fd6
0x3fd7
0x3fd8
0x3fd9
0x3fdb
0x3fdc
0x3fe4
0x3fec
0x3ff4
0x3ffc
0x4004
0x4005
0x4006
0x4007
0x4008
0x4009
0x400a
0x400b
0x400c
0x400d
0x400e
0x400f
0x4010
0x4011
0x4018
0x4019
0x401a
0x401b
0x401c
0x401d
0x4021
0x4022
0x4023
0x4024
0x4025
0x4026
0x4027
0x4028
0x4029
0x402a
0x402b
0x402c
0x402d
0x402e
0x402f
0x4032
0x4033
0x4034
0x4035
0x4037
0x4038
0x4040
0x4048
0x4050
0x4058
0x4060
0x4061
0x4062
0x4064
0x4065
0x4067
0x4068
0x4069
0x406b
0x406c
0x4074
0x407c
0x4084
0x408c
0x4094
0x4095
0x4096
0x4097
0x4098
0x409b
0x409c
0x409d
0x409e
0x409f
0x40a0
0x40a1
0x40a5
0x40a6
0x40a7
0x40ab
0x40ac
0x40ad
0x40ae
0x40af
0x40b0
0x40b1
0x40b2
0x40b3
0x40b7
0x40b8
0x40b9
0x40ba
0x40bb
0x40bd
0x40be
0x40bf
0x40c1
0x40c2
0x40c3
0x40c4
0x40c5
0x40c6
0x40c7
0x40c8
0x40c9
0x40cc
0x40cd
0x40cf
0x40d0
0x40d8
0x40e0
0x40e8
0x40f0
0x40f8
0x40f9
0x40fb
0x40fc
0x4104
0x410c
0x4114
0x411c
0x4124
0x4125
0x4126
0x4127
0x4129
0x412a
0x4132
0x413a
0x4142
0x414a
0x4152
0x4153
0x4154
0x4155
0x4156
0x4157
0x4158
0x4159
0x415a
0x415b
0x415c
0x415d
0x415e
0x4162
0x4163
0x4164
0x4165
0x4166
0x4167
0x4168
0x4169
0x416a
0x416b
0x416f
0x4170
0x4171
0x4172
0x4173
0x4174
0x4175
0x4176
0x4177
0x4178
0x4179
0x417a
0x417b
0x417c
0x4181
0x4182
0x4183
0x4184
0x4185
0x4186
0x4187
0x4188
0x4189
0x418a
0x418b
0x418c
0x418d
0x4191
0x4192
0x4193
0x4194
0x419a
0x419b
0x419c
0x419d
0x419e
0x419f
0x41a0
0x41a1
0x41a5
0x41a6
0x41a7
0x41a8
0x41a9
0x41ab
0x41ac
0x41ad
0x41ae
0x41af
0x41b0
0x41b1
0x41b5
0x41b6
0x41b7
0x41bb
0x41bc
0x41bd
0x41be
0x41bf
0x41c1
0x41c2
0x41c3
0x41c5
0x41c6
0x41c7
0x41c8
0x41c9
0x41ca
0x41cb
0x41cc
0x41cd
0x41d0
0x41d1
0x41d3
0x41d4
0x41dc
0x41e4
0x41ec
0x41f4
0x41fc
0x41fd
0x41ff
0x4200
0x4208
0x4210
0x4218
0x4220
0x4228
0x4229
0x422a
0x422b
0x422d
0x422e
0x4236
0x423e
0x4246
0x424e
0x4256
0x4257
0x4258
0x4259
0x425a
0x425b
0x425c
0x425d
0x425e
0x425f
0x4260
0x4261
0x4262
0x4264
0x4266
0x4267
0x4268
0x4269
0x426a
0x426b
0x426c
0x426d
0x426e
0x426f
0x4273
0x4274
0x4275
0x4276
0x4277
0x4278
0x4279
0x427a
0x427b
0x427c
0x427d
0x427e
0x427f
0x4280
0x4281
0x4284
0x4285
0x4286
0x4287
0x4289
0x428a
0x4292
0x429a
0x42a2
0x42aa
0x42b2
0x42b3
0x42b4
0x42b6
0x42b7
0x42b9
0x42ba
0x42bb
0x42bd
0x42be
0x42c6
0x42ce
0x42d6
0x42de
0x42e6
0x42e7
0x42e8
0x42e9
0x42ea
0x42ed
0x42ee
0x42ef
0x42f0
0x42f1
0x42f2
0x42f3
0x42f7
0x42f8
0x42f9
0x42fd
0x42fe
0x42ff
0x4301
0x4302
0x430a
0x4312
0x431a
0x4322
0x432a
0x432b
0x432c
0x432d
0x432e
0x432f
0x4330
0x4331
0x4332
0x4333
0x4334
0x4338
0x4339
0x433a
0x433b
0x433c
0x433d
0x433e
0x433f
0x4340
0x4341
0x4345
0x4346
0x4347
0x4348
0x4349
0x434a
0x434b
0x434c
0x434d
0x434f
0x4350
0x4358
0x4360
0x4368
0x4370
0x4378
0x4379
0x437b
0x437c
0x4384
0x438c
0x4394
0x439c
0x43a4
0x43a5
0x43a6
0x43a7
0x43a8
0x43a9
0x43aa
0x43ab
0x43ac
0x43ad
0x43ae
0x43af
0x43b1
0x43b2
0x43b3
0x43b4
0x43b5
0x43b6
0x43b7
0x43b8
0x43b9
0x43ba
0x43bb
0x43bc
0x43bd
0x43be
0x43bf
0x43c0
0x43c1
0x43c2
0x43c3
0x43c4
0x43c5
0x43c6
0x43c7
0x43c9
0x43ca
0x43d2
0x43da
0x43e2
0x43ea
0x43f2
0x43f3
0x43f5
0x43f6
0x43fe
0x4406
0x440e
0x4416
0x441e
0x441f
0x4420
0x4421
0x4422
0x4423
0x4424
0x4425
0x4426
0x4427
0x4428
0x4429
0x442b
0x442c
0x442d
0x442e
0x442f
0x4430
0x4431
0x4432
0x4433
0x4434
0x4435
0x4436
0x4437
0x4438
0x4439
0x443a
0x443b
0x443c
0x443d
0x443e
0x443f
0x4440
0x4441
0x4442
0x4443
0x4444
0x4445
0x4446
0x4448
0x444a
0x444b
0x444c
0x444d
0x444e
0x444f
0x4450
0x4451
0x4452
0x4453
0x4457
0x4458
0x445b
0x445c
0x445d
0x445e
0x445f
0x4460
0x4461
0x4462
0x4463
0x4465
0x4466
0x446e
0x4476
0x447e
0x4486
0x448e
0x448f
0x4491
0x4492
0x449a
0x44a2
0x44aa
0x44b2
0x44ba
0x44bb
0x44bc
0x44bd
0x44be
0x44bf
0x44c0
0x44c1
0x44c2
0x44c3
0x44c4
0x44c5
0x44c7
0x44c8
0x44c9
0x44ca
0x44cb
0x44cc
0x44cd
0x44ce
0x44cf
0x44d0
0x44d1
0x44d2
0x44d3
0x44d4
0x44d5
0x44d6
0x44d7
0x44d8
0x44d9
0x44da
0x44db
0x44dc
0x44dd
0x44df
0x44e0
0x44e8
0x44f0
0x44f8
0x4500
0x4508
0x4509
0x450b
0x450c
0x4514
0x451c
0x4524
0x452c
0x4534
0x4535
0x4536
0x4537
0x4538
0x4539
0x453a
0x453b
0x453c
0x453d
0x453e
0x453f
0x4541
0x4542
0x4543
0x4544
0x4545
0x4546
0x4547
0x4548
0x4549
0x454a
0x454b
0x454c
0x454d
0x454e
0x454f
0x4550
0x4551
0x4552
0x4553
0x4554
0x4555
0x4556
0x4557
0x4558
0x4559
0x455a
0x4562
0x4563
0x4564
0x4565
0x4566
0x4567
0x4568
0x4569
0x456b
0x456c
0x4574
0x457c
0x4584
0x458c
0x4594
0x4595
0x4597
0x4598
0x45a0
0x45a8
0x45b0
0x45b8
0x45c0
0x45c1
0x45c2
0x45c3
0x45c4
0x45c5
0x45c6
0x45c7
0x45c8
0x45c9
0x45ca
0x45cb
0x45cd
0x45ce
0x45cf
0x45d0
0x45d1
0x45d2
0x45d3
0x45d4
0x45d5
0x45d6
0x45d7
0x45d8
0x45d9
0x45da
0x45db
0x45dc
0x45dd
0x45de
0x45df
0x45e0
0x45e1
0x45e2
0x45e3
0x45e5
0x45e6
0x45ee
0x45f6
0x45fe
0x4606
0x460e
0x460f
0x4611
0x4612
0x461a
0x4622
0x462a
0x4632
0x463a
0x463b
0x463c
0x463d
0x463e
0x463f
0x4640
0x4641
0x4642
0x4643
0x4644
0x4645
0x4647
0x4648
0x4649
0x464a
0x464b
0x464c
0x464d
0x464e
0x464f
0x4650
0x4651
0x4652
0x4653
0x4654
0x4655
0x4656
0x4657
0x4658
0x4659
0x465b
0x465c
0x465d
0x465e
0x465f
0x4660
0x4661
0x4663
0x4664
0x466c
0x4674
0x467c
0x4684
0x468c
0x468d
0x468e
0x468f
0x4690
0x4693
0x4695
0x469a
0x469b
0x469c
0x469d
0x469e
0x469f
0x46a0
0x46a1
0x46a2
0x46a3
0x46a4
0x46a5
0x46a6
0x46a7
0x46a8
0x46a9
0x46aa
0x46ab
0x46ac
0x46ad
0x46ae
0x46af
0x46b0
0x46b1
0x46b2
0x46b3
0x46b4
0x46b5
0x46b6
0x46b7
0x46b8
0x46c0
0x46c1
0x46c3
0x46c8
0x46c9
0x46ca
0x46cb
0x46cc
0x46cd
0x46ce
0x46cf
0x46d0
0x46d1
0x46d2
0x46d3
0x46d4
0x46d5
0x46d6
0x46d7
0x46d8
0x46d9
0x46da
0x46db
0x46dc
0x46dd
0x46de
0x46df
0x46e0
0x46e1
0x46e2
0x46e3
0x46e4
0x46e5
0x46e6
0x46e7
0x46e8
0x46e9
0x46ea
0x46eb
0x46ec
0x46ed
0x46ee
0x46ef
0x46f0
0x46f1
0x46f2
0x46f3
0x46f4
0x46f5
0x46f6
0x46f7
0x46f8
0x46f9
0x46fa
0x46fb
0x46fc
0x46fd
0x46fe
0x46ff
0x4700
0x4701
0x4702
0x4703
0x4704
0x4705
0x4706
0x4707
0x4708
0x4709
0x470a
0x470b
0x470c
0x470d
0x470f
0x4710
0x4718
0x4720
0x4728
0x4730
0x4738
0x4739
0x473b
0x473c
0x4744
0x474c
0x4754
0x475c
0x4764
0x4765
0x4766
0x4767
0x4768
0x4769
0x476a
0x476b
0x476c
0x476d
0x476e
0x476f
0x4770
0x4771
0x4772
0x4773
0x4774
0x4775
0x4776
0x4777
0x4778
0x4779
0x477a
0x477b
0x477d
0x477e
0x477f
0x4780
0x4781
0x4782
0x4783
0x4784
0x4785
0x4786
0x4787
0x4788
0x4789
0x478a
0x478b
0x478c
0x478d
0x478e
0x478f
0x4790
0x4791
0x4792
0x4793
0x4794
0x4795
0x4796
0x4797
0x4798
0x4799
0x479a
0x479c
0x479d
0x479e
0x479f
0x47a3
0x47a4
0x47a5
0x47a6
0x47a7
0x47a8
0x47ae
0x47af
0x47b3
0x47b4
0x47b5
0x47b8
0x47c0
0x47c1
0x47c2
0x47c9
0x47cd
0x47ce
0x47cf
0x47d0
0x47d1
0x47d2
0x47d3
0x47d4
0x47d5
0x47d6
0x47d7
0x47d8
0x47d9
0x47db
0x47dc
0x47dd
0x47de
0x47df
0x47e0
0x47e1
0x47e2
0x47e3
0x47e4
0x47e5
0x47e6
0x47ee
0x47ef
0x47f0
0x47f1
0x47f2
0x47f3
0x47f7
0x47f8
0x47f9
0x47fa
0x47fb
0x47fc
0x47fd
0x4800
0x4803
0x480b
0x480c
0x480d
0x480e
0x4816
0x4817
0x4818
0x4819
0x481a
0x481b
0x481c
0x4822
0x4823
0x482b
0x482c
0x482f
0x4832
0x4836
0x4837
0x4838
0x4839
0x483a
0x483b
0x483c
0x483d
0x483e
0x483f
0x4840
0x4841
0x4842
0x4843
0x4844
0x4847
0x4848
0x4850
0x4858
0x4860
0x4868
0x4870
0x4871
0x4873
0x4874
0x487c
0x4884
0x488c
0x4894
0x489c
0x489d
0x489e
0x489f
0x48a0
0x48a1
0x48a2
0x48a3
0x48a4
0x48a5
0x48a6
0x48a7
0x48a9
0x48aa
0x48ab
0x48ac
0x48ad
0x48ae
0x48af
0x48b0
0x48b1
0x48b2
0x48b3
0x48b4
0x48b5
0x48b6
0x48b7
0x48b8
0x48b9
0x48ba
0x48bb
0x48bc
0x48bd
0x48be
0x48bf
0x48c1
0x48c2
0x48ca
0x48d2
0x48da
0x48e2
0x48ea
0x48eb
0x48ed
0x48ee
0x48f6
0x48fe
0x4906
0x490e
0x4916
0x4917
0x4918
0x4919
0x491a
0x491b
0x491c
0x491d
0x491e
0x491f
0x4920
0x4921
0x4923
0x4924
0x4925
0x4926
0x4927
0x4928
0x4929
0x492a
0x492b
0x492c
0x492d
0x492e
0x492f
0x4930
0x4931
0x4932
0x4933
0x4934
0x4935
0x4936
0x4937
0x4938
0x4939
0x493a
0x493b
0x493c
0x493d
0x493e
0x493f
0x4941
0x4942
0x494a
0x4952
0x495a
0x4962
0x496a
0x496b
0x496d
0x496e
0x4976
0x497e
0x4986
0x498e
0x4996
0x4997
0x4998
0x4999
0x499a
0x499b
0x499c
0x499d
0x499e
0x499f
0x49a0
0x49a1
0x49a2
0x49a3
0x49a5
0x49a6
0x49ae
0x49b6
0x49be
0x49c6
0x49ce
0x49cf
0x49d1
0x49d2
0x49da
0x49e2
0x49ea
0x49f2
0x49fa
0x49fb
0x49fc
0x49fd
0x49fe
0x49ff
0x4a00
0x4a01
0x4a02
0x4a03
0x4a04
0x4a05
0x4a06
0x4a07
0x4a08
0x4a09
0x4a0a
0x4a0b
0x4a0c
0x4a0d
0x4a0e
0x4a0f
0x4a10
0x4a11
0x4a12
0x4a13
0x4a14
0x4a15
0x4a16
0x4a17
0x4a18
0x4a19
0x4a1a
0x4a1b
0x4a1c
0x4a1d
0x4a1f
0x4a20
0x4a21
0x4a22
0x4a23
0x4a24
0x4a25
0x4a26
0x4a27
0x4a28
0x4a29
0x4a2a
0x4a2b
0x4a2c
0x4a2d
0x4a2e
0x4a2f
0x4a30
0x4a31
0x4a33
0x4a34
0x4a35
0x4a37
0x4a38
0x4a3b
0x4a3f
0x4a40
0x4a41
0x4a42
0x4a43
0x4a48
0x4a49
0x4a4a
0x4a4b
0x4a4c
0x4a4d
0x4a4e
0x4a4f
0x4a50
0x4a51
0x4a52
0x4a53
0x4a54
0x4a55
0x4a56
0x4a57
0x4a58
0x4a59
0x4a5a
0x4a5b
0x4a5c
0x4a5d
0x4a5e
0x4a5f
0x4a60
0x4a61
0x4a62
0x4a63
0x4a64
0x4a65
0x4a66
0x4a67
0x4a68
0x4a69
0x4a6a
0x4a6b
0x4a6c
0x4a6d
0x4a6e
0x4a6f
0x4a70
0x4a71
0x4a72
0x4a73
0x4a74
0x4a75
0x4a76
0x4a77
0x4a78
0x4a79
0x4a7a
0x4a7b
0x4a7d
0x4a7e
0x4a7f
0x4a81
0x4a82
0x4a83
0x4a85
0x4a86
0x4a87
0x4a89
0x4a8a
0x4a8b
0x4a8c
0x4a8d
0x4a8e
0x4a8f
0x4a90
0x4a91
0x4a94
0x4a95
0x4a96
0x4a97
0x4a98
0x4aa0
0x4aa1
0x4aa5
0x4aa6
0x4aa7
0x4aa8
0x4aa9
0x4aaa
0x4aab
0x4aac
0x4aad
0x4ab1
0x4ab2
0x4ab7
0x4ab8
0x4ab9
0x4aba
0x4abb
0x4abc
0x4abd
0x4abe
0x4abf
0x4ac1
0x4ac2
0x4aca
0x4ad2
0x4ada
0x4ae2
0x4aea
0x4aeb
0x4aec
0x4aed
0x4aee
0x4aef
0x4af0
0x4af1
0x4af2
0x4af3
0x4af4
0x4af5
0x4af7
0x4af8
0x4af9
0x4afa
0x4afb
0x4afc
0x4afd
0x4afe
0x4aff
0x4b00
0x4b01
0x4b02
0x4b03
0x4b04
0x4b05
0x4b06
0x4b07
0x4b08
0x4b09
0x4b0a
0x4b0b
0x4b0c
0x4b0d
0x4b0f
0x4b10
0x4b18
0x4b20
0x4b28
0x4b30
0x4b38
0x4b39
0x4b3b
0x4b3c
0x4b44
0x4b4c
0x4b54
0x4b5c
0x4b64
0x4b65
0x4b66
0x4b67
0x4b68
0x4b69
0x4b6a
0x4b6b
0x4b6c
0x4b6d
0x4b6e
0x4b6f
0x4b71
0x4b72
0x4b73
0x4b74
0x4b75
0x4b76
0x4b77
0x4b78
0x4b79
0x4b7a
0x4b7b
0x4b7c
0x4b7d
0x4b7e
0x4b7f
0x4b80
0x4b81
0x4b82
0x4b83
0x4b84
0x4b85
0x4b86
0x4b87
0x4b88
0x4b89
0x4b8e
0x4b8f
0x4b93
0x4b94
0x4b95
0x4b96
0x4b97
0x4b98
0x4b99
0x4b9a
0x4b9b
0x4b9d
0x4b9e
0x4ba6
0x4bae
0x4bb6
0x4bbe
0x4bc6
0x4bc7
0x4bc8
0x4bc9
0x4bca
0x4bcb
0x4bcc
0x4bcd
0x4bce
0x4bcf
0x4bd0
0x4bd1
0x4bd3
0x4bd4
0x4bd5
0x4bd6
0x4bd7
0x4bd8
0x4bd9
0x4bda
0x4bdb
0x4bdc
0x4bdd
0x4bde
0x4bdf
0x4be0
0x4be1
0x4be2
0x4be3
0x4be4
0x4be5
0x4be6
0x4be7
0x4be8
0x4be9
0x4beb
0x4bec
0x4bf4
0x4bfc
0x4c04
0x4c0c
0x4c14
0x4c15
0x4c17
0x4c18
0x4c20
0x4c28
0x4c30
0x4c38
0x4c40
0x4c41
0x4c42
0x4c43
0x4c44
0x4c45
0x4c46
0x4c47
0x4c48
0x4c49
0x4c4a
0x4c4b
0x4c4d
0x4c4e
0x4c4f
0x4c50
0x4c51
0x4c52
0x4c53
0x4c54
0x4c55
0x4c56
0x4c57
0x4c58
0x4c59
0x4c5a
0x4c5b
0x4c5c
0x4c5d
0x4c5e
0x4c5f
0x4c61
0x4c62
0x4c63
0x4c64
0x4c65
0x4c67
0x4c6f
0x4c70
0x4c71
0x4c72
0x4c73
0x4c7b
0x4c7c
0x4c7e
0x4c85
0x4c8c
0x4c8d
0x4c8f
0x4c90
0x4c91
0x4c98
0x4c99
0x4c9b
0x4c9c
0x4c9d
0x4c9e
0x4c9f
0x4ca0
0x4ca8
0x4ca9
0x4caa
0x4cab
0x4cac
0x4cad
0x4cae
0x4caf
0x4cb0
0x4cb1
0x4cb2
0x4cb3
0x4cb4
0x4cb5
0x4cb6
0x4cb7
0x4cb8
0x4cb9
0x4cba
0x4cbb
0x4cbd
0x4cbe
0x4cc6
0x4cce
0x4cd6
0x4cde
0x4ce6
0x4ce7
0x4ce8
0x4ce9
0x4cea
0x4ceb
0x4cec
0x4ced
0x4cee
0x4cef
0x4cf0
0x4cf1
0x4cf3
0x4cf4
0x4cf5
0x4cf6
0x4cf7
0x4cf8
0x4cf9
0x4cfa
0x4cfb
0x4cfc
0x4cfd
0x4cfe
0x4cff
0x4d00
0x4d01
0x4d02
0x4d03
0x4d04
0x4d05
0x4d06
0x4d07
0x4d08
0x4d09
0x4d0b
0x4d0c
0x4d14
0x4d1c
0x4d24
0x4d2c
0x4d34
0x4d35
0x4d37
0x4d38
0x4d40
0x4d48
0x4d50
0x4d58
0x4d60
0x4d61
0x4d62
0x4d63
0x4d64
0x4d65
0x4d66
0x4d67
0x4d68
0x4d69
0x4d6a
0x4d6b
0x4d6d
0x4d6e
0x4d6f
0x4d70
0x4d71
0x4d72
0x4d73
0x4d74
0x4d75
0x4d76
0x4d77
0x4d78
0x4d79
0x4d7a
0x4d7b
0x4d7c
0x4d7d
0x4d7e
0x4d7f
0x4d80
0x4d81
0x4d82
0x4d83
0x4d84
0x4d85
0x4d86
0x4d87
0x4d88
0x4d89
0x4d8b
0x4d8c
0x4d94
0x4d9c
0x4da4
0x4dac
0x4db4
0x4db5
0x4db6
0x4db7
0x4db8
0x4db9
0x4dba
0x4dbb
0x4dbc
0x4dbd
0x4dbe
0x4dbf
0x4dc0
0x4dc1
0x4dc3
0x4dc4
0x4dcc
0x4dd4
0x4ddc
0x4de4
0x4dec
0x4ded
0x4def
0x4df0
0x4df8
0x4e00
0x4e08
0x4e10
0x4e18
0x4e19
0x4e1a
0x4e1b
0x4e1c
0x4e1d
0x4e1e
0x4e1f
0x4e20
0x4e21
0x4e22
0x4e23
0x4e24
0x4e25
0x4e26
0x4e27
0x4e28
0x4e29
0x4e2a
0x4e2b
0x4e2c
0x4e2d
0x4e2e
0x4e2f
0x4e30
0x4e31
0x4e32
0x4e33
0x4e34
0x4e35
0x4e36
0x4e37
0x4e38
0x4e39
0x4e3a
0x4e3b
0x4e3d
0x4e3e
0x4e3f
0x4e40
0x4e41
0x4e42
0x4e43
0x4e44
0x4e45
0x4e46
0x4e47
0x4e48
0x4e49
0x4e4a
0x4e4b
0x4e4c
0x4e4d
0x4e4e
0x4e4f
0x4e51
0x4e52
0x4e53
0x4e55
0x4e56
0x4e59
0x4e5d
0x4e61
0x4e62
0x4e63
0x4e64
0x4e65
0x4e67
0x4e68
0x4e69
0x4e6b
0x4e6c
0x4e6d
0x4e6e
0x4e6f
0x4e70
0x4e71
0x4e72
0x4e73
0x4e76
0x4e77
0x4e79
0x4e7a
0x4e82
0x4e8a
0x4e92
0x4e9a
0x4ea2
0x4ea3
0x4ea5
0x4ea6
0x4eae
0x4eb6
0x4ebe
0x4ec6
0x4ece
0x4ecf
0x4ed0
0x4ed1
0x4ed3
0x4ed4
0x4edc
0x4ee4
0x4eec
0x4ef4
0x4efc
0x4efd
0x4efe
0x4eff
0x4f00
0x4f01
0x4f02
0x4f03
0x4f04
0x4f05
0x4f06
0x4f08
0x4f09
0x4f0c
0x4f0d
0x4f0e
0x4f0f
0x4f10
0x4f11
0x4f12
0x4f13
0x4f14
0x4f15
0x4f19
0x4f1a
0x4f1b
0x4f1c
0x4f1d
0x4f1e
0x4f1f
0x4f20
0x4f21
0x4f22
0x4f23
0x4f24
0x4f25
0x4f26
0x4f27
0x4f2a
0x4f2b
0x4f2c
0x4f2d
0x4f2f
0x4f30
0x4f38
0x4f40
0x4f48
0x4f50
0x4f58
0x4f59
0x4f5a
0x4f5c
0x4f5d
0x4f5f
0x4f60
0x4f61
0x4f63
0x4f64
0x4f6c
0x4f74
0x4f7c
0x4f84
0x4f8c
0x4f8d
0x4f8e
0x4f8f
0x4f90
0x4f93
0x4f94
0x4f95
0x4f96
0x4f97
0x4f98
0x4f99
0x4f9d
0x4f9e
0x4f9f
0x4fa3
0x4fa4
0x4fa5
0x4fa6
0x4fa7
0x4fa9
0x4faa
0x4fab
0x4fad
0x4fae
0x4faf
0x4fb0
0x4fb1
0x4fb2
0x4fb3
0x4fb4
0x4fb5
0x4fb8
0x4fb9
0x4fbb
0x4fbc
0x4fc4
0x4fcc
0x4fd4
0x4fdc
0x4fe4
0x4fe5
0x4fe6
0x4fe7
0x4fe8
0x4fe9
0x4fea
0x4feb
0x4fef
0x4ff0
0x4ff1
0x4ff2
0x4ff3
0x4ff4
0x4ff5
0x4ff6
0x4ff7
0x4ff8
0x4ff9
0x4ffb
0x4ffc
0x5004
0x500c
0x5014
0x501c
0x5024
0x5025
0x5027
0x5028
0x5030
0x5038
0x5040
0x5048
0x5050
0x5051
0x5052
0x5053
0x5054
0x5055
0x5056
0x5057
0x5058
0x5059
0x505a
0x505b
0x505d
0x505e
0x505f
0x5060
0x5061
0x5062
0x5063
0x5064
0x5065
0x5066
0x5067
0x5068
0x5069
0x506a
0x506b
0x506c
0x506d
0x506e
0x506f
0x5070
0x5071
0x5072
0x5073
0x5075
0x5076
0x507e
0x5086
0x508e
0x5096
0x509e
0x509f
0x50a1
0x50a2
0x50aa
0x50b2
0x50ba
0x50c2
0x50ca
0x50cb
0x50cc
0x50cd
0x50ce
0x50cf
0x50d0
0x50d1
0x50d2
0x50d3
0x50d4
0x50d5
0x50d7
0x50d8
0x50d9
0x50da
0x50db
0x50dc
0x50dd
0x50de
0x50df
0x50e0
0x50e1
0x50e2
0x50e3
0x50e4
0x50e5
0x50e6
0x50e7
0x50e8
0x50e9
0x50eb
0x50ec
0x50ed
0x50ee
0x50ef
0x50f3
0x50f4
0x50f5
0x50f6
0x50f7
0x50f8
0x50f9
0x50fa
0x50fb
0x50ff
0x5100
0x5101
0x5102
0x5103
0x5105
0x5106
0x5107
0x5109
0x510a
0x510b
0x510c
0x510d
0x510e
0x510f
0x5110
0x5111
0x5114
0x5115
0x5117
0x5118
0x5120
0x5128
0x5130
0x5138
0x5140
0x5141
0x5142
0x5143
0x5144
0x5145
0x5146
0x5147
0x514b
0x514c
0x514d
0x514e
0x514f
0x5150
0x5151
0x5152
0x5153
0x5154
0x5155
0x5156
0x5157
0x5158
0x5159
0x515a
0x515b
0x515c
0x515d
0x515e
0x515f
0x5167
0x516f
0x5170
0x5171
0x5172
0x5173
0x5174
0x5175
0x5176
0x5177
0x5178
0x5179
0x517a
0x517b
0x517c
0x517d
0x517e
0x517f
0x5180
0x5181
0x5182
0x5183
0x5184
0x5185
0x5187
0x5188
0x5190
0x5198
0x51a0
0x51a8
0x51b0
0x51b1
0x51b3
0x51b4
0x51bc
0x51c4
0x51cc
0x51d4
0x51dc
0x51dd
0x51de
0x51df
0x51e4
0x51e5
0x51e6
0x51e7
0x51e8
0x51e9
0x51ea
0x51eb
0x51ec
0x51ed
0x51ee
0x51ef
0x51f0
0x51f1
0x51f2
0x51f3
0x51f4
0x51f5
0x51f6
0x51f7
0x51f8
0x51f9
0x51fa
0x51fb
0x51fc
0x51fd
0x51fe
0x51ff
0x5200
0x5201
0x5202
0x5203
0x5204
0x5205
0x5206
0x5209
0x520a
0x5212
0x521a
0x5222
0x522a
0x5232
0x5233
0x5235
0x5236
0x523e
0x5246
0x524e
0x5256
0x525e
0x525f
0x5260
0x5261
0x5266
0x5267
0x5268
0x5269
0x526a
0x526b
0x526c
0x526d
0x526e
0x526f
0x5270
0x5271
0x5272
0x5273
0x5274
0x5275
0x5276
0x5277
0x5278
0x5279
0x527a
0x527b
0x527c
0x527d
0x527e
0x527f
0x5280
0x5281
0x5282
0x5283
0x5284
0x5285
0x5286
0x5287
0x5288
0x5289
0x528a
0x528b
0x528c
0x528d
0x528e
0x528f
0x5290
0x5291
0x5292
0x5293
0x5294
0x5295
0x5297
0x5298
0x52a0
0x52a8
0x52b0
0x52b8
0x52c0
0x52c1
0x52c3
0x52c4
0x52cc
0x52d4
0x52dc
0x52e4
0x52ec
0x52ed
0x52ee
0x52ef
0x52f4
0x52f5
0x52f6
0x52f7
0x52f8
0x52f9
0x52fa
0x52fb
0x52fc
0x52fd
0x52fe
0x52ff
0x5300
0x5301
0x5302
0x5303
0x5304
0x5305
0x5306
0x5307
0x5308
0x5309
0x530a
0x530b
0x530c
0x530d
0x530e
0x530f
0x5310
0x5311
0x5312
0x5313
0x5314
0x5315
0x5316
0x5317
0x5318
0x5319
0x531a
0x531b
0x531c
0x531d
0x531e
0x531f
0x5320
0x5321
0x5322
0x5323
0x5324
0x5325
0x5326
0x5327
0x5328
0x5329
0x532a
0x532b
0x532c
0x532d
0x532e
0x532f
0x5330
0x5331
0x5332
0x5333
0x5334
0x5335
0x5336
0x5337
0x5338
0x5339
0x533c
0x533d
0x533e
0x533f
0x5340
0x5341
0x5342
0x5343
0x5344
0x5345
0x5346
0x5347
0x5348
0x5349
0x534a
0x534b
0x534c
0x534d
0x534e
0x534f
0x5350
0x5351
0x5352
0x5353
0x5354
0x5355
0x5356
0x5357
0x5358
0x5359
0x535a
0x535b
0x535c
0x535d
0x535e
0x535f
0x5360
0x5361
0x5362
0x5363
0x5364
0x5365
0x5366
0x5367
0x5368
0x536e
0x5376
0x5378
0x537c
0x5384
0x5385
0x5386
0x5387
0x5388
0x5389
0x538a
0x538b
0x538c
0x538d
0x538f
0x5390
0x5391
0x5393
0x5394
0x5395
0x5396
0x5397
0x5398
0x539a
0x539b
0x539c
0x539d
0x539e
0x53a1
0x53a2
0x53aa
0x53b2
0x53ba
0x53c2
0x53ca
0x53cb
0x53cd
0x53ce
0x53d6
0x53de
0x53e6
0x53ee
0x53f6
0x53f7
0x53f8
0x53f9
0x53fa
0x53fb
0x53fc
0x53fd
0x53fe
0x53ff
0x5400
0x5401
0x5403
0x5404
0x5405
0x5406
0x5407
0x5408
0x5409
0x540a
0x540b
0x540c
0x540d
0x540e
0x540f
0x5410
0x5411
0x5412
0x5413
0x5414
0x5415
0x5416
0x5417
0x5418
0x5419
0x541a
0x541b
0x541c
0x541d
0x541e
0x5420
0x5421
0x5422
0x5423
0x5424
0x5425
0x5426
0x5428
0x5429
0x542a
0x542b
0x542c
0x542d
0x542e
0x542f
0x5430
0x5431
0x5432
0x5433
0x5435
0x5436
0x5437
0x5438
0x5439
0x543a
0x543b
0x543c
0x543d
0x543e
0x543f
0x5440
0x5441
0x5442
0x5443
0x5444
0x5445
0x5446
0x5447
0x5448
0x5449
0x544b
0x544c
0x544d
0x544f
0x5450
0x5451
0x5452
0x5453
0x5454
0x5455
0x5456
0x5457
0x545a
0x545b
0x545c
0x545d
0x545e
0x5466
0x5467
0x546c
0x546d
0x546e
0x5471
0x5472
0x547a
0x5482
0x548a
0x5492
0x549a
0x549b
0x549c
0x549d
0x549e
0x549f
0x54a0
0x54a1
0x54a2
0x54a3
0x54a4
0x54a5
0x54a6
0x54a7
0x54a8
0x54a9
0x54aa
0x54ab
0x54ad
0x54b5
0x54b6
0x54b7
0x54b9
0x54ba
0x54bb
0x54bd
0x54be
0x54bf
0x54c6
0x54c8
0x54c9
0x54d0
0x54d1
0x54d7
0x54d8
0x54d9
0x54da
0x54dc
0x54dd
0x54de
0x54df
0x54e2
0x54e3
0x54e4
0x54e5
0x54e6
0x54e7
0x54e8
0x54e9
0x54ea
0x54eb
0x54ec
0x54ed
0x54ee
0x54ef
0x54f0
0x54f1
0x54f2
0x54f3
0x54f4
0x54f5
0x54f6
0x54f7
0x54fc
0x54fd
0x54fe
0x54ff
0x5500
0x5502
0x5503
0x5504
0x5505
0x5506
0x5507
0x5508
0x550a
0x550b
0x550c
0x550d
0x550e
0x550f
0x5510
0x5511
0x5512
0x5513
0x5514
0x5515
0x5517
0x5518
0x5519
0x551a
0x551b
0x551c
0x551d
0x551e
0x551f
0x5520
0x5521
0x5522
0x5523
0x5525
0x5526
0x5527
0x5529
0x552a
0x552b
0x552c
0x552e
0x5530
0x5532
0x5533
0x5534
0x5535
0x5536
0x5537
0x5538
0x5539
0x553a
0x553b
0x553c
0x553d
0x553e
0x553f
0x5540
0x5541
0x5542
0x5543
0x5544
0x5545
0x5546
0x5547
0x5548
0x5549
0x554a
0x554b
0x554c
0x554d
0x554e
0x554f
0x5550
0x5551
0x5552
0x5553
0x5554
0x5555
0x5556
0x5557
0x5558
0x5559
0x555a
0x555b
0x555c
0x555d
0x555e
0x555f
0x5560
0x5561
0x5562
0x5563
0x5564
0x5565
0x5566
0x5567
0x5568
0x5569
0x556a
0x556b
0x556c
0x556e
0x556f
0x5570
0x5571
0x5572
0x5573
0x5574
0x5576
0x5577
0x5578
0x5579
0x557a
0x557b
0x557c
0x557d
0x557e
0x557f
0x5580
0x5581
0x5582
0x5583
0x5584
0x5585
0x5586
0x558e
0x558f
0x5590
0x5591
0x5592
0x5593
0x5594
0x5595
0x5596
0x5597
0x5598
0x5599
0x559a
0x559b
0x559c
0x559d
0x559e
0x559f
0x55a0
0x55a2
0x55a3
0x55a4
0x55a5
0x55a6
0x55a7
0x55a8
0x55aa
0x55ab
0x55ac
0x55ad
0x55ae
0x55af
0x55b0
0x55b1
0x55b2
0x55b3
0x55b4
0x55b5
0x55b6
0x55b7
0x55b8
0x55b9
0x55ba
0x55bb
0x55bc
0x55be
0x55bf
0x55c0
0x55c1
0x55c2
0x55c3
0x55c4
0x55c6
0x55c7
0x55c8
0x55c9
0x55ca
0x55cb
0x55cc
0x55cd
0x55ce
0x55cf
0x55d0
0x55d1
0x55d3
0x55d4
0x55d5
0x55d6
0x55d7
0x55d8
0x55d9
0x55da
0x55db
0x55dc
0x55dd
0x55de
0x55df
0x55e0
0x55e1
0x55e2
0x55e3
0x55e4
0x55e5
0x55e6
0x55e7
0x55e8
0x55e9
0x55ea
0x55eb
0x55ec
0x55ed
0x55ee
0x55ef
0x55f1
0x55f2
0x55f3
0x55f4
0x55f5
0x55f6
0x55f7
0x55f9
0x55fa
0x55fb
0x55fc
0x55fd
0x55fe
0x55ff
0x5600
0x5601
0x5602
0x5603
0x5604
0x560a
0x5612
0x5613
0x5618
0x5620
0x5621
0x5622
0x5623
0x5624
0x5625
0x5626
0x5627
0x5628
0x5629
0x562a
0x562b
0x562c
0x562d
0x562f
0x5630
0x5638
0x5640
0x5648
0x5650
0x5658
0x5659
0x565a
0x565b
0x565c
0x565d
0x5661
0x5662
0x5663
0x5664
0x5665
0x566a
0x566b
0x566c
0x566e
0x566f
0x5670
0x5671
0x5672
0x5673
0x5674
0x5675
0x5679
0x567a
0x567b
0x567c
0x567d
0x5682
0x5683
0x5684
0x5685
0x5687
0x5688
0x5689
0x568a
0x568b
0x568c
0x568d
0x5692
0x5693
0x5697
0x569b
0x56a1
0x56a2
0x56a3
0x56a4
0x56a5
0x56a9
0x56b1
0x56b9
0x56c1
0x56c9
0x56d1
0x56d3
0x56d4
0x56dc
0x56e4
0x56ec
0x56f4
0x56fc
0x56fd
0x56fe
0x56ff
0x5700
0x5701
0x5702
0x5703
0x5704
0x5705
0x5706
0x5707
0x5709
0x570a
0x570b
0x570c
0x570d
0x570e
0x570f
0x5710
0x5711
0x5712
0x5713
0x5714
0x5715
0x5716
0x5717
0x5718
0x5719
0x571a
0x571b
0x571c
0x571d
0x571e
0x571f
0x5720
0x5721
0x5722
0x5723
0x5724
0x5726
0x5727
0x5728
0x5729
0x572a
0x572b
0x572c
0x572e
0x572f
0x5730
0x5731
0x5732
0x5733
0x5734
0x5735
0x5736
0x5737
0x5738
0x5739
0x573b
0x573c
0x573d
0x573e
0x573f
0x5740
0x5741
0x5742
0x5743
0x5744
0x5745
0x5746
0x5747
0x5748
0x5749
0x574a
0x574b
0x574c
0x574d
0x574e
0x574f
0x5750
0x5751
0x5752
0x575a
0x575b
0x575c
0x575d
0x5760
0x5761
0x5766
0x5767
0x5768
0x5769
0x576a
0x576b
0x576c
0x576d
0x5775
0x577d
0x5785
0x578d
0x5795
0x579d
0x57a5
0x57ad
0x57b5
0x57bd
0x57c5
0x57c6
0x57c7
0x57c8
0x57c9
0x57ca
0x57cb
0x57cc
0x57cd
0x57ce
0x57cf
0x57d1
0x57d2
0x57d3
0x57d4
0x57d5
0x57d6
0x57d7
0x57d8
0x57d9
0x57da
0x57db
0x57dc
0x57dd
0x57de
0x57df
0x57e0
0x57e1
0x57e2
0x57e3
0x57e4
0x57e5
0x57e6
0x57e7
0x57eb
0x57f3
0x57fb
0x5803
0x580b
0x5813
0x5815
0x5816
0x581e
0x5826
0x582e
0x5836
0x583e
0x583f
0x5840
0x5841
0x5842
0x5843
0x5844
0x5845
0x5846
0x5847
0x5848
0x5849
0x584b
0x584c
0x584d
0x584e
0x584f
0x5850
0x5851
0x5852
0x5853
0x5854
0x5855
0x5856
0x5857
0x5858
0x5859
0x585a
0x585b
0x585c
0x585d
0x585e
0x585f
0x5867
0x5868
0x5869
0x586d
0x586e
0x586f
0x5870
0x5871
0x5872
0x5873
0x5878
0x5880
0x5881
0x5882
0x5883
0x5884
0x5885
0x5886
0x5887
0x5888
0x5889
0x588a
0x588b
0x588c
0x588d
0x5892
0x5893
0x5895
0x5896
0x5897
0x5898
0x5899
0x589a
0x589b
0x58a0
0x58a1
0x58a5
0x58a6
0x58a7
0x58a8
0x58a9
0x58ad
0x58ae
0x58af
0x58b1
0x58b4
0x58b5
0x58b6
0x58b7
0x58b8
0x58b9
0x58ba
0x58bb
0x58bc
0x58bd
0x58be
0x58bf
0x58c0
0x58c1
0x58c2
0x58c3
0x58c4
0x58c5
0x58c6
0x58c7
0x58c8
0x58c9
0x58ca
0x58cb
0x58cf
0x58d0
0x58d1
0x58d2
0x58d3
0x58d4
0x58d5
0x58d6
0x58d7
0x58d8
0x58d9
0x58db
0x58dc
0x58dd
0x58de
0x58df
0x58e0
0x58e1
0x58e6
0x58e7
0x58e8
0x58e9
0x58ea
0x58eb
0x58ec
0x58ed
0x58ee
0x58ef
0x58f0
0x58f1
0x58f2
0x58f3
0x58f8
0x58f9
0x58fa
0x58fb
0x58fc
0x58fd
0x58fe
0x58ff
0x5900
0x5901
0x5902
0x5903
0x5907
0x5908
0x5909
0x590a
0x590b
0x590c
0x590d
0x5911
0x5912
0x5913
0x5914
0x5915
0x5919
0x591b
0x591c
0x591d
0x591e
0x591f
0x5920
0x5921
0x5922
0x5923
0x5927
0x5928
0x5929
0x592a
0x592b
0x592c
0x592d
0x592e
0x592f
0x5930
0x5931
0x5932
0x5933
0x5934
0x5936
0x5937
0x593d
0x593e
0x5941
0x5942
0x5943
0x5944
0x5945
0x5946
0x5947
0x5948
0x5949
0x594e
0x594f
0x5950
0x5951
0x5952
0x5953
0x5954
0x5955
0x5956
0x5957
0x5958
0x5959
0x595a
0x595b
0x595c
0x595d
0x5961
0x5962
0x5963
0x5964
0x5965
0x5966
0x5967
0x596c
0x5974
0x5975
0x5976
0x5978
0x5979
0x597f
0x5980
0x5983
0x5984
0x5985
0x5986
0x5987
0x5988
0x5989
0x598a
0x598b
0x5990
0x5991
0x5992
0x5993
0x5994
0x5995
0x5996
0x5997
0x5998
0x5999
0x599a
0x599b
0x599c
0x599d
0x599e
0x599f
0x59a3
0x59a4
0x59a5
0x59a6
0x59a7
0x59a8
0x59a9
0x59ae
0x59b6
0x59b7
0x59b8
0x59b9
0x59ba
0x59bb
0x59bd
0x59be
0x59bf
0x59c0
0x59c1
0x59c2
0x59c3
0x59c4
0x59c5
0x59c6
0x59c7
0x59c8
0x59c9
0x59ca
0x59cb
0x59cd
0x59ce
0x59cf
0x59d1
0x59d2
0x59d3
0x59d4
0x59d5
0x59d6
0x59d7
0x59d8
0x59d9
0x59dc
0x59dd
0x59df
0x59e0
0x59e8
0x59f0
0x59f8
0x5a00
0x5a08
0x5a09
0x5a0b
0x5a0c
0x5a14
0x5a1c
0x5a24
0x5a2c
0x5a34
0x5a35
0x5a36
0x5a37
0x5a38
0x5a39
0x5a3a
0x5a3b
0x5a3c
0x5a3d
0x5a3e
0x5a3f
0x5a46
0x5a47
0x5a48
0x5a49
0x5a4a
0x5a4b
0x5a4d
0x5a4e
0x5a4f
0x5a51
0x5a52
0x5a53
0x5a54
0x5a55
0x5a56
0x5a57
0x5a58
0x5a59
0x5a5c
0x5a5d
0x5a5f
0x5a60
0x5a68
0x5a70
0x5a78
0x5a80
0x5a88
0x5a89
0x5a8b
0x5a8c
0x5a94
0x5a9c
0x5aa4
0x5aac
0x5ab4
0x5ab5
0x5ab6
0x5ab7
0x5ab8
0x5ab9
0x5abe
0x5ac0
0x5ac2
0x5ac3
0x5ac4
0x5ac5
0x5ac6
0x5ac7
0x5ac8
0x5ac9
0x5aca
0x5acb
0x5acc
0x5acd
0x5ace
0x5acf
0x5ad0
0x5ad1
0x5ad2
0x5ad3
0x5ad4
0x5ad5
0x5ad6
0x5ad7
0x5ad8
0x5ad9
0x5ada
0x5adb
0x5adc
0x5add
0x5ade
0x5ae6
0x5ae7
0x5ae9
0x5aee
0x5aef
0x5af0
0x5af1
0x5af2
0x5af3
0x5af4
0x5af5
0x5af6
0x5af7
0x5af8
0x5af9
0x5afa
0x5afb
0x5afc
0x5afd
0x5afe
0x5aff
0x5b00
0x5b01
0x5b02
0x5b03
0x5b04
0x5b05
0x5b06
0x5b07
0x5b08
0x5b09
0x5b0a
0x5b0b
0x5b0c
0x5b0d
0x5b0e
0x5b0f
0x5b10
0x5b11
0x5b12
0x5b13
0x5b14
0x5b15
0x5b16
0x5b17
0x5b18
0x5b19
0x5b1a
0x5b1b
0x5b1c
0x5b1d
0x5b1e
0x5b1f
0x5b20
0x5b21
0x5b22
0x5b23
0x5b24
0x5b25
0x5b26
0x5b27
0x5b28
0x5b29
0x5b2a
0x5b2b
0x5b2c
0x5b2d
0x5b2e
0x5b2f
0x5b30
0x5b31
0x5b32
0x5b33
0x5b35
0x5b36
0x5b3e
0x5b46
0x5b4e
0x5b56
0x5b5e
0x5b5f
0x5b61
0x5b62
0x5b6a
0x5b72
0x5b7a
0x5b82
0x5b8a
0x5b8b
0x5b8c
0x5b8d
0x5b8e
0x5b8f
0x5b90
0x5b91
0x5b92
0x5b93
0x5b94
0x5b95
0x5b97
0x5b98
0x5b99
0x5b9a
0x5b9b
0x5b9c
0x5b9d
0x5b9e
0x5b9f
0x5ba0
0x5ba1
0x5ba2
0x5ba3
0x5ba4
0x5ba5
0x5ba6
0x5ba7
0x5ba8
0x5ba9
0x5baa
0x5bab
0x5bac
0x5bad
0x5bae
0x5baf
0x5bb0
0x5bb1
0x5bb2
0x5bb4
0x5bb5
0x5bb6
0x5bb7
0x5bbb
0x5bbc
0x5bbd
0x5bbe
0x5bbf
0x5bc5
0x5bcc
0x5bcd
0x5bd0
0x5bd8
0x5bd9
0x5bdf
0x5be6
0x5be7
0x5be8
0x5be9
0x5bea
0x5beb
0x5bec
0x5bed
0x5bee
0x5bef
0x5bf0
0x5bf1
0x5bf3
0x5bf4
0x5bf5
0x5bf7
0x5bf8
0x5bf9
0x5bfa
0x5bfb
0x5bfc
0x5bfd
0x5bfe
0x5bff
0x5c00
0x5c01
0x5c02
0x5c03
0x5c04
0x5c05
0x5c06
0x5c07
0x5c0e
0x5c0f
0x5c15
0x5c16
0x5c19
0x5c1a
0x5c1b
0x5c1c
0x5c1d
0x5c1e
0x5c1f
0x5c20
0x5c21
0x5c28
0x5c29
0x5c2a
0x5c2b
0x5c2c
0x5c2d
0x5c2e
0x5c2f
0x5c30
0x5c31
0x5c32
0x5c33
0x5c34
0x5c35
0x5c39
0x5c3a
0x5c3b
0x5c3c
0x5c3d
0x5c3e
0x5c3f
0x5c46
0x5c47
0x5c4b
0x5c4c
0x5c4d
0x5c4e
0x5c4f
0x5c53
0x5c54
0x5c55
0x5c56
0x5c57
0x5c58
0x5c59
0x5c5a
0x5c5b
0x5c5c
0x5c5d
0x5c65
0x5c66
0x5c67
0x5c68
0x5c69
0x5c6d
0x5c6e
0x5c6f
0x5c76
0x5c77
0x5c78
0x5c79
0x5c7a
0x5c7b
0x5c80
0x5c88
0x5c90
0x5c98
0x5ca0
0x5ca9
0x5caa
0x5cb2
0x5cba
0x5cc2
0x5cca
0x5cd2
0x5cd3
0x5cd4
0x5cd5
0x5cd6
0x5cd7
0x5cd8
0x5cd9
0x5cda
0x5cdb
0x5cdc
0x5cdd
0x5cdf
0x5ce0
0x5ce1
0x5ce2
0x5ce3
0x5ce4
0x5ce5
0x5ce6
0x5ce7
0x5ce8
0x5ce9
0x5cea
0x5ceb
0x5cec
0x5ced
0x5cee
0x5cef
0x5cf0
0x5cf1
0x5cf2
0x5cf3
0x5cf4
0x5cf5
0x5cf7
0x5cf8
0x5d00
0x5d08
0x5d10
0x5d18
0x5d20
0x5d21
0x5d23
0x5d24
0x5d2c
0x5d34
0x5d3c
0x5d44
0x5d4c
0x5d4d
0x5d4e
0x5d4f
0x5d50
0x5d51
0x5d52
0x5d53
0x5d54
0x5d55
0x5d56
0x5d57
0x5d59
0x5d5a
0x5d5b
0x5d5c
0x5d5d
0x5d5e
0x5d5f
0x5d60
0x5d61
0x5d62
0x5d63
0x5d64
0x5d65
0x5d66
0x5d67
0x5d68
0x5d69
0x5d6a
0x5d6b
0x5d6c
0x5d6d
0x5d6e
0x5d6f
0x5d76
0x5d77
0x5d78
0x5d79
0x5d7e
0x5d7f
0x5d83
0x5d84
0x5d8c
0x5d8d
0x5d8e
0x5d8f
0x5d90
0x5d91
0x5d92
0x5d93
0x5d98
0x5da0
0x5da8
0x5db0
0x5db8
0x5dc1
0x5dc2
0x5dca
0x5dd2
0x5dda
0x5de2
0x5dea
0x5deb
0x5dec
0x5ded
0x5dee
0x5def
0x5df0
0x5df1
0x5df2
0x5df3
0x5df4
0x5df5
0x5df7
0x5df8
0x5df9
0x5dfa
0x5dfb
0x5dfc
0x5dfd
0x5dfe
0x5dff
0x5e00
0x5e01
0x5e02
0x5e03
0x5e04
0x5e05
0x5e06
0x5e07
0x5e08
0x5e09
0x5e0a
0x5e0b
0x5e0c
0x5e0d
0x5e0f
0x5e10
0x5e18
0x5e20
0x5e28
0x5e30
0x5e38
0x5e39
0x5e3b
0x5e3c
0x5e44
0x5e4c
0x5e54
0x5e5c
0x5e64
0x5e65
0x5e66
0x5e67
0x5e68
0x5e69
0x5e6a
0x5e6b
0x5e6c
0x5e6d
0x5e6e
0x5e6f
0x5e71
0x5e72
0x5e73
0x5e74
0x5e75
0x5e76
0x5e77
0x5e78
0x5e79
0x5e7a
0x5e7b
0x5e7c
0x5e7d
0x5e7e
0x5e7f
0x5e80
0x5e81
0x5e82
0x5e83
0x5e85
0x5e86
0x5e87
0x5e88
0x5e89
0x5e8a
0x5e8b
0x5e8c
0x5e8d
0x5e95
0x5e96
0x5e97
0x5e98
0x5e99
0x5e9e
0x5ea6
0x5eae
0x5eb6
0x5ebe
0x5ec7
0x5ec8
0x5ed0
0x5ed8
0x5ee0
0x5ee8
0x5ef0
0x5ef1
0x5ef2
0x5ef3
0x5ef4
0x5ef5
0x5ef6
0x5ef7
0x5ef8
0x5ef9
0x5efa
0x5efb
0x5efd
0x5efe
0x5eff
0x5f00
0x5f01
0x5f02
0x5f03
0x5f04
0x5f05
0x5f06
0x5f07
0x5f08
0x5f09
0x5f0a
0x5f0b
0x5f0c
0x5f0d
0x5f0e
0x5f0f
0x5f10
0x5f11
0x5f12
0x5f13
0x5f15
0x5f16
0x5f1e
0x5f26
0x5f2e
0x5f36
0x5f3e
0x5f3f
0x5f41
0x5f42
0x5f4a
0x5f52
0x5f5a
0x5f62
0x5f6a
0x5f6b
0x5f6c
0x5f6d
0x5f6e
0x5f6f
0x5f70
0x5f71
0x5f72
0x5f73
0x5f74
0x5f75
0x5f77
0x5f78
0x5f79
0x5f7a
0x5f7b
0x5f7c
0x5f7d
0x5f7e
0x5f7f
0x5f80
0x5f81
0x5f82
0x5f83
0x5f84
0x5f85
0x5f86
0x5f87
0x5f88
0x5f89
0x5f8a
0x5f8b
0x5f8c
0x5f8d
0x5f95
0x5f96
0x5f97
0x5f98
0x5f99
0x5f9a
0x5f9b
0x5f9c
0x5f9d
0x5fa2
0x5fa3
0x5fa7
0x5fa8
0x5fa9
0x5faa
0x5fb2
0x5fb3
0x5fb8
0x5fb9
0x5fbd
0x5fbe
0x5fbf
0x5fc0
0x5fc1
0x5fc2
0x5fc3
0x5fc8
0x5fd0
0x5fd8
0x5fe0
0x5fe8
0x5ff1
0x5ff2
0x5ffa
0x6002
0x600a
0x6012
0x601a
0x601b
0x601c
0x601d
0x601e
0x601f
0x6020
0x6021
0x6022
0x6023
0x6024
0x6025
0x6027
0x6028
0x6029
0x602a
0x602b
0x602c
0x602d
0x602e
0x602f
0x6030
0x6031
0x6032
0x6033
0x6034
0x6035
0x6036
0x6037
0x6038
0x6039
0x603a
0x603b
0x603c
0x603d
0x603f
0x6040
0x6048
0x6050
0x6058
0x6060
0x6068
0x6069
0x606b
0x606c
0x6074
0x607c
0x6084
0x608c
0x6094
0x6095
0x6096
0x6097
0x6098
0x6099
0x609a
0x609b
0x609c
0x609d
0x609e
0x609f
0x60a1
0x60a2
0x60a3
0x60a4
0x60a5
0x60a6
0x60a7
0x60a8
0x60a9
0x60aa
0x60ab
0x60ac
0x60ad
0x60ae
0x60af
0x60b0
0x60b1
0x60b2
0x60b3
0x60b5
0x60b6
0x60b7
0x60b8
0x60b9
0x60ba
0x60bb
0x60bc
0x60bd
0x60be
0x60bf
0x60c0
0x60c1
0x60c2
0x60c3
0x60c4
0x60c5
0x60c6
0x60c7
0x60c8
0x60c9
0x60ce
0x60d6
0x60de
0x60e6
0x60ee
0x60f7
0x60f8
0x6100
0x6108
0x6110
0x6118
0x6120
0x6121
0x6122
0x6123
0x6124
0x6125
0x6126
0x6127
0x6128
0x6129
0x612a
0x612b
0x612d
0x612e
0x612f
0x6130
0x6131
0x6132
0x6133
0x6134
0x6135
0x6136
0x6137
0x6138
0x6139
0x613a
0x613b
0x613c
0x613d
0x613e
0x613f
0x6140
0x6141
0x6142
0x6143
0x6144
0x6145
0x6146
0x6147
0x6148
0x6149
0x614b
0x614c
0x614d
0x614f
0x6150
0x6151
0x6152
0x6153
0x6154
0x6155
0x6156
0x6157
0x615a
0x615b
0x615d
0x615e
0x6166
0x616e
0x6176
0x617e
0x6186
0x6187
0x6189
0x618a
0x6192
0x619a
0x61a2
0x61aa
0x61b2
0x61b3
0x61b5
0x61b6
0x61be
0x61c6
0x61ce
0x61d6
0x61de
0x61df
0x61e0
0x61e1
0x61e2
0x61e3
0x61e4
0x61e5
0x61e6
0x61e7
0x61e8
0x61e9
0x61eb
0x61ec
0x61ed
0x61ee
0x61ef
0x61f0
0x61f1
0x61f2
0x61f3
0x61f4
0x61f5
0x61f6
0x61f7
0x61f8
0x61f9
0x61fa
0x61fb
0x61fc
0x61fd
0x61fe
0x61ff
0x6200
0x6201
0x6202
0x6203
0x6204
0x6205
0x6206
0x6207
0x6208
0x6209
0x620e
0x620f
0x6210
0x6211
0x6216
0x6217
0x621b
0x621c
0x621d
0x621e
0x6226
0x6227
0x622c
0x622d
0x6231
0x6232
0x6233
0x6234
0x6235
0x6236
0x6237
0x623c
0x6244
0x624c
0x6254
0x625c
0x6265
0x6266
0x626e
0x6276
0x627e
0x6286
0x628e
0x628f
0x6290
0x6291
0x6292
0x6293
0x6294
0x6295
0x6296
0x6297
0x6298
0x6299
0x629b
0x629c
0x629d
0x629e
0x629f
0x62a0
0x62a1
0x62a2
0x62a3
0x62a4
0x62a5
0x62a6
0x62a7
0x62a8
0x62a9
0x62aa
0x62ab
0x62ac
0x62ad
0x62ae
0x62af
0x62b0
0x62b1
0x62b2
0x62b3
0x62b4
0x62b5
0x62b6
0x62b7
0x62b9
0x62ba
0x62bb
0x62bd
0x62be
0x62bf
0x62c0
0x62c1
0x62c2
0x62c3
0x62c4
0x62c5
0x62c8
0x62c9
0x62cb
0x62cc
0x62d4
0x62dc
0x62e4
0x62ec
0x62f4
0x62f5
0x62f7
0x62f8
0x6300
0x6308
0x6310
0x6318
0x6320
0x6321
0x6323
0x6324
0x632c
0x6334
0x633c
0x6344
0x634c
0x634d
0x634e
0x634f
0x6350
0x6351
0x6352
0x6353
0x6354
0x6355
0x6356
0x6357
0x6359
0x635a
0x635b
0x635c
0x635d
0x635e
0x635f
0x6360
0x6361
0x6362
0x6363
0x6364
0x6365
0x6366
0x6367
0x6368
0x6369
0x636a
0x636b
0x636d
0x636e
0x636f
0x6370
0x6371
0x6372
0x6373
0x6374
0x6375
0x6376
0x6377
0x6378
0x6379
0x637a
0x637b
0x637c
0x637d
0x637e
0x637f
0x6380
0x6381
0x6384
0x638c
0x6394
0x639c
0x63a4
0x63ac
0x63ad
0x63af
0x63b0
0x63b8
0x63c0
0x63c8
0x63d0
0x63d8
0x63d9
0x63da
0x63db
0x63dc
0x63dd
0x63de
0x63df
0x63e0
0x63e1
0x63e2
0x63e3
0x63e5
0x63e6
0x63e7
0x63e8
0x63e9
0x63ea
0x63eb
0x63ec
0x63ed
0x63ee
0x63ef
0x63f0
0x63f1
0x63f2
0x63f3
0x63f4
0x63f5
0x63f6
0x63f7
0x63f8
0x63f9
0x63fa
0x63fb
0x63fd
0x63fe
0x6406
0x640e
0x6416
0x641e
0x6426
0x6427
0x6429
0x642a
0x6432
0x643a
0x6442
0x644a
0x6452
0x6453
0x6454
0x6455
0x6456
0x6457
0x6458
0x6459
0x645a
0x645b
0x645c
0x645d
0x645f
0x6460
0x6461
0x6462
0x6463
0x6464
0x6465
0x6466
0x6467
0x6468
0x6469
0x646a
0x646b
0x646c
0x646d
0x646e
0x646f
0x6470
0x6471
0x6472
0x6473
0x6476
0x6477
0x6478
0x6479
0x647a
0x647b
0x647e
0x647f
0x6480
0x6481
0x6482
0x6483
0x6484
0x6485
0x6486
0x6487
0x648b
0x648c
0x648d
0x648e
0x648f
0x6490
0x6491
0x6492
0x6493
0x6498
0x6499
0x649d
0x649e
0x649f
0x64a0
0x64a8
0x64a9
0x64aa
0x64ab
0x64ac
0x64ad
0x64ae
0x64af
0x64b2
0x64ba
0x64c2
0x64ca
0x64d2
0x64da
0x64db
0x64dd
0x64de
0x64e6
0x64ee
0x64f6
0x64fe
0x6506
0x6507
0x6508
0x6509
0x650a
0x650b
0x650c
0x650d
0x650e
0x650f
0x6510
0x6511
0x6513
0x6514
0x6515
0x6516
0x6517
0x6518
0x6519
0x651a
0x651b
0x651c
0x651d
0x651e
0x651f
0x6520
0x6521
0x6522
0x6523
0x6524
0x6525
0x6526
0x6527
0x6528
0x6529
0x652b
0x652c
0x6534
0x653c
0x6544
0x654c
0x6554
0x6555
0x6557
0x6558
0x6560
0x6568
0x6570
0x6578
0x6580
0x6581
0x6582
0x6583
0x6584
0x6585
0x6586
0x6587
0x6588
0x6589
0x658a
0x658b
0x658d
0x658e
0x658f
0x6590
0x6591
0x6592
0x6593
0x6594
0x6595
0x6596
0x6597
0x6598
0x6599
0x659a
0x659b
0x659c
0x659d
0x659e
0x659f
0x65a1
0x65a2
0x65a3
0x65a4
0x65a5
0x65a6
0x65a7
0x65a8
0x65a9
0x65aa
0x65ab
0x65b0
0x65b1
0x65b2
0x65b3
0x65b4
0x65b5
0x65b8
0x65c0
0x65c8
0x65d0
0x65d8
0x65e0
0x65e1
0x65e3
0x65e4
0x65ec
0x65f4
0x65fc
0x6604
0x660c
0x660d
0x660e
0x660f
0x6610
0x6611
0x6612
0x6613
0x6614
0x6615
0x6616
0x6617
0x6619
0x661a
0x661b
0x661c
0x661d
0x661e
0x661f
0x6620
0x6621
0x6622
0x6623
0x6624
0x6625
0x6626
0x6627
0x6628
0x6629
0x662a
0x662b
0x662c
0x662d
0x662e
0x662f
0x6631
0x6632
0x663a
0x6642
0x664a
0x6652
0x665a
0x665b
0x665d
0x665e
0x6666
0x666e
0x6676
0x667e
0x6686
0x6687
0x6688
0x6689
0x668a
0x668b
0x668c
0x668d
0x668e
0x668f
0x6690
0x6691
0x6693
0x6694
0x6695
0x6696
0x6697
0x6698
0x6699
0x669a
0x669b
0x669c
0x669d
0x669e
0x669f
0x66a0
0x66a1
0x66a2
0x66a3
0x66a4
0x66a5
0x66a6
0x66a7
0x66aa
0x66ab
0x66ac
0x66ad
0x66b3
0x66b4
0x66b5
0x66b6
0x66b7
0x66b8
0x66b9
0x66ba
0x66bb
0x66bf
0x66c0
0x66c1
0x66c2
0x66c3
0x66c4
0x66c5
0x66c6
0x66c7
0x66c8
0x66ca
0x66d2
0x66d3
0x66d8
0x66d9
0x66dd
0x66de
0x66df
0x66e0
0x66e1
0x66e2
0x66e3
0x66e6
0x66ee
0x66f6
0x66fe
0x6706
0x670e
0x670f
0x6711
0x6712
0x671a
0x6722
0x672a
0x6732
0x673a
0x673b
0x673c
0x673d
0x673e
0x673f
0x6740
0x6741
0x6742
0x6743
0x6744
0x6745
0x6747
0x6748
0x6749
0x674a
0x674b
0x674c
0x674d
0x674e
0x674f
0x6750
0x6751
0x6752
0x6753
0x6754
0x6755
0x6756
0x6757
0x6758
0x6759
0x675a
0x675b
0x675c
0x675d
0x675f
0x6760
0x6768
0x6770
0x6778
0x6780
0x6788
0x6789
0x678b
0x678c
0x6794
0x679c
0x67a4
0x67ac
0x67b4
0x67b5
0x67b6
0x67b7
0x67b8
0x67b9
0x67ba
0x67bb
0x67bc
0x67bd
0x67be
0x67bf
0x67c1
0x67c2
0x67c3
0x67c4
0x67c5
0x67c6
0x67c7
0x67c8
0x67c9
0x67ca
0x67cb
0x67cc
0x67cd
0x67ce
0x67cf
0x67d0
0x67d1
0x67d2
0x67d3
0x67d5
0x67d6
0x67d7
0x67d8
0x67d9
0x67da
0x67db
0x67df
0x67e0
0x67e1
0x67e2
0x67e3
0x67e4
0x67e5
0x67e6
0x67e7
0x67e8
0x67e9
0x67ea
0x67eb
0x67ec
0x67ed
0x67ee
0x67ef
0x67f0
0x67f1
0x67f2
0x67f3
0x67f7
0x67f8
0x67f9
0x67fa
0x67fb
0x67fc
0x67fe
0x67ff
0x6800
0x6801
0x6802
0x6803
0x6804
0x6805
0x6806
0x6807
0x6808
0x6809
0x680a
0x680b
0x680c
0x680d
0x680e
0x680f
0x6813
0x6814
0x6815
0x6817
0x6818
0x6819
0x681a
0x681b
0x681f
0x6820
0x6821
0x6822
0x6823
0x6824
0x6825
0x6826
0x6827
0x682b
0x682c
0x682d
0x682e
0x682f
0x6830
0x6831
0x6832
0x6833
0x6834
0x6835
0x6837
0x6838
0x6839
0x683a
0x683b
0x683c
0x683d
0x683e
0x683f
0x6845
0x6846
0x6847
0x6848
0x6849
0x684a
0x684b
0x684c
0x684d
0x684e
0x684f
0x6850
0x6852
0x6853
0x6854
0x6855
0x6856
0x6857
0x6858
0x6859
0x685a
0x685b
0x685c
0x685d
0x685e
0x685f
0x6860
0x6861
0x6862
0x6863
0x6864
0x6865
0x6866
0x6868
0x6870
0x6871
0x6875
0x6876
0x6877
0x6878
0x6879
0x687a
0x687b
0x687f
0x6880
0x6881
0x6882
0x6883
0x6887
0x6889
0x688a
0x688b
0x688c
0x688d
0x688e
0x688f
0x6890
0x6891
0x6895
0x6896
0x6897
0x6898
0x6899
0x689a
0x689b
0x689c
0x689d
0x689e
0x68a0
0x68a1
0x68a2
0x68a3
0x68a4
0x68a5
0x68a6
0x68a7
0x68a8
0x68a9
0x68ad
0x68ae
0x68af
0x68b0
0x68b1
0x68b2
0x68b5
0x68b6
0x68b7
0x68b9
0x68bd
0x68be
0x68bf
0x68c0
0x68c1
0x68c2
0x68c3
0x68c4
0x68c5
0x68ca
0x68cb
0x68cd
0x68d1
0x68d3
0x68d4
0x68d5
0x68dc
0x68e3
0x68e4
0x68e5
0x68e6
0x68e7
0x68ee
0x68f5
0x68f7
0x68fd
0x6903
0x6904
0x6905
0x6906
