0x0	0x1
0x1	0x2
0x60	0x61
0x4	0x5
0x2	0x3
0x3	0x4
0x5	0x6
0x6	0x7
0x7	0x8
0x8	0x9
0x9	0xa
0xa	0xb
0xb	0xc
0xc	0xd
0xd	0xe
0xe	0xf
0xf	0x10
0x10	0x11
0x11	0x12
0x12	0x13
0x13	0x14
0x14	0x15
0x15	0x16
0x16	0x17
0x17	0x18
0x18	0x19
0x1a	0x1b
0x1b	0x1c
0x1c	0x24
0x24	0x25
0x25	0x26
0x26	0x2d
0x2d	0x30
0x30	0x31
0x31	0x32
0x32	0x33
0x33	0x34
0x34	0x35
0x35	0x36
0x36	0x37
0x37	0x38
0x38	0x39
0x39	0x3a
0x3a	0x3b
0x3b	0x3c
0x3c	0x44
0x44	0x45
0x45	0x46
0x46	0x47
0x47	0x48
0x48	0x49
0x49	0x4a
0x4a	0x4b
0x4b	0x51
0x51	0x52
0x52	0x53
0x54	0x55
0x55	0x5c
0x5c	0x5d
0x5d	0x5e
0x5e	0x5f
0x5f	0x60
0x62	0x63
0x64	0x65
0x65	0x66
0x66	0x67
0x67	0x68
0x68	0x69
0x69	0x6a
0x6a	0x6b
0x6b	0x6c
0x6c	0x6d
0x6d	0x73
0x73	0x74
0x74	0x75
0x75	0x76
0x76	0x7b
0x7b	0x7c
0x7c	0x7d
0x7d	0x7e
0x7e	0x7f
0x7f	0x80
0x80	0x84
0x84	0x8a
0x8a	0x8b
0x8b	0x8c
0x8c	0x94
0x94	0x95
0x95	0x96
0x96	0x97
0x97	0x9c
0x9c	0x9d
0x9d	0x9e
0x9e	0x9f
0x9f	0xa0
0xa0	0xa1
0xa1	0xa2
0xa2	0xa3
0xa3	0xa4
0xa4	0xa5
0xa6	0xa7
0xa7	0xa8
0xa8	0xa9
0xa9	0xaa
0xaa	0xab
0xab	0xb0
0xb0	0xb1
0xb1	0xb5
0xb5	0xb6
0xb6	0xb7
0xb7	0xb8
0xb8	0xb9
0xb9	0xba
0xba	0xbb
0xbc	0xbd
0xbd	0xbe
0xbe	0xbf
0xbf	0xc0
0xc0	0xc1
0xc1	0xc9
0xc9	0xca
0xca	0xcb
0xcb	0xcc
0xcc	0xcd
0xcd	0xce
0xce	0xcf
0xcf	0xd2
0xd2	0xd3
0xd3	0xd4
0xd4	0xd5
0xd5	0xd6
0xd6	0xd7
0xd7	0xd8
0xd9	0xda
0xda	0xdb
0xdb	0xe0
0xe0	0xe1
0xe1	0xe2
0xe2	0xe3
0xe3	0xe4
0xe4	0xe5
0xe5	0xed
0xed	0xee
0xee	0xf1
0xf1	0xf2
0xf2	0xf3
0xf3	0xf4
0xf4	0xf5
0xf5	0xf6
0xf6	0xf7
0xf7	0xf8
0xf8	0xf9
0xf9	0xfa
0xfc	0xfd
0xfe	0xff
0xff	0x100
0x100	0x101
0x101	0x102
0x103	0x104
0x104	0x10a
0x10a	0x10b
0x10b	0x10c
0x10c	0x10d
0x10d	0x10e
0x10e	0x10f
0x10f	0x110
0x111	0x112
0x112	0x113
0x114	0x115
0x115	0x116
0x116	0x117
0x117	0x118
0x119	0x11d
0x11d	0x122
0x122	0x123
0x123	0x124
0x124	0x125
0x125	0x126
0x126	0x129
0x12a	0x12b
0x12b	0x12c
0x12c	0x12d
0x12d	0x12e
0x12e	0x131
0x131	0x132
0x133	0x138
0x138	0x139
0x139	0x13a
0x13a	0x13b
0x13b	0x13c
0x13c	0x141
0x141	0x142
0x142	0x143
0x143	0x144
0x144	0x147
0x147	0x14c
0x14c	0x14d
0x14d	0x14e
0x14e	0x14f
0x14f	0x150
0x150	0x151
0x151	0x152
0x152	0x153
0x153	0x154
0x154	0x155
0x156	0x157
0x157	0x158
0x158	0x159
0x159	0x15a
0x15a	0x15f
0x15f	0x160
0x160	0x161
0x161	0x162
0x162	0x163
0x163	0x164
0x164	0x165
0x165	0x166
0x166	0x167
0x167	0x168
0x168	0x16f
0x16f	0x170
0x170	0x175
0x175	0x176
0x176	0x177
0x177	0x17b
0x17b	0x17c
0x17c	0x17d
0x17d	0x17e
0x17e	0x186
0x186	0x18c
0x18c	0x18d
0x18d	0x18e
0x18e	0x18f
0x18f	0x190
0x190	0x191
0x191	0x192
0x192	0x193
0x193	0x194
0x194	0x195
0x195	0x196
0x196	0x197
0x198	0x199
0x199	0x19a
0x19a	0x19b
0x19b	0x19c
0x19c	0x1a2
0x1a2	0x1a3
0x1a3	0x1aa
0x1aa	0x1ab
0x1ac	0x1ad
0x1ae	0x1af
0x1af	0x1b0
0x1b0	0x1b1
0x1b1	0x1b2
0x1b2	0x1b9
0x1b9	0x1be
0x1be	0x1bf
0x1bf	0x1c0
0x1c0	0x1c1
0x1c1	0x1c8
0x1c8	0x1cf
0x1cf	0x1d5
0x1d5	0x1d6
0x1d7	0x1df
0x1df	0x1e0
0x1e0	0x1e8
0x1e8	0x1e9
0x1e9	0x1ea
0x1ea	0x1eb
0x1eb	0x1ec
0x1ed	0x1ee
0x1ee	0x1ef
0x1f0	0x1f1
0x1f1	0x1f2
0x1f2	0x1f3
0x1f3	0x1f4
0x1f4	0x1fc
0x1fc	0x1fd
0x1fd	0x1fe
0x1fe	0x1ff
0x1ff	0x200
0x200	0x201
0x201	0x202
0x202	0x206
0x206	0x207
0x207	0x20b
0x20b	0x20c
0x20c	0x20d
0x20d	0x211
0x211	0x212
0x212	0x218
0x218	0x219
0x219	0x21a
0x21a	0x21b
0x21b	0x21f
0x21f	0x220
0x220	0x221
0x221	0x222
0x222	0x223
0x223	0x224
0x224	0x225
0x225	0x226
0x226	0x227
0x228	0x229
0x22a	0x22b
0x22b	0x22c
0x22c	0x22d
0x22d	0x22e
0x22e	0x22f
0x22f	0x230
0x230	0x238
0x238	0x239
0x239	0x23a
0x23a	0x23b
0x23b	0x23c
0x23c	0x23d
0x23d	0x23e
0x23e	0x23f
0x23f	0x240
0x240	0x244
0x244	0x245
0x245	0x249
0x249	0x24a
0x24a	0x24b
0x24b	0x24c
0x24c	0x24d
0x24d	0x24e
0x24e	0x24f
0x24f	0x250
0x250	0x251
0x251	0x252
0x252	0x253
0x253	0x254
0x254	0x255
0x255	0x256
0x256	0x257
0x257	0x258
0x258	0x259
0x259	0x25a
0x25a	0x25b
0x25b	0x25c
0x25c	0x25d
0x25d	0x25e
0x25e	0x25f
0x25f	0x260
0x260	0x261
0x261	0x262
0x262	0x263
0x263	0x264
0x264	0x265
0x265	0x266
0x266	0x267
0x267	0x268
0x269	0x26a
0x26b	0x26c
0x26c	0x26d
0x26d	0x26e
0x26f	0x270
0x271	0x272
0x272	0x273
0x273	0x274
0x274	0x275
0x275	0x276
0x277	0x278
0x278	0x279
0x279	0x27a
0x27a	0x27b
0x27b	0x27c
0x27d	0x27e
0x27e	0x27f
0x27f	0x280
0x280	0x281
0x281	0x282
0x282	0x283
0x283	0x284
0x284	0x285
0x285	0x286
0x286	0x287
0x287	0x288
0x288	0x289
0x289	0x28d
0x28d	0x28e
0x28e	0x28f
0x28f	0x290
0x290	0x291
0x291	0x292
0x292	0x293
0x293	0x294
0x294	0x295
0x295	0x296
0x296	0x297
0x297	0x29c
0x29c	0x29d
0x29d	0x29e
0x29e	0x29f
0x29f	0x2a0
0x2a0	0x2a1
0x2a1	0x2a2
0x2a2	0x2a3
0x2a3	0x2a4
0x2a4	0x2a5
0x2a5	0x2a6
0x2a6	0x2a7
0x2a7	0x2a8
0x2a8	0x2a9
0x2a9	0x2aa
0x2aa	0x2ab
0x2ab	0x2ac
0x2ac	0x2ad
0x2ad	0x2ae
0x2ae	0x2af
0x2af	0x2b0
0x2b0	0x2b1
0x2b1	0x2b2
0x2b2	0x2b3
0x2b3	0x2b4
0x2b4	0x2b5
0x2b5	0x2b6
0x2b6	0x2b7
0x2b7	0x2b8
0x2b8	0x2b9
0x2b9	0x2bd
0x2bd	0x2be
0x2be	0x2bf
0x2bf	0x2c0
0x2c0	0x2c1
0x2c1	0x2c2
0x2c3	0x2c4
0x2c4	0x2c5
0x2c5	0x2c6
0x2c7	0x2c8
0x2c8	0x2c9
0x2c9	0x2ca
0x2ca	0x2cb
0x2cb	0x2cc
0x2cd	0x2ce
0x2ce	0x2cf
0x2cf	0x2d0
0x2d0	0x2d1
0x2d1	0x2d9
0x2d9	0x2da
0x2da	0x2db
0x2db	0x2dc
0x2dc	0x2dd
0x2de	0x2df
0x2e0	0x2e1
0x2e1	0x2e2
0x2e2	0x2e3
0x2e3	0x2e4
0x2e4	0x2e5
0x2e5	0x2e6
0x2e6	0x2e7
0x2e7	0x2e8
0x2e8	0x2e9
0x2e9	0x2ea
0x2ea	0x2eb
0x2eb	0x2ec
0x2ec	0x2ed
0x2ed	0x2ee
0x2ee	0x2ef
0x2ef	0x2f0
0x2f0	0x2f1
0x2f1	0x2f2
0x2f2	0x2f3
0x2f3	0x2f4
0x2f4	0x2f5
0x2f5	0x2f6
0x2f6	0x2f7
0x2f7	0x2f8
0x2f8	0x2f9
0x2f9	0x2fa
0x2fa	0x2fb
0x2fb	0x2fc
0x2fc	0x2fd
0x2fd	0x300
0x300	0x301
0x302	0x303
0x303	0x304
0x304	0x305
0x305	0x306
0x306	0x307
0x307	0x308
0x308	0x309
0x309	0x30a
0x30a	0x30b
0x30b	0x30c
0x30c	0x30d
0x30d	0x30e
0x30f	0x310
0x310	0x311
0x311	0x312
0x312	0x313
0x313	0x317
0x317	0x318
0x318	0x319
0x319	0x31a
0x31a	0x31b
0x31b	0x31c
0x31c	0x31d
0x31d	0x31e
0x31e	0x31f
0x31f	0x320
0x320	0x321
0x321	0x322
0x322	0x323
0x323	0x324
0x324	0x325
0x325	0x326
0x327	0x328
0x328	0x329
0x329	0x32a
0x32b	0x32c
0x32c	0x334
0x334	0x335
0x335	0x336
0x336	0x337
0x337	0x338
0x338	0x339
0x339	0x33a
0x33a	0x33d
0x33e	0x33f
0x33f	0x340
0x340	0x341
0x341	0x342
0x342	0x343
0x343	0x344
0x344	0x34c
0x34c	0x34d
0x34d	0x34e
0x34e	0x352
0x352	0x353
0x353	0x354
0x354	0x355
0x355	0x356
0x356	0x359
0x359	0x35a
0x35a	0x35b
0x35b	0x35c
0x35c	0x35d
0x35d	0x360
0x360	0x361
0x361	0x362
0x362	0x363
0x363	0x364
0x364	0x365
0x365	0x366
0x366	0x367
0x367	0x368
0x368	0x369
0x369	0x36a
0x36a	0x36b
0x36b	0x36c
0x36c	0x36d
0x36d	0x36e
0x36e	0x36f
0x36f	0x370
0x370	0x371
0x371	0x372
0x372	0x37a
0x37a	0x37b
0x37b	0x37c
0x37c	0x37d
0x37d	0x37e
0x37e	0x37f
0x37f	0x380
0x381	0x382
0x382	0x383
0x383	0x384
0x384	0x385
0x385	0x386
0x386	0x387
0x387	0x388
0x388	0x389
0x389	0x38a
0x38a	0x38b
0x38b	0x38c
0x38d	0x38e
0x38e	0x38f
0x38f	0x390
0x391	0x392
0x392	0x393
0x393	0x394
0x394	0x395
0x395	0x396
0x396	0x397
0x397	0x398
0x398	0x399
0x399	0x39a
0x39b	0x39c
0x39c	0x3a4
0x3a4	0x3a5
0x3a5	0x3a6
0x3a6	0x3a7
0x3a7	0x3a8
0x3a8	0x3a9
0x3a9	0x3aa
0x3aa	0x3b0
0x3b0	0x3b1
0x3b1	0x3b2
0x3b2	0x3b3
0x3b3	0x3b4
0x3b4	0x3bc
0x3bc	0x3bd
0x3bd	0x3be
0x3be	0x3c5
0x3c5	0x3cd
0x3cd	0x3ce
0x3ce	0x3cf
0x3cf	0x3d0
0x3d0	0x3d1
0x3d1	0x3d2
0x3d3	0x3d4
0x3d4	0x3d5
0x3d5	0x3d6
0x3d6	0x3d7
0x3d7	0x3d8
0x3d8	0x3d9
0x3d9	0x3da
0x3db	0x3dc
0x3dc	0x3dd
0x3dd	0x3de
0x3df	0x3e0
0x3e0	0x3e1
0x3e1	0x3e2
0x3e2	0x3e3
0x3e3	0x3e4
0x3e4	0x3e5
0x3e5	0x3e6
0x3e6	0x3e7
0x3e7	0x3e8
0x3e9	0x3ea
0x3ea	0x3f2
0x3f2	0x3f3
0x3f3	0x3f4
0x3f4	0x3f5
0x3f5	0x3f6
0x3f6	0x3f7
0x3f7	0x3f8
0x3f8	0x3f9
0x3f9	0x3fa
0x3fa	0x3fb
0x3fc	0x3fd
0x3fd	0x3fe
0x3fe	0x3ff
0x3ff	0x400
0x400	0x401
0x401	0x402
0x402	0x40a
0x40a	0x40b
0x40b	0x40c
0x40c	0x410
0x410	0x411
0x411	0x412
0x412	0x413
0x413	0x414
0x414	0x417
0x417	0x418
0x418	0x419
0x419	0x41a
0x41a	0x41b
0x41b	0x41e
0x41e	0x41f
0x41f	0x420
0x420	0x421
0x421	0x422
0x422	0x423
0x423	0x424
0x424	0x425
0x425	0x426
0x426	0x427
0x427	0x428
0x429	0x42a
0x42a	0x42b
0x42b	0x42c
0x42c	0x42d
0x42d	0x42e
0x42e	0x42f
0x42f	0x430
0x430	0x431
0x431	0x432
0x432	0x433
0x433	0x434
0x434	0x435
0x435	0x436
0x436	0x437
0x437	0x438
0x438	0x439
0x439	0x43a
0x43a	0x43b
0x43b	0x43c
0x43c	0x43f
0x43f	0x440
0x440	0x441
0x441	0x445
0x445	0x446
0x446	0x447
0x447	0x448
0x448	0x449
0x449	0x44a
0x44a	0x44b
0x44b	0x44c
0x44c	0x44d
0x44d	0x452
0x452	0x453
0x453	0x454
0x454	0x455
0x455	0x456
0x456	0x45e
0x45e	0x45f
0x45f	0x460
0x460	0x467
0x467	0x468
0x468	0x469
0x469	0x46a
0x46a	0x46b
0x46b	0x46f
0x46f	0x470
0x470	0x471
0x471	0x472
0x472	0x473
0x473	0x474
0x474	0x475
0x475	0x476
0x476	0x477
0x477	0x478
0x478	0x479
0x47a	0x47b
0x47b	0x47c
0x47c	0x47d
0x47d	0x47e
0x47e	0x47f
0x47f	0x480
0x480	0x488
0x488	0x489
0x489	0x48a
0x48a	0x48b
0x48b	0x48f
0x490	0x491
0x491	0x494
0x494	0x495
0x495	0x499
0x499	0x49a
0x49a	0x49b
0x49b	0x49c
0x49c	0x49d
0x49d	0x49e
0x49e	0x49f
0x49f	0x4a0
0x4a0	0x4a1
0x4a1	0x4a2
0x4a2	0x4a3
0x4a4	0x4a5
0x4a5	0x4a6
0x4a6	0x4a7
0x4a7	0x4a8
0x4a8	0x4a9
0x4a9	0x4aa
0x4aa	0x4b2
0x4b2	0x4b3
0x4b3	0x4b4
0x4b4	0x4bb
0x4bb	0x4be
0x4be	0x4bf
0x4bf	0x4c3
0x4c3	0x4c4
0x4c4	0x4c5
0x4c5	0x4c6
0x4c6	0x4c7
0x4c7	0x4c8
0x4c8	0x4c9
0x4c9	0x4ca
0x4ca	0x4cb
0x4cb	0x4cf
0x4cf	0x4d0
0x4d0	0x4d1
0x4d1	0x4d2
0x4d2	0x4d3
0x4d3	0x4d4
0x4d4	0x4dc
0x4dc	0x4dd
0x4dd	0x4de
0x4de	0x4df
0x4df	0x4e3
0x4e3	0x4e4
0x4e4	0x4e5
0x4e5	0x4e6
0x4e6	0x4e7
0x4e7	0x4e8
0x4e8	0x4e9
0x4ea	0x4ed
0x4ed	0x4ee
0x4ee	0x4ef
0x4ef	0x4f3
0x4f3	0x4f4
0x4f4	0x4f5
0x4f5	0x4f6
0x4f6	0x4f7
0x4f7	0x4f8
0x4f8	0x4f9
0x4f9	0x4fa
0x4fa	0x4fb
0x4fb	0x4fc
0x4fc	0x4fd
0x4fe	0x4ff
0x4ff	0x500
0x500	0x501
0x501	0x502
0x502	0x503
0x503	0x504
0x504	0x50c
0x50c	0x50d
0x50d	0x50e
0x50e	0x515
0x515	0x516
0x516	0x519
0x519	0x51a
0x51a	0x51b
0x51b	0x51c
0x51c	0x51d
0x51d	0x520
0x520	0x521
0x521	0x522
0x522	0x523
0x523	0x524
0x524	0x525
0x525	0x526
0x526	0x527
0x527	0x528
0x528	0x529
0x529	0x52a
0x52a	0x52b
0x52b	0x52c
0x52d	0x52e
0x52e	0x52f
0x52f	0x530
0x530	0x531
0x531	0x535
0x535	0x536
0x536	0x537
0x537	0x538
0x538	0x539
0x539	0x53a
0x53a	0x53b
0x53b	0x53c
0x53c	0x53f
0x540	0x541
0x541	0x542
0x542	0x543
0x543	0x544
0x544	0x545
0x545	0x546
0x546	0x54e
0x54e	0x54f
0x54f	0x550
0x550	0x551
0x551	0x552
0x552	0x553
0x553	0x554
0x554	0x555
0x555	0x556
0x556	0x559
0x559	0x55a
0x55a	0x55b
0x55b	0x55f
0x55f	0x560
0x560	0x561
0x561	0x562
0x562	0x563
0x563	0x564
0x564	0x565
0x565	0x566
0x566	0x56a
0x56a	0x56b
0x56b	0x56c
0x56c	0x56d
0x56d	0x56e
0x56e	0x56f
0x56f	0x570
0x570	0x578
0x578	0x579
0x579	0x57a
0x57a	0x57e
0x57e	0x57f
0x57f	0x580
0x580	0x587
0x587	0x588
0x588	0x589
0x589	0x58a
0x58a	0x58b
0x58b	0x58c
0x58c	0x58d
0x58d	0x58e
0x58e	0x58f
0x58f	0x590
0x590	0x595
0x595	0x596
0x596	0x597
0x597	0x598
0x598	0x599
0x599	0x59a
0x59a	0x5a2
0x5a2	0x5a3
0x5a3	0x5a4
0x5a4	0x5a8
0x5a8	0x5a9
0x5a9	0x5aa
0x5aa	0x5ab
0x5ab	0x5ac
0x5ac	0x5af
0x5af	0x5b0
0x5b0	0x5b1
0x5b1	0x5b2
0x5b2	0x5b3
0x5b3	0x5b6
0x5b6	0x5b7
0x5b7	0x5b8
0x5b8	0x5b9
0x5b9	0x5ba
0x5ba	0x5bb
0x5bb	0x5bc
0x5bc	0x5bd
0x5bd	0x5be
0x5be	0x5bf
0x5bf	0x5c0
0x5c0	0x5c1
0x5c1	0x5c2
0x5c2	0x5c3
0x5c3	0x5c4
0x5c4	0x5c5
0x5c5	0x5c6
0x5c6	0x5c7
0x5c8	0x5c9
0x5c9	0x5ce
0x5ce	0x5cf
0x5cf	0x5d0
0x5d0	0x5d1
0x5d1	0x5d2
0x5d2	0x5d3
0x5d3	0x5d4
0x5d4	0x5d5
0x5d5	0x5d6
0x5d6	0x5d7
0x5d7	0x5d8
0x5d8	0x5e0
0x5e0	0x5e1
0x5e1	0x5e2
0x5e2	0x5ea
0x5ea	0x5eb
0x5eb	0x5ec
0x5ec	0x5f0
0x5f0	0x5f1
0x5f1	0x5f4
0x5f4	0x5f5
0x5f5	0x5f6
0x5f6	0x5f7
0x5f7	0x5fb
0x5fb	0x5fc
0x5fc	0x5fd
0x5fd	0x5fe
0x5fe	0x5ff
0x5ff	0x600
0x600	0x601
0x601	0x602
0x602	0x603
0x604	0x605
0x606	0x607
0x607	0x608
0x608	0x609
0x609	0x60a
0x60a	0x60b
0x60b	0x60c
0x60c	0x614
0x614	0x615
0x615	0x616
0x616	0x61d
0x61d	0x61e
0x61e	0x621
0x621	0x622
0x622	0x623
0x623	0x624
0x624	0x625
0x625	0x628
0x628	0x629
0x629	0x62a
0x62a	0x62b
0x62b	0x62c
0x62c	0x62d
0x62d	0x62e
0x62e	0x62f
0x62f	0x630
0x630	0x631
0x631	0x632
0x633	0x634
0x634	0x635
0x635	0x636
0x636	0x637
0x637	0x638
0x638	0x639
0x639	0x63a
0x63a	0x63b
0x63b	0x63c
0x63c	0x63d
0x63d	0x63e
0x63e	0x63f
0x63f	0x642
0x642	0x643
0x643	0x644
0x644	0x645
0x645	0x649
0x649	0x64a
0x64a	0x64b
0x64b	0x64c
0x64c	0x64d
0x64d	0x64e
0x64e	0x64f
0x64f	0x650
0x650	0x651
0x651	0x658
0x658	0x659
0x659	0x65a
0x65a	0x662
0x662	0x663
0x663	0x664
0x664	0x66b
0x66b	0x66c
0x66c	0x66d
0x66d	0x66e
0x66e	0x66f
0x66f	0x673
0x673	0x674
0x674	0x675
0x675	0x676
0x676	0x677
0x677	0x678
0x678	0x679
0x679	0x67a
0x67a	0x67b
0x67b	0x67c
0x67c	0x67d
0x67e	0x67f
0x67f	0x680
0x680	0x681
0x681	0x682
0x682	0x683
0x683	0x684
0x684	0x68c
0x68c	0x68d
0x68d	0x68e
0x68e	0x695
0x695	0x696
0x696	0x699
0x699	0x69a
0x69a	0x69b
0x69b	0x69c
0x69c	0x69d
0x69d	0x6a0
0x6a0	0x6a1
0x6a1	0x6a2
0x6a2	0x6a3
0x6a3	0x6a4
0x6a4	0x6a5
0x6a5	0x6a6
0x6a6	0x6a7
0x6a7	0x6a8
0x6a8	0x6a9
0x6a9	0x6aa
0x6ab	0x6ac
0x6ac	0x6ad
0x6ad	0x6ae
0x6ae	0x6af
0x6af	0x6b0
0x6b0	0x6b1
0x6b1	0x6b2
0x6b2	0x6b3
0x6b3	0x6b4
0x6b4	0x6b5
0x6b5	0x6b6
0x6b6	0x6b7
0x6b7	0x6ba
0x6ba	0x6bb
0x6bb	0x6bc
0x6bc	0x6bd
0x6bd	0x6c1
0x6c1	0x6c2
0x6c2	0x6c3
0x6c3	0x6c4
0x6c4	0x6c5
0x6c5	0x6c6
0x6c6	0x6c7
0x6c7	0x6c8
0x6c8	0x6c9
0x6c9	0x6cc
0x6cc	0x6cd
0x6cd	0x6ce
0x6ce	0x6cf
0x6cf	0x6d0
0x6d0	0x6d1
0x6d1	0x6d2
0x6d2	0x6da
0x6da	0x6db
0x6db	0x6dc
0x6dc	0x6e0
0x6e0	0x6e1
0x6e1	0x6e2
0x6e2	0x6e3
0x6e3	0x6e4
0x6e4	0x6e7
0x6e7	0x6e8
0x6e8	0x6e9
0x6e9	0x6ea
0x6ea	0x6eb
0x6eb	0x6ee
0x6ee	0x6ef
0x6ef	0x6f0
0x6f0	0x6f1
0x6f1	0x6f2
0x6f2	0x6f3
0x6f3	0x6f4
0x6f4	0x6f5
0x6f5	0x6f6
0x6f6	0x6f7
0x6f7	0x6f8
0x6f8	0x6f9
0x6f9	0x6fd
0x6fd	0x6fe
0x6fe	0x6ff
0x6ff	0x703
0x703	0x704
0x704	0x705
0x705	0x706
0x706	0x707
0x707	0x708
0x708	0x709
0x709	0x70a
0x70a	0x70b
0x70b	0x70f
0x70f	0x710
0x710	0x711
0x711	0x712
0x712	0x713
0x713	0x714
0x714	0x71c
0x71c	0x71d
0x71d	0x71e
0x71e	0x725
0x726	0x727
0x727	0x728
0x728	0x729
0x729	0x72d
0x72d	0x72e
0x72e	0x72f
0x72f	0x730
0x730	0x731
0x731	0x732
0x732	0x733
0x733	0x734
0x734	0x737
0x738	0x739
0x739	0x73a
0x73a	0x73b
0x73b	0x73c
0x73c	0x73d
0x73d	0x73e
0x73e	0x746
0x746	0x747
0x747	0x748
0x748	0x749
0x749	0x74d
0x74d	0x74e
0x74e	0x74f
0x74f	0x750
0x750	0x753
0x753	0x754
0x754	0x755
0x755	0x756
0x756	0x757
0x757	0x75a
0x75a	0x75b
0x75b	0x75c
0x75c	0x75d
0x75d	0x75e
0x75e	0x75f
0x75f	0x760
0x760	0x761
0x761	0x762
0x762	0x763
0x763	0x764
0x764	0x765
0x765	0x76a
0x76a	0x76b
0x76b	0x76f
0x76f	0x770
0x770	0x771
0x771	0x772
0x772	0x773
0x773	0x774
0x774	0x775
0x775	0x776
0x776	0x77b
0x77b	0x77c
0x77c	0x77d
0x77d	0x77e
0x77e	0x77f
0x77f	0x780
0x780	0x788
0x788	0x789
0x789	0x78a
0x78a	0x78e
0x78e	0x78f
0x78f	0x790
0x790	0x791
0x791	0x792
0x792	0x795
0x795	0x796
0x796	0x797
0x797	0x798
0x798	0x799
0x799	0x79c
0x79c	0x79d
0x79d	0x79e
0x79e	0x79f
0x79f	0x7a0
0x7a0	0x7a1
0x7a1	0x7a2
0x7a2	0x7a3
0x7a3	0x7a4
0x7a4	0x7a5
0x7a5	0x7a6
0x7a6	0x7a7
0x7a7	0x7ac
0x7ac	0x7ad
0x7ad	0x7b1
0x7b2	0x7b3
0x7b3	0x7b4
0x7b4	0x7b5
0x7b5	0x7b6
0x7b6	0x7b7
0x7b7	0x7b8
0x7b9	0x7ba
0x7ba	0x7bb
0x7bb	0x7bc
0x7bd	0x7be
0x7be	0x7bf
0x7bf	0x7c0
0x7c0	0x7c8
0x7c8	0x7c9
0x7c9	0x7ca
0x7ca	0x7d1
0x7d1	0x7d2
0x7d2	0x7d3
0x7d3	0x7d4
0x7d4	0x7dc
0x7dc	0x7dd
0x7dd	0x7de
0x7de	0x7e1
0x7e1	0x7e2
0x7e2	0x7e3
0x7e3	0x7e4
0x7e4	0x7e5
0x7e5	0x7e8
0x7e8	0x7e9
0x7e9	0x7ea
0x7ea	0x7eb
0x7eb	0x7ec
0x7ec	0x7ed
0x7ed	0x7ee
0x7ee	0x7ef
0x7ef	0x7f0
0x7f1	0x7f2
0x7f2	0x7f3
0x7f3	0x7f4
0x7f4	0x7f5
0x7f5	0x7f6
0x7f6	0x7f7
0x7f7	0x7f8
0x7f8	0x7f9
0x7f9	0x7fa
0x7fa	0x7fb
0x7fb	0x7fc
0x7fc	0x7fd
0x7fd	0x7fe
0x7fe	0x7ff
0x7ff	0x800
0x800	0x801
0x801	0x802
0x802	0x803
0x803	0x804
0x805	0x806
0x806	0x807
0x807	0x808
0x808	0x809
0x809	0x80a
0x80a	0x80b
0x80b	0x80c
0x80c	0x814
0x814	0x815
0x815	0x816
0x816	0x817
0x817	0x818
0x818	0x819
0x81a	0x81b
0x81b	0x81c
0x81c	0x81d
0x81d	0x81e
0x81e	0x81f
0x81f	0x820
0x820	0x828
0x828	0x829
0x829	0x82a
0x82a	0x82b
0x82b	0x82c
0x82c	0x82d
0x82d	0x82e
0x82e	0x82f
0x82f	0x830
0x830	0x831
0x831	0x832
0x832	0x833
0x833	0x834
0x834	0x835
0x835	0x836
0x836	0x837
0x837	0x838
0x838	0x839
0x839	0x83a
0x83a	0x83b
0x83c	0x83d
0x83d	0x83e
0x83e	0x83f
0x840	0x841
0x841	0x842
0x842	0x843
0x843	0x844
0x844	0x845
0x845	0x846
0x846	0x847
0x847	0x848
0x848	0x849
0x849	0x84d
0x84e	0x84f
0x84f	0x850
0x850	0x851
0x851	0x852
0x852	0x853
0x853	0x854
0x854	0x855
0x855	0x856
0x856	0x857
0x857	0x858
0x858	0x859
0x859	0x85a
0x85a	0x85b
0x85b	0x85c
0x85c	0x85d
0x85d	0x85e
0x85e	0x85f
0x85f	0x860
0x860	0x861
0x862	0x863
0x863	0x864
0x864	0x865
0x865	0x866
0x866	0x867
0x867	0x868
0x868	0x870
0x870	0x871
0x871	0x872
0x872	0x873
0x873	0x874
0x874	0x875
0x875	0x876
0x876	0x877
0x877	0x878
0x879	0x87a
0x87a	0x87b
0x87b	0x87c
0x87c	0x87d
0x87d	0x87e
0x87e	0x87f
0x87f	0x880
0x880	0x881
0x881	0x882
0x882	0x883
0x883	0x884
0x884	0x885
0x885	0x886
0x886	0x887
0x887	0x88c
0x88c	0x88d
0x88d	0x891
0x891	0x892
0x892	0x893
0x893	0x894
0x894	0x895
0x895	0x896
0x896	0x897
0x897	0x898
0x898	0x899
0x899	0x89a
0x89a	0x89b
0x89b	0x89c
0x89c	0x89d
0x89d	0x89e
0x89f	0x8a0
0x8a0	0x8a1
0x8a2	0x8a3
0x8a3	0x8a4
0x8a4	0x8a5
0x8a5	0x8a6
0x8a6	0x8a7
0x8a7	0x8a8
0x8a8	0x8ab
0x8ab	0x8ac
0x8ac	0x8ad
0x8ad	0x8ae
0x8ae	0x8af
0x8af	0x8b2
0x8b2	0x8b3
0x8b3	0x8b4
0x8b4	0x8b5
0x8b5	0x8b6
0x8b6	0x8b7
0x8b7	0x8b8
0x8b8	0x8b9
0x8b9	0x8ba
0x8bb	0x8bc
0x8bc	0x8bd
0x8bd	0x8be
0x8be	0x8bf
0x8bf	0x8c0
0x8c0	0x8c1
0x8c1	0x8c2
0x8c2	0x8c3
0x8c3	0x8c4
0x8c4	0x8c5
0x8c5	0x8c6
0x8c6	0x8c7
0x8c7	0x8c8
0x8c8	0x8c9
0x8c9	0x8ca
0x8ca	0x8cb
0x8cb	0x8cc
0x8cc	0x8cd
0x8cd	0x8ce
0x8cf	0x8d0
0x8d0	0x8d1
0x8d1	0x8d2
0x8d2	0x8d3
0x8d3	0x8d4
0x8d4	0x8d5
0x8d5	0x8d6
0x8d6	0x8d7
0x8d7	0x8d8
0x8d8	0x8e0
0x8e0	0x8e1
0x8e1	0x8e2
0x8e2	0x8e3
0x8e5	0x8e6
0x8e6	0x8e7
0x8e7	0x8e8
0x8e8	0x8e9
0x8e9	0x8ed
0x8ed	0x8ee
0x8ee	0x8ef
0x8ef	0x8f0
0x8f0	0x8f1
0x8f1	0x8f2
0x8f2	0x8f3
0x8f3	0x8f4
0x8f4	0x8f5
0x8f5	0x8f6
0x8f6	0x8f7
0x8f7	0x8f8
0x8f8	0x8f9
0x8f9	0x8fa
0x8fa	0x8fb
0x8fb	0x8fc
0x8fc	0x8fd
0x8fd	0x903
0x904	0x905
0x905	0x906
0x906	0x907
0x907	0x908
0x908	0x909
0x909	0x90a
0x90a	0x912
0x912	0x913
0x913	0x914
0x914	0x915
0x917	0x918
0x918	0x919
0x919	0x91a
0x91a	0x91b
0x91b	0x91f
0x91f	0x920
0x920	0x924
0x924	0x925
0x925	0x926
0x926	0x927
0x927	0x928
0x929	0x931
0x931	0x932
0x932	0x933
0x933	0x934
0x934	0x935
0x935	0x936
0x936	0x939
0x939	0x93a
0x93a	0x93b
0x93b	0x93c
0x93c	0x93d
0x93d	0x93e
0x93e	0x93f
0x93f	0x940
0x940	0x941
0x941	0x947
0x947	0x948
0x949	0x94a
0x94a	0x94b
0x94b	0x94c
0x94c	0x954
0x954	0x955
0x955	0x956
0x956	0x957
0x957	0x958
0x958	0x959
0x959	0x95d
0x95d	0x95e
0x95e	0x966
0x966	0x967
0x967	0x968
0x968	0x969
0x969	0x970
0x970	0x971
0x971	0x975
0x975	0x976
0x976	0x977
0x977	0x978
0x978	0x979
0x979	0x97a
0x97a	0x97b
0x97b	0x97c
0x97c	0x97d
0x97d	0x97e
0x97e	0x97f
0x97f	0x983
0x983	0x984
0x984	0x985
0x985	0x986
0x986	0x987
0x987	0x988
0x988	0x989
0x989	0x98a
0x98a	0x98b
0x98b	0x98c
0x98c	0x98d
0x98d	0x98e
0x98f	0x990
0x991	0x992
0x992	0x993
0x993	0x994
0x994	0x995
0x995	0x996
0x996	0x997
0x997	0x998
0x998	0x999
0x999	0x99a
0x99a	0x99b
0x99b	0x99c
0x99d	0x9a5
0x9a5	0x9a6
0x9a8	0x9a9
0x9a9	0x9aa
0x9aa	0x9ab
0x9ab	0x9ac
0x9ac	0x9ad
0x9ad	0x9ae
0x9ae	0x9af
0x9af	0x9b0
0x9b0	0x9b1
0x9b1	0x9b2
0x9b2	0x9b3
0x9b3	0x9b4
0x9b4	0x9b5
0x9b5	0x9b6
0x9b6	0x9b7
0x9b7	0x9b8
0x9b8	0x9b9
0x9b9	0x9ba
0x9ba	0x9bb
0x9bb	0x9bc
0x9bc	0x9bd
0x9bd	0x9be
0x9be	0x9bf
0x9bf	0x9c0
0x9c0	0x9c1
0x9c1	0x9c2
0x9c2	0x9c3
0x9c3	0x9c4
0x9c4	0x9c5
0x9c5	0x9c6
0x9c6	0x9c7
0x9c7	0x9c8
0x9c8	0x9c9
0x9c9	0x9ca
0x9ca	0x9cb
0x9cb	0x9cc
0x9cc	0x9cd
0x9cd	0x9ce
0x9ce	0x9cf
0x9cf	0x9d0
0x9d0	0x9d1
0x9d1	0x9d2
0x9d2	0x9d3
0x9d3	0x9d4
0x9d4	0x9d5
0x9d5	0x9d6
0x9d6	0x9d7
0x9d7	0x9d8
0x9d8	0x9d9
0x9d9	0x9da
0x9da	0x9db
0x9db	0x9dc
0x9dc	0x9dd
0x9dd	0x9de
0x9de	0x9df
0x9df	0x9e0
0x9e0	0x9e1
0x9e1	0x9e2
0x9e2	0x9e3
0x9e3	0x9e4
0x9e4	0x9e5
0x9e5	0x9e6
0x9e6	0x9e7
0x9e7	0x9e8
0x9e8	0x9e9
0x9e9	0x9ea
0x9ea	0x9eb
0x9eb	0x9ec
0x9ec	0x9ed
0x9ed	0x9f1
0x9f1	0x9f2
0x9f2	0x9f3
0x9f3	0x9f4
0x9f4	0x9f5
0x9f5	0x9f6
0x9f6	0x9f7
0x9f7	0x9f8
0x9f8	0x9f9
0x9f9	0x9fa
0x9fb	0x9fc
0x9fc	0x9fd
0x9fd	0x9fe
0x9fe	0x9ff
0x9ff	0xa00
0xa00	0xa01
0xa01	0xa05
0xa05	0xa06
0xa06	0xa07
0xa07	0xa08
0xa08	0xa09
0xa09	0xa0a
0xa0a	0xa0b
0xa0b	0xa0c
0xa0c	0xa0f
0xa0f	0xa10
0xa10	0xa11
0xa11	0xa12
0xa12	0xa13
0xa13	0xa16
0xa16	0xa17
0xa17	0xa18
0xa18	0xa19
0xa19	0xa1a
0xa1a	0xa1b
0xa1b	0xa1c
0xa1c	0xa1d
0xa1d	0xa1e
0xa1e	0xa1f
0xa1f	0xa20
0xa21	0xa22
0xa22	0xa23
0xa23	0xa24
0xa24	0xa25
0xa25	0xa26
0xa26	0xa27
0xa27	0xa28
0xa28	0xa29
0xa29	0xa2a
0xa2a	0xa2b
0xa2b	0xa2c
0xa2c	0xa2d
0xa2d	0xa2e
0xa2f	0xa30
0xa30	0xa31
0xa31	0xa32
0xa32	0xa33
0xa33	0xa34
0xa34	0xa35
0xa35	0xa36
0xa36	0xa37
0xa37	0xa38
0xa38	0xa39
0xa39	0xa3a
0xa3a	0xa3b
0xa3b	0xa3c
0xa3c	0xa3d
0xa3d	0xa3e
0xa3f	0xa40
0xa40	0xa41
0xa42	0xa43
0xa43	0xa44
0xa44	0xa45
0xa45	0xa46
0xa46	0xa47
0xa47	0xa48
0xa49	0xa4a
0xa4b	0xa4c
0xa4c	0xa4d
0xa4d	0xa4e
0xa4e	0xa4f
0xa4f	0xa50
0xa50	0xa51
0xa51	0xa52
0xa52	0xa53
0xa53	0xa54
0xa54	0xa55
0xa55	0xa56
0xa56	0xa57
0xa57	0xa5b
0xa5b	0xa5c
0xa5c	0xa5d
0xa5d	0xa5e
0xa5e	0xa5f
0xa5f	0xa60
0xa60	0xa61
0xa62	0xa63
0xa63	0xa64
0xa64	0xa65
0xa65	0xa66
0xa66	0xa67
0xa67	0xa68
0xa68	0xa69
0xa69	0xa6a
0xa6a	0xa6b
0xa6b	0xa6c
0xa6e	0xa6f
0xa6f	0xa70
0xa70	0xa71
0xa71	0xa75
0xa75	0xa76
0xa76	0xa77
0xa77	0xa78
0xa78	0xa7b
0xa7b	0xa7c
0xa7c	0xa7d
0xa7d	0xa7e
0xa7e	0xa7f
0xa7f	0xa82
0xa82	0xa83
0xa83	0xa84
0xa84	0xa85
0xa85	0xa86
0xa86	0xa87
0xa87	0xa88
0xa88	0xa89
0xa89	0xa8a
0xa8a	0xa8b
0xa8b	0xa8c
0xa8c	0xa8d
0xa8d	0xa8e
0xa8e	0xa8f
0xa8f	0xa90
0xa90	0xa91
0xa91	0xa92
0xa92	0xa93
0xa93	0xa94
0xa94	0xa95
0xa95	0xa96
0xa96	0xa97
0xa97	0xa98
0xa98	0xa99
0xa99	0xa9a
0xa9b	0xa9c
0xa9c	0xa9d
0xa9d	0xa9e
0xa9e	0xa9f
0xa9f	0xaa0
0xaa0	0xaa1
0xaa1	0xaa2
0xaa2	0xaa3
0xaa3	0xaa4
0xaa4	0xaa5
0xaa5	0xaa6
0xaa6	0xaa7
0xaa7	0xaa8
0xaa8	0xaa9
0xaa9	0xaaa
0xaab	0xaac
0xaac	0xaad
0xaad	0xaae
0xaae	0xaaf
0xaaf	0xab0
0xab0	0xab1
0xab1	0xab2
0xab2	0xab3
0xab3	0xab4
0xab4	0xab5
0xab5	0xab6
0xab7	0xab8
0xab8	0xab9
0xab9	0xaba
0xaba	0xabb
0xabb	0xabc
0xabd	0xabe
0xabe	0xabf
0xabf	0xac0
0xac1	0xac2
0xac2	0xac3
0xac3	0xac4
0xac4	0xac5
0xac5	0xac6
0xac7	0xac8
0xac8	0xac9
0xac9	0xaca
0xaca	0xacb
0xacb	0xacc
0xacc	0xacd
0xacd	0xace
0xace	0xacf
0xacf	0xad0
0xad0	0xad1
0xad1	0xad2
0xad2	0xad3
0xad3	0xad4
0xad5	0xad6
0xad6	0xad7
0xad7	0xad8
0xad9	0xae1
0xae1	0xae2
0xae2	0xae9
0xae9	0xaed
0xaed	0xaf5
0xaf5	0xafc
0xafc	0xafd
0xafd	0xafe
0xafe	0xaff
0xaff	0xb00
0xb00	0xb05
0xb05	0xb06
0xb06	0xb07
0xb08	0xb09
0xb09	0xb10
0xb10	0xb15
0xb15	0xb16
0xb16	0xb1a
0xb1b	0xb1c
0xb1c	0xb1d
0xb1d	0xb1e
0xb1f	0xb20
0xb20	0xb21
0xb21	0xb22
0xb23	0xb24
0xb25	0xb26
0xb26	0xb27
0xb27	0xb28
0xb29	0xb2a
0xb2a	0xb2d
0xb2d	0xb2e
0xb2e	0xb2f
0xb2f	0xb30
0xb30	0xb31
0xb31	0xb32
0xb32	0xb33
0xb33	0xb37
0xb37	0xb38
0xb38	0xb39
0xb39	0xb3a
0xb3a	0xb3b
0xb3b	0xb3c
0xb3c	0xb3d
0xb3d	0xb3e
0xb3e	0xb3f
0xb3f	0xb43
0xb43	0xb44
0xb44	0xb45
0xb45	0xb46
0xb46	0xb47
0xb47	0xb48
0xb48	0xb49
0xb49	0xb4a
0xb4a	0xb4b
0xb4b	0xb4f
0xb4f	0xb50
0xb50	0xb51
0xb51	0xb52
0xb52	0xb53
0xb53	0xb54
0xb54	0xb55
0xb55	0xb56
0xb56	0xb57
0xb57	0xb58
0xb58	0xb59
0xb59	0xb5a
0xb5a	0xb5b
0xb5b	0xb5c
0xb5c	0xb5d
0xb5d	0xb5e
0xb5e	0xb5f
0xb5f	0xb60
0xb60	0xb61
0xb61	0xb62
0xb62	0xb66
0xb66	0xb6e
0xb6e	0xb6f
0xb6f	0xb70
0xb70	0xb73
0xb73	0xb74
0xb74	0xb75
0xb75	0xb76
0xb76	0xb77
0xb77	0xb7a
0xb7a	0xb7b
0xb7b	0xb7c
0xb7c	0xb7d
0xb7d	0xb7e
0xb7e	0xb7f
0xb7f	0xb80
0xb80	0xb81
0xb81	0xb82
0xb82	0xb83
0xb83	0xb84
0xb84	0xb85
0xb85	0xb86
0xb86	0xb8b
0xb8b	0xb8c
0xb8c	0xb8d
0xb8d	0xb8e
0xb8e	0xb8f
0xb8f	0xb90
0xb90	0xb98
0xb98	0xb99
0xb99	0xb9a
0xb9a	0xb9d
0xb9d	0xb9e
0xb9e	0xb9f
0xb9f	0xba0
0xba0	0xba1
0xba1	0xba4
0xba4	0xba5
0xba5	0xba6
0xba6	0xba7
0xba7	0xba8
0xba8	0xba9
0xba9	0xbaa
0xbaa	0xbab
0xbab	0xbac
0xbad	0xbae
0xbae	0xbaf
0xbaf	0xbb0
0xbb0	0xbb1
0xbb1	0xbb2
0xbb2	0xbb3
0xbb3	0xbb4
0xbb4	0xbb5
0xbb5	0xbb6
0xbb6	0xbb7
0xbb7	0xbb8
0xbb8	0xbb9
0xbb9	0xbba
0xbba	0xbbb
0xbbb	0xbbc
0xbbc	0xbbd
0xbbd	0xbbe
0xbbe	0xbbf
0xbbf	0xbc0
0xbc1	0xbc2
0xbc2	0xbc3
0xbc3	0xbc4
0xbc4	0xbc5
0xbc5	0xbc6
0xbc6	0xbc7
0xbc7	0xbc8
0xbc8	0xbc9
0xbc9	0xbca
0xbca	0xbcb
0xbcb	0xbcc
0xbcc	0xbcd
0xbcd	0xbce
0xbce	0xbcf
0xbcf	0xbd0
0xbd0	0xbd7
0xbd7	0xbd8
0xbd8	0xbd9
0xbd9	0xbda
0xbda	0xbe2
0xbe2	0xbe3
0xbe3	0xbe4
0xbe4	0xbe7
0xbe7	0xbe8
0xbe8	0xbe9
0xbe9	0xbea
0xbea	0xbeb
0xbeb	0xbee
0xbee	0xbef
0xbef	0xbf0
0xbf0	0xbf1
0xbf1	0xbf2
0xbf2	0xbf3
0xbf3	0xbf4
0xbf4	0xbf5
0xbf5	0xbf6
0xbf6	0xbf7
0xbf7	0xbf8
0xbf9	0xbfa
0xbfa	0xbfb
0xbfb	0xbfc
0xbfc	0xbfd
0xbfd	0xbfe
0xbfe	0xbff
0xbff	0xc00
0xc00	0xc01
0xc01	0xc02
0xc02	0xc03
0xc03	0xc04
0xc04	0xc05
0xc05	0xc06
0xc07	0xc08
0xc08	0xc09
0xc09	0xc0a
0xc0a	0xc0b
0xc0b	0xc0c
0xc0c	0xc0d
0xc0d	0xc0e
0xc0e	0xc0f
0xc0f	0xc10
0xc10	0xc11
0xc11	0xc12
0xc12	0xc13
0xc13	0xc14
0xc14	0xc15
0xc15	0xc16
0xc16	0xc17
0xc17	0xc18
0xc19	0xc1a
0xc1b	0xc1c
0xc1c	0xc1d
0xc1d	0xc1e
0xc1e	0xc1f
0xc1f	0xc20
0xc20	0xc21
0xc21	0xc22
0xc23	0xc24
0xc25	0xc26
0xc26	0xc27
0xc27	0xc28
0xc28	0xc29
0xc29	0xc2a
0xc2a	0xc2b
0xc2b	0xc2c
0xc2c	0xc2d
0xc2d	0xc2e
0xc2e	0xc2f
0xc2f	0xc30
0xc30	0xc31
0xc31	0xc32
0xc32	0xc33
0xc33	0xc34
0xc34	0xc35
0xc35	0xc36
0xc36	0xc37
0xc37	0xc38
0xc38	0xc39
0xc3a	0xc3b
0xc3b	0xc3c
0xc3c	0xc3d
0xc3d	0xc3e
0xc3e	0xc3f
0xc3f	0xc40
0xc40	0xc48
0xc48	0xc49
0xc49	0xc4a
0xc4a	0xc4d
0xc4d	0xc4e
0xc4e	0xc4f
0xc4f	0xc50
0xc50	0xc51
0xc51	0xc54
0xc54	0xc55
0xc55	0xc56
0xc56	0xc57
0xc57	0xc58
0xc58	0xc59
0xc59	0xc5a
0xc5a	0xc5b
0xc5b	0xc5c
0xc5d	0xc5e
0xc5e	0xc5f
0xc5f	0xc60
0xc60	0xc61
0xc61	0xc62
0xc62	0xc63
0xc63	0xc64
0xc64	0xc65
0xc65	0xc66
0xc66	0xc67
0xc67	0xc68
0xc68	0xc69
0xc69	0xc6a
0xc6a	0xc6b
0xc6b	0xc6c
0xc6c	0xc6d
0xc6d	0xc6e
0xc6e	0xc6f
0xc6f	0xc70
0xc71	0xc72
0xc72	0xc73
0xc73	0xc74
0xc74	0xc75
0xc75	0xc76
0xc76	0xc77
0xc77	0xc78
0xc78	0xc79
0xc79	0xc7a
0xc7a	0xc7b
0xc7b	0xc7e
0xc7e	0xc7f
0xc7f	0xc80
0xc80	0xc81
0xc81	0xc82
0xc82	0xc8a
0xc8a	0xc8b
0xc8b	0xc8c
0xc8c	0xc8d
0xc8d	0xc94
0xc94	0xc95
0xc95	0xc99
0xc99	0xc9a
0xc9a	0xc9b
0xc9b	0xc9c
0xc9c	0xc9f
0xc9f	0xca0
0xca0	0xca1
0xca1	0xca2
0xca2	0xca3
0xca3	0xca6
0xca6	0xca7
0xca7	0xca8
0xca8	0xca9
0xcaa	0xcab
0xcab	0xcac
0xcac	0xcad
0xcad	0xcae
0xcae	0xcaf
0xcaf	0xcb0
0xcb1	0xcb2
0xcb2	0xcb3
0xcb3	0xcb4
0xcb4	0xcb5
0xcb5	0xcb6
0xcb6	0xcb7
0xcb7	0xcb8
0xcb8	0xcb9
0xcb9	0xcba
0xcba	0xcbb
0xcbb	0xcbc
0xcbc	0xcbd
0xcbd	0xcbe
0xcbf	0xcc0
0xcc0	0xcc1
0xcc1	0xcc2
0xcc2	0xcc3
0xcc3	0xcc4
0xcc4	0xcc5
0xcc5	0xcc6
0xcc6	0xcc7
0xcc7	0xcc8
0xcc8	0xcc9
0xcc9	0xcca
0xcca	0xccb
0xccb	0xccc
0xccc	0xccd
0xccd	0xcce
0xccf	0xcd0
0xcd1	0xcd2
0xcd3	0xcd4
0xcd4	0xcd5
0xcd5	0xcd6
0xcd6	0xcd7
0xcd7	0xcd8
0xcd8	0xcd9
0xcd9	0xcda
0xcda	0xcdb
0xcdb	0xcdc
0xcdc	0xcdd
0xcdd	0xcde
0xcde	0xcdf
0xcdf	0xce0
0xce0	0xce1
0xce1	0xce2
0xce2	0xce3
0xce3	0xce4
0xce4	0xce5
0xce5	0xce6
0xce7	0xce8
0xce9	0xcea
0xcea	0xceb
0xceb	0xcec
0xcec	0xced
0xced	0xcee
0xcee	0xcef
0xcef	0xcf0
0xcf1	0xcf2
0xcf3	0xcf4
0xcf5	0xcf6
0xcf6	0xcf7
0xcf7	0xcf8
0xcf8	0xcf9
0xcf9	0xcfa
0xcfa	0xcfb
0xcfb	0xcfc
0xcfc	0xcfd
0xcfd	0xcfe
0xcfe	0xcff
0xcff	0xd00
0xd00	0xd01
0xd01	0xd07
0xd07	0xd08
0xd08	0xd10
0xd10	0xd11
0xd11	0xd12
0xd12	0xd13
0xd13	0xd1a
0xd1a	0xd1b
0xd1b	0xd1f
0xd1f	0xd20
0xd20	0xd21
0xd21	0xd22
0xd22	0xd25
0xd25	0xd26
0xd26	0xd27
0xd27	0xd28
0xd28	0xd29
0xd29	0xd2c
0xd2c	0xd2d
0xd2d	0xd2e
0xd2e	0xd2f
0xd30	0xd31
0xd31	0xd32
0xd32	0xd33
0xd33	0xd34
0xd34	0xd35
0xd35	0xd36
0xd37	0xd38
0xd38	0xd39
0xd39	0xd3a
0xd3a	0xd3b
0xd3b	0xd3c
0xd3c	0xd3d
0xd3d	0xd3e
0xd3e	0xd3f
0xd3f	0xd40
0xd40	0xd41
0xd41	0xd42
0xd42	0xd43
0xd43	0xd44
0xd45	0xd46
0xd46	0xd47
0xd47	0xd48
0xd48	0xd49
0xd49	0xd4a
0xd4a	0xd4b
0xd4b	0xd4c
0xd4c	0xd4d
0xd4d	0xd4e
0xd4e	0xd4f
0xd4f	0xd50
0xd50	0xd51
0xd51	0xd52
0xd52	0xd53
0xd53	0xd54
0xd54	0xd55
0xd55	0xd56
0xd56	0xd57
0xd57	0xd58
0xd58	0xd59
0xd59	0xd5a
0xd5a	0xd5b
0xd5b	0xd5c
0xd5c	0xd5d
0xd5d	0xd5e
0xd5e	0xd5f
0xd5f	0xd60
0xd60	0xd61
0xd61	0xd62
0xd62	0xd63
0xd63	0xd64
0xd64	0xd65
0xd65	0xd66
0xd66	0xd67
0xd67	0xd68
0xd69	0xd6a
0xd6b	0xd6c
0xd6d	0xd6e
0xd6e	0xd6f
0xd6f	0xd70
0xd71	0xd72
0xd72	0xd73
0xd74	0xd75
0xd75	0xd76
0xd76	0xd77
0xd77	0xd78
0xd78	0xd79
0xd79	0xd7a
0xd7a	0xd7b
0xd7b	0xd7c
0xd7c	0xd7d
0xd7d	0xd7e
0xd7f	0xd80
0xd81	0xd82
0xd82	0xd83
0xd83	0xd84
0xd84	0xd85
0xd85	0xd86
0xd86	0xd87
0xd87	0xd88
0xd88	0xd89
0xd89	0xd8a
0xd8a	0xd8b
0xd8b	0xd8c
0xd8c	0xd92
0xd92	0xd93
0xd93	0xd94
0xd94	0xd9c
0xd9c	0xd9d
0xd9d	0xd9e
0xd9e	0xd9f
0xd9f	0xda6
0xda6	0xda7
0xda7	0xdab
0xdab	0xdac
0xdac	0xdad
0xdad	0xdae
0xdae	0xdb1
0xdb1	0xdb2
0xdb2	0xdb3
0xdb3	0xdb4
0xdb4	0xdb5
0xdb5	0xdb8
0xdb8	0xdb9
0xdb9	0xdba
0xdba	0xdbb
0xdbb	0xdbc
0xdbc	0xdbd
0xdbd	0xdbe
0xdbe	0xdbf
0xdbf	0xdc0
0xdc0	0xdc1
0xdc1	0xdc2
0xdc2	0xdc3
0xdc3	0xdc4
0xdc4	0xdc5
0xdc5	0xdc6
0xdc6	0xdc7
0xdc7	0xdc8
0xdc8	0xdc9
0xdc9	0xdca
0xdca	0xdcb
0xdcb	0xdcc
0xdcc	0xdcd
0xdcd	0xdce
0xdce	0xdcf
0xdcf	0xdd0
0xdd1	0xdd2
0xdd2	0xdd3
0xdd3	0xdd4
0xdd4	0xdd5
0xdd5	0xdd6
0xdd6	0xdd7
0xdd7	0xdd8
0xdd8	0xdd9
0xdd9	0xdda
0xddb	0xddc
0xddc	0xddd
0xddd	0xdde
0xddf	0xde0
0xde0	0xde1
0xde1	0xde2
0xde3	0xde4
0xde5	0xde6
0xde7	0xde8
0xde8	0xde9
0xde9	0xdea
0xdea	0xdeb
0xdeb	0xdec
0xdec	0xded
0xded	0xdee
0xdee	0xdef
0xdf0	0xdf1
0xdf1	0xdf2
0xdf2	0xdf3
0xdf3	0xdf4
0xdf5	0xdf6
0xdf6	0xdf7
0xdf7	0xdf8
0xdf9	0xdfa
0xdfb	0xdfc
0xdfd	0xdfe
0xdfe	0xdff
0xe00	0xe01
0xe01	0xe02
0xe03	0xe04
0xe05	0xe0d
0xe0d	0xe13
0xe13	0xe14
0xe15	0xe19
0xe19	0xe1a
0xe1a	0xe1e
0xe1e	0xe26
0xe27	0xe28
0xe28	0xe29
0xe29	0xe2d
0xe2d	0xe2e
0xe2e	0xe2f
0xe2f	0xe30
0xe30	0xe35
0xe35	0xe36
0xe36	0xe37
0xe37	0xe38
0xe38	0xe40
0xe40	0xe41
0xe41	0xe42
0xe42	0xe46
0xe47	0xe48
0xe49	0xe4a
0xe4a	0xe4b
0xe4b	0xe4c
0xe4d	0xe4e
0xe4e	0xe4f
0xe4f	0xe50
0xe50	0xe51
0xe51	0xe52
0xe53	0xe54
0xe54	0xe57
0xe57	0xe58
0xe58	0xe59
0xe59	0xe5a
0xe5a	0xe5b
0xe5b	0xe5c
0xe5d	0xe5e
0xe5f	0xe60
0xe60	0xe61
0xe61	0xe62
0xe62	0xe63
0xe63	0xe64
0xe64	0xe65
0xe65	0xe66
0xe66	0xe67
0xe67	0xe68
0xe68	0xe69
0xe69	0xe6a
0xe6a	0xe6b
0xe6b	0xe6f
0xe6f	0xe70
0xe70	0xe71
0xe71	0xe72
0xe72	0xe73
0xe73	0xe74
0xe74	0xe75
0xe75	0xe79
0xe79	0xe7a
0xe7a	0xe7b
0xe7b	0xe7c
0xe7c	0xe7d
0xe7d	0xe7e
0xe7e	0xe7f
0xe7f	0xe80
0xe81	0xe82
0xe82	0xe83
0xe83	0xe84
0xe84	0xe85
0xe85	0xe86
0xe86	0xe87
0xe87	0xe88
0xe88	0xe89
0xe89	0xe8a
0xe8a	0xe8d
0xe8d	0xe8e
0xe8e	0xe8f
0xe8f	0xe90
0xe90	0xe91
0xe91	0xe94
0xe95	0xe96
0xe96	0xe97
0xe97	0xe98
0xe98	0xe99
0xe99	0xe9a
0xe9b	0xe9c
0xe9c	0xe9d
0xe9d	0xe9e
0xe9e	0xe9f
0xe9f	0xea0
0xea0	0xea1
0xea1	0xea2
0xea2	0xea3
0xea4	0xea5
0xea5	0xea6
0xea6	0xea7
0xea8	0xea9
0xea9	0xeaa
0xeaa	0xeab
0xeab	0xeac
0xeac	0xead
0xead	0xeae
0xeae	0xeb6
0xeb6	0xeb7
0xeb7	0xeb8
0xeb8	0xeb9
0xeb9	0xeba
0xeba	0xebb
0xebb	0xebc
0xebc	0xebd
0xebd	0xebe
0xebe	0xebf
0xebf	0xec0
0xec0	0xec1
0xec1	0xec2
0xec2	0xec3
0xec3	0xec4
0xec4	0xec5
0xec5	0xec6
0xec6	0xec9
0xec9	0xeca
0xeca	0xecb
0xecb	0xecc
0xecc	0xecd
0xecd	0xed0
0xed0	0xed1
0xed1	0xed2
0xed2	0xed3
0xed3	0xed4
0xed4	0xed5
0xed5	0xed6
0xed6	0xed7
0xed7	0xed8
0xed9	0xeda
0xeda	0xedb
0xedb	0xedc
0xedd	0xede
0xede	0xedf
0xedf	0xee0
0xee0	0xee1
0xee1	0xee2
0xee2	0xee3
0xee3	0xee4
0xee4	0xee5
0xee5	0xee6
0xee6	0xeee
0xeef	0xef0
0xef0	0xef1
0xef1	0xef2
0xef2	0xef3
0xef3	0xef4
0xef4	0xef5
0xef5	0xef6
0xef6	0xef7
0xef7	0xef8
0xef8	0xef9
0xef9	0xefa
0xefa	0xefb
0xefb	0xefc
0xefc	0xefd
0xefd	0xefe
0xefe	0xeff
0xeff	0xf00
0xf00	0xf08
0xf08	0xf09
0xf09	0xf0a
0xf0a	0xf0b
0xf0b	0xf0c
0xf0c	0xf0d
0xf0d	0xf0e
0xf0e	0xf0f
0xf0f	0xf10
0xf10	0xf11
0xf11	0xf12
0xf12	0xf13
0xf13	0xf14
0xf14	0xf15
0xf17	0xf18
0xf18	0xf19
0xf1a	0xf1b
0xf1b	0xf21
0xf21	0xf22
0xf22	0xf23
0xf23	0xf2a
0xf2a	0xf32
0xf32	0xf33
0xf33	0xf34
0xf34	0xf35
0xf35	0xf39
0xf39	0xf3a
0xf3a	0xf3b
0xf3b	0xf3c
0xf3c	0xf3d
0xf3d	0xf3e
0xf3e	0xf3f
0xf3f	0xf40
0xf40	0xf41
0xf41	0xf45
0xf45	0xf46
0xf46	0xf47
0xf47	0xf48
0xf48	0xf49
0xf49	0xf4a
0xf4a	0xf4b
0xf4b	0xf4c
0xf4d	0xf4e
0xf4e	0xf4f
0xf4f	0xf50
0xf50	0xf51
0xf51	0xf52
0xf52	0xf53
0xf53	0xf54
0xf54	0xf55
0xf55	0xf56
0xf56	0xf59
0xf59	0xf5a
0xf5a	0xf5b
0xf5b	0xf5c
0xf5c	0xf5d
0xf5d	0xf60
0xf61	0xf62
0xf62	0xf63
0xf63	0xf64
0xf64	0xf65
0xf65	0xf66
0xf67	0xf68
0xf68	0xf69
0xf69	0xf6a
0xf6a	0xf6b
0xf6b	0xf6c
0xf6c	0xf6d
0xf6d	0xf6e
0xf6e	0xf6f
0xf70	0xf74
0xf74	0xf75
0xf75	0xf76
0xf76	0xf77
0xf77	0xf78
0xf78	0xf79
0xf79	0xf7a
0xf7a	0xf82
0xf82	0xf83
0xf83	0xf84
0xf84	0xf87
0xf87	0xf88
0xf88	0xf89
0xf89	0xf8a
0xf8a	0xf8b
0xf8b	0xf8e
0xf8e	0xf8f
0xf8f	0xf90
0xf90	0xf91
0xf91	0xf92
0xf92	0xf93
0xf93	0xf94
0xf94	0xf95
0xf95	0xf96
0xf97	0xf98
0xf98	0xf99
0xf99	0xf9a
0xf9a	0xf9b
0xf9b	0xf9c
0xf9c	0xf9d
0xf9d	0xf9e
0xf9e	0xf9f
0xf9f	0xfa0
0xfa0	0xfa1
0xfa1	0xfa2
0xfa2	0xfa3
0xfa3	0xfa4
0xfa4	0xfa5
0xfa5	0xfa6
0xfa6	0xfa7
0xfa7	0xfa8
0xfa8	0xfa9
0xfa9	0xfaa
0xfab	0xfac
0xfac	0xfad
0xfad	0xfae
0xfae	0xfaf
0xfaf	0xfb0
0xfb0	0xfb1
0xfb1	0xfb2
0xfb2	0xfb3
0xfb3	0xfb4
0xfb4	0xfb5
0xfb5	0xfb6
0xfb6	0xfb7
0xfb7	0xfb8
0xfb8	0xfb9
0xfba	0xfc1
0xfc1	0xfc2
0xfc2	0xfc3
0xfc3	0xfc4
0xfc4	0xfcc
0xfcc	0xfcd
0xfcd	0xfce
0xfce	0xfcf
0xfcf	0xfd0
0xfd0	0xfd1
0xfd1	0xfd2
0xfd2	0xfd5
0xfd5	0xfd6
0xfd6	0xfd7
0xfd7	0xfd8
0xfd8	0xfd9
0xfd9	0xfdc
0xfdc	0xfdd
0xfdd	0xfde
0xfde	0xfdf
0xfdf	0xfe0
0xfe0	0xfe1
0xfe1	0xfe2
0xfe2	0xfe3
0xfe3	0xfe4
0xfe5	0xfe6
0xfe6	0xfe7
0xfe7	0xfe8
0xfe8	0xfe9
0xfe9	0xfea
0xfea	0xfeb
0xfeb	0xfec
0xfec	0xfed
0xfed	0xfee
0xfee	0xfef
0xfef	0xff0
0xff0	0xff1
0xff1	0xff2
0xff2	0xff3
0xff3	0xff4
0xff4	0xff5
0xff5	0xff6
0xff6	0xff7
0xff7	0xff8
0xff9	0xffa
0xffa	0xffb
0xffb	0xffc
0xffc	0xffd
0xffd	0xffe
0xffe	0xfff
0xfff	0x1000
0x1000	0x1001
0x1001	0x1002
0x1002	0x1003
0x1003	0x1004
0x1005	0x1006
0x1006	0x1007
0x1007	0x1008
0x1008	0x1009
0x1009	0x100a
0x100a	0x100b
0x100b	0x1012
0x1012	0x1013
0x1013	0x1014
0x1014	0x1015
0x1015	0x1016
0x1016	0x1017
0x1017	0x1018
0x1018	0x101b
0x101b	0x101c
0x101c	0x101d
0x101d	0x101e
0x101e	0x101f
0x101f	0x1022
0x1022	0x1023
0x1023	0x1024
0x1024	0x1025
0x1025	0x1026
0x1026	0x1027
0x1027	0x1028
0x1028	0x1029
0x1029	0x102a
0x102b	0x102c
0x102c	0x102d
0x102d	0x102e
0x102e	0x102f
0x102f	0x1030
0x1030	0x1031
0x1031	0x1032
0x1032	0x1033
0x1033	0x1034
0x1034	0x1035
0x1035	0x1036
0x1036	0x1037
0x1037	0x1038
0x1038	0x1039
0x1039	0x103a
0x103a	0x103b
0x103b	0x103c
0x103c	0x103d
0x103d	0x103e
0x103f	0x1040
0x1040	0x1041
0x1041	0x1042
0x1042	0x1043
0x1043	0x1044
0x1044	0x1045
0x1045	0x1046
0x1046	0x1047
0x1047	0x1048
0x1048	0x1049
0x1049	0x104a
0x104a	0x104b
0x104b	0x104c
0x104c	0x104d
0x104d	0x104e
0x104e	0x104f
0x104f	0x1050
0x1051	0x1052
0x1052	0x1053
0x1053	0x1054
0x1054	0x1055
0x1055	0x1056
0x1056	0x105e
0x105e	0x105f
0x105f	0x1060
0x1060	0x1061
0x1061	0x1068
0x1068	0x1069
0x1069	0x106d
0x106d	0x106e
0x106e	0x106f
0x106f	0x1070
0x1070	0x1071
0x1071	0x1072
0x1072	0x1073
0x1073	0x1074
0x1074	0x1075
0x1075	0x1076
0x1076	0x1077
0x1077	0x1078
0x1078	0x1079
0x1079	0x107a
0x107a	0x107b
0x107b	0x107e
0x107e	0x107f
0x107f	0x1080
0x1080	0x1081
0x1081	0x1082
0x1082	0x108a
0x108a	0x108b
0x108b	0x108c
0x108c	0x108d
0x108d	0x1094
0x1094	0x1095
0x1095	0x1099
0x1099	0x109a
0x109a	0x109b
0x109b	0x109c
0x109c	0x109d
0x109d	0x109e
0x109e	0x109f
0x109f	0x10a0
0x10a0	0x10a1
0x10a1	0x10a2
0x10a2	0x10a3
0x10a3	0x10a4
0x10a4	0x10a5
0x10a5	0x10a6
0x10a6	0x10a7
0x10a7	0x10a8
0x10a8	0x10a9
0x10a9	0x10aa
0x10ab	0x10ac
0x10ac	0x10ad
0x10ad	0x10ae
0x10ae	0x10af
0x10af	0x10b0
0x10b0	0x10b1
0x10b1	0x10b2
0x10b2	0x10b3
0x10b3	0x10b4
0x10b4	0x10b7
0x10b7	0x10b8
0x10b8	0x10b9
0x10b9	0x10ba
0x10ba	0x10bb
0x10bb	0x10be
0x10be	0x10bf
0x10bf	0x10c0
0x10c0	0x10c1
0x10c1	0x10c2
0x10c3	0x10c4
0x10c5	0x10cd
0x10cd	0x10d1
0x10d2	0x10d3
0x10d3	0x10d4
0x10d4	0x10d5
0x10d5	0x10d6
0x10d6	0x10d7
0x10d7	0x10d8
0x10d8	0x10d9
0x10d9	0x10de
0x10df	0x10e5
0x10e5	0x10e6
0x10e6	0x10e7
0x10e7	0x10ec
0x10ec	0x10ed
0x10ed	0x10ee
0x10ee	0x10ef
0x10ef	0x10f0
0x10f0	0x10f1
0x10f1	0x10f2
0x10f2	0x10f7
0x10f7	0x10f8
0x10f8	0x10fb
0x10fb	0x1101
0x1103	0x1108
0x1109	0x110a
0x110a	0x110b
0x110b	0x110c
0x110d	0x110e
0x110e	0x110f
0x110f	0x1110
0x1110	0x1111
0x1111	0x1112
0x1112	0x1113
0x1113	0x1114
0x1114	0x1115
0x1115	0x1116
0x1117	0x1118
0x1118	0x111b
0x111b	0x111c
0x111c	0x111d
0x111d	0x111e
0x111e	0x111f
0x111f	0x1120
0x1120	0x1121
0x1121	0x1125
0x1125	0x1126
0x1126	0x1127
0x1127	0x1128
0x1128	0x112b
0x112b	0x112c
0x112c	0x112d
0x112d	0x112e
0x112e	0x112f
0x112f	0x1132
0x1132	0x1133
0x1133	0x1134
0x1134	0x1135
0x1135	0x1136
0x1136	0x1137
0x1137	0x1138
0x1139	0x113a
0x113a	0x113b
0x113b	0x113c
0x113c	0x113d
0x113d	0x113e
0x113e	0x113f
0x113f	0x1140
0x1140	0x1141
0x1141	0x1142
0x1142	0x1143
0x1143	0x1144
0x1144	0x1145
0x1145	0x1146
0x1146	0x1147
0x1147	0x1148
0x1148	0x1149
0x1149	0x114a
0x114a	0x114b
0x114b	0x114c
0x114d	0x114e
0x114e	0x114f
0x114f	0x1150
0x1150	0x1151
0x1151	0x1152
0x1153	0x1154
0x1154	0x1155
0x1155	0x1156
0x1156	0x1157
0x1157	0x115b
0x115b	0x115c
0x115c	0x115d
0x115d	0x115e
0x115e	0x115f
0x115f	0x1160
0x1160	0x1161
0x1161	0x1162
0x1162	0x1163
0x1163	0x1164
0x1164	0x1165
0x1165	0x1166
0x1167	0x1168
0x1169	0x116a
0x116a	0x116b
0x116b	0x116c
0x116c	0x116d
0x116d	0x116e
0x116e	0x116f
0x116f	0x1170
0x1170	0x1171
0x1171	0x1172
0x1172	0x1173
0x1173	0x1174
0x1175	0x117d
0x117d	0x117e
0x117e	0x117f
0x117f	0x1180
0x1180	0x1181
0x1181	0x1182
0x1182	0x1183
0x1183	0x1184
0x1184	0x1185
0x1185	0x1186
0x1186	0x1187
0x1187	0x1188
0x1188	0x1189
0x1189	0x118a
0x118a	0x118b
0x118b	0x118c
0x118c	0x118d
0x118d	0x118e
0x118e	0x118f
0x118f	0x1190
0x1190	0x1191
0x1191	0x1192
0x1192	0x1193
0x1193	0x1194
0x1194	0x1195
0x1195	0x1196
0x1196	0x1197
0x1197	0x1198
0x1198	0x1199
0x1199	0x119a
0x119a	0x119b
0x119b	0x119c
0x119c	0x119d
0x119d	0x119e
0x119e	0x119f
0x119f	0x11a0
0x11a0	0x11a1
0x11a1	0x11a2
0x11a2	0x11a3
0x11a3	0x11a4
0x11a4	0x11a5
0x11a5	0x11a6
0x11a6	0x11a7
0x11a7	0x11a8
0x11a8	0x11a9
0x11a9	0x11aa
0x11aa	0x11ab
0x11ab	0x11ac
0x11ac	0x11ad
0x11ad	0x11ae
0x11ae	0x11af
0x11af	0x11b0
0x11b0	0x11b1
0x11b1	0x11b2
0x11b2	0x11b3
0x11b3	0x11b4
0x11b4	0x11b5
0x11b5	0x11b6
0x11b6	0x11b7
0x11b7	0x11b8
0x11b8	0x11b9
0x11b9	0x11ba
0x11ba	0x11bb
0x11bb	0x11bc
0x11bc	0x11bd
0x11bd	0x11be
0x11be	0x11bf
0x11bf	0x11c0
0x11c0	0x11c1
0x11c1	0x11c2
0x11c2	0x11c3
0x11c3	0x11c4
0x11c4	0x11c5
0x11c5	0x11c9
0x11c9	0x11ca
0x11ca	0x11cb
0x11cb	0x11cc
0x11cc	0x11cd
0x11cd	0x11ce
0x11ce	0x11cf
0x11cf	0x11d0
0x11d1	0x11d2
0x11d2	0x11d3
0x11d3	0x11d4
0x11d4	0x11d5
0x11d5	0x11d6
0x11d6	0x11d7
0x11d7	0x11d8
0x11d8	0x11d9
0x11d9	0x11da
0x11da	0x11dd
0x11dd	0x11de
0x11de	0x11df
0x11df	0x11e0
0x11e0	0x11e1
0x11e1	0x11e4
0x11e5	0x11e6
0x11e6	0x11e7
0x11e7	0x11e8
0x11e8	0x11e9
0x11e9	0x11ea
0x11eb	0x11ec
0x11ec	0x11ed
0x11ed	0x11ee
0x11ee	0x11ef
0x11ef	0x11f0
0x11f0	0x11f1
0x11f1	0x11f2
0x11f2	0x11f3
0x11f4	0x11f5
0x11f5	0x11f6
0x11f6	0x11f7
0x11f8	0x11f9
0x11f9	0x11fa
0x11fa	0x11fb
0x11fb	0x11fc
0x11fc	0x11fd
0x11fd	0x11fe
0x11fe	0x1206
0x1206	0x1207
0x1207	0x1208
0x1208	0x1209
0x1209	0x120a
0x120a	0x1212
0x1212	0x1213
0x1214	0x1215
0x1215	0x1216
0x1216	0x1217
0x1218	0x1219
0x1219	0x121a
0x121a	0x121b
0x121b	0x121c
0x121c	0x121d
0x121d	0x121e
0x121e	0x1226
0x1226	0x1227
0x1227	0x1228
0x1228	0x1229
0x1229	0x122a
0x122a	0x122b
0x122b	0x122c
0x122c	0x1234
0x1234	0x1235
0x1235	0x1236
0x1236	0x1237
0x1239	0x123a
0x123a	0x123b
0x123b	0x123c
0x123c	0x123d
0x123d	0x123e
0x123e	0x123f
0x123f	0x1240
0x1240	0x1241
0x1241	0x1242
0x1243	0x124b
0x124c	0x1253
0x1253	0x125a
0x125a	0x125b
0x125b	0x1262
0x1262	0x1263
0x1263	0x126b
0x126b	0x126c
0x126c	0x126d
0x126d	0x1274
0x1274	0x1275
0x1275	0x127d
0x127d	0x1280
0x1280	0x1285
0x1285	0x1286
0x1286	0x1287
0x1287	0x1288
0x1288	0x1289
0x1289	0x128a
0x128b	0x128c
0x128c	0x128f
0x128f	0x1290
0x1290	0x1291
0x1291	0x1292
0x1292	0x1293
0x1293	0x1294
0x1295	0x1296
0x1296	0x1297
0x1297	0x1298
0x1298	0x1299
0x1299	0x129d
0x129d	0x129e
0x129e	0x129f
0x129f	0x12a0
0x12a0	0x12a1
0x12a1	0x12a2
0x12a2	0x12a3
0x12a3	0x12a4
0x12a4	0x12a5
0x12a5	0x12a6
0x12a6	0x12a7
0x12a7	0x12a8
0x12a8	0x12a9
0x12a9	0x12aa
0x12aa	0x12ab
0x12ab	0x12ac
0x12ac	0x12ad
0x12ad	0x12ae
0x12ae	0x12af
0x12b0	0x12b1
0x12b1	0x12b5
0x12b5	0x12bc
0x12bc	0x12bd
0x12bd	0x12be
0x12be	0x12c1
0x12c1	0x12c2
0x12c2	0x12c3
0x12c3	0x12c4
0x12c4	0x12c5
0x12c5	0x12c8
0x12c8	0x12c9
0x12c9	0x12ca
0x12ca	0x12cb
0x12cb	0x12cc
0x12cc	0x12cd
0x12cd	0x12ce
0x12ce	0x12cf
0x12cf	0x12d0
0x12d0	0x12d1
0x12d1	0x12d2
0x12d2	0x12d3
0x12d5	0x12d6
0x12d6	0x12d7
0x12d8	0x12d9
0x12d9	0x12da
0x12da	0x12db
0x12db	0x12dc
0x12dc	0x12dd
0x12dd	0x12de
0x12de	0x12e6
0x12e6	0x12e7
0x12e7	0x12e8
0x12e8	0x12eb
0x12eb	0x12ec
0x12ec	0x12ed
0x12ed	0x12ee
0x12ee	0x12ef
0x12ef	0x12f2
0x12f2	0x12f3
0x12f3	0x12f4
0x12f4	0x12f5
0x12f5	0x12f6
0x12f6	0x12f7
0x12f7	0x12f8
0x12f8	0x12f9
0x12f9	0x12fa
0x12fb	0x12fc
0x12fc	0x12fd
0x12fd	0x12fe
0x12fe	0x12ff
0x12ff	0x1300
0x1300	0x1301
0x1301	0x1302
0x1302	0x1303
0x1303	0x1304
0x1304	0x1305
0x1305	0x1306
0x1306	0x1307
0x1307	0x1308
0x1308	0x1309
0x1309	0x130a
0x130a	0x130b
0x130b	0x130c
0x130c	0x130d
0x130d	0x130e
0x130f	0x1310
0x1310	0x1311
0x1311	0x1312
0x1312	0x1313
0x1313	0x1314
0x1314	0x1315
0x1315	0x1316
0x1316	0x1317
0x1317	0x1318
0x1318	0x1319
0x1319	0x131a
0x131a	0x131b
0x131b	0x131c
0x131c	0x131d
0x131f	0x1320
0x1320	0x1321
0x1322	0x1323
0x1323	0x1324
0x1324	0x1325
0x1325	0x1326
0x1326	0x1327
0x1327	0x1328
0x1328	0x1330
0x1330	0x1331
0x1331	0x1332
0x1332	0x1335
0x1335	0x1336
0x1336	0x1337
0x1337	0x1338
0x1338	0x1339
0x1339	0x133c
0x133c	0x133d
0x133d	0x133e
0x133e	0x133f
0x133f	0x1340
0x1340	0x1341
0x1341	0x1342
0x1342	0x1343
0x1343	0x1344
0x1345	0x1346
0x1346	0x1347
0x1347	0x1348
0x1348	0x1349
0x1349	0x134a
0x134a	0x134b
0x134b	0x134c
0x134c	0x134d
0x134d	0x134e
0x134e	0x134f
0x134f	0x1350
0x1350	0x1351
0x1351	0x1352
0x1352	0x1353
0x1353	0x1354
0x1354	0x1355
0x1355	0x1356
0x1356	0x1357
0x1357	0x1358
0x1359	0x135a
0x135a	0x135b
0x135b	0x135c
0x135c	0x135d
0x135d	0x135e
0x135e	0x135f
0x135f	0x1360
0x1360	0x1361
0x1362	0x1366
0x1366	0x1367
0x1367	0x1368
0x1368	0x1369
0x1369	0x136a
0x136a	0x1372
0x1372	0x1373
0x1373	0x1374
0x1374	0x1375
0x1375	0x137c
0x137c	0x137d
0x137d	0x1381
0x1381	0x1382
0x1382	0x1383
0x1383	0x1384
0x1384	0x1387
0x1387	0x1388
0x1388	0x1389
0x1389	0x138a
0x138a	0x138b
0x138b	0x138e
0x138e	0x138f
0x138f	0x1390
0x1390	0x1391
0x1391	0x1392
0x1392	0x1393
0x1393	0x1394
0x1394	0x1395
0x1395	0x1396
0x1396	0x1397
0x1397	0x1398
0x1399	0x139a
0x139a	0x139b
0x139b	0x139c
0x139c	0x139d
0x139d	0x139e
0x139e	0x139f
0x139f	0x13a0
0x13a0	0x13a1
0x13a1	0x13a2
0x13a2	0x13a3
0x13a3	0x13a4
0x13a4	0x13a5
0x13a5	0x13a6
0x13a6	0x13a7
0x13a7	0x13a8
0x13a8	0x13a9
0x13a9	0x13aa
0x13aa	0x13ab
0x13ab	0x13ac
0x13ac	0x13ad
0x13ad	0x13ae
0x13ae	0x13af
0x13af	0x13b0
0x13b0	0x13b1
0x13b1	0x13b2
0x13b3	0x13b4
0x13b5	0x13b6
0x13b7	0x13b8
0x13b8	0x13b9
0x13b9	0x13ba
0x13bb	0x13bc
0x13bc	0x13bd
0x13bd	0x13be
0x13be	0x13bf
0x13bf	0x13c0
0x13c0	0x13c1
0x13c1	0x13c2
0x13c2	0x13c3
0x13c3	0x13c4
0x13c4	0x13c5
0x13c5	0x13c6
0x13c6	0x13c7
0x13c7	0x13c8
0x13c8	0x13c9
0x13c9	0x13ca
0x13ca	0x13cb
0x13cc	0x13d4
0x13d4	0x13dc
0x13dc	0x13dd
0x13dd	0x13de
0x13de	0x13df
0x13df	0x13e6
0x13e6	0x13e7
0x13e7	0x13eb
0x13eb	0x13ec
0x13ec	0x13ed
0x13ed	0x13ee
0x13ee	0x13f1
0x13f1	0x13f2
0x13f2	0x13f3
0x13f3	0x13f4
0x13f4	0x13f5
0x13f5	0x13f8
0x13f8	0x13f9
0x13f9	0x13fa
0x13fa	0x13fb
0x13fb	0x13fc
0x13fc	0x13fd
0x13fd	0x13fe
0x13fe	0x13ff
0x13ff	0x1400
0x1400	0x1401
0x1401	0x1402
0x1402	0x1403
0x1403	0x1404
0x1404	0x1405
0x1405	0x1406
0x1406	0x1407
0x1407	0x1408
0x1408	0x1409
0x1409	0x140a
0x140a	0x140b
0x140b	0x140c
0x140c	0x140d
0x140d	0x140e
0x140e	0x140f
0x140f	0x1410
0x1411	0x1412
0x1412	0x1413
0x1413	0x1414
0x1414	0x1415
0x1415	0x1416
0x1416	0x1417
0x1417	0x1418
0x1418	0x1419
0x1419	0x141a
0x141b	0x141c
0x141c	0x141d
0x141d	0x141e
0x141f	0x1420
0x1420	0x1421
0x1421	0x1422
0x1423	0x1424
0x1425	0x1426
0x1427	0x1428
0x1428	0x1429
0x1429	0x142a
0x142a	0x142b
0x142b	0x142c
0x142c	0x142d
0x142d	0x142e
0x142e	0x142f
0x1430	0x1431
0x1431	0x1432
0x1432	0x1433
0x1433	0x1434
0x1435	0x1436
0x1436	0x1437
0x1437	0x1438
0x1439	0x143a
0x143b	0x143c
0x143c	0x143d
0x143d	0x143e
0x143f	0x1440
0x1441	0x1442
0x1442	0x1443
0x1443	0x1444
0x1445	0x1446
0x1447	0x144f
0x144f	0x1455
0x1455	0x1456
0x1457	0x145b
0x145b	0x145c
0x145c	0x1460
0x1460	0x1468
0x1469	0x146a
0x146a	0x146b
0x146b	0x146f
0x146f	0x1470
0x1470	0x1471
0x1471	0x1472
0x1472	0x1477
0x1477	0x1478
0x1478	0x1479
0x1479	0x147a
0x147a	0x1482
0x1482	0x1483
0x1483	0x1484
0x1484	0x1488
0x1489	0x148a
0x148b	0x148c
0x148c	0x148d
0x148d	0x148e
0x148f	0x1490
0x1490	0x1491
0x1491	0x1492
0x1492	0x1493
0x1493	0x1494
0x1495	0x1496
0x1496	0x1499
0x1499	0x149a
0x149a	0x149b
0x149b	0x149c
0x149c	0x149d
0x149d	0x149e
0x149f	0x14a0
0x14a1	0x14a2
0x14a2	0x14a3
0x14a3	0x14a4
0x14a4	0x14a5
0x14a5	0x14a6
0x14a6	0x14a7
0x14a7	0x14a8
0x14a8	0x14a9
0x14a9	0x14aa
0x14aa	0x14ab
0x14ab	0x14af
0x14b0	0x14b1
0x14b1	0x14b2
0x14b2	0x14b3
0x14b3	0x14b4
0x14b4	0x14bc
0x14bc	0x14bd
0x14bd	0x14c1
0x14c1	0x14c2
0x14c2	0x14c3
0x14c3	0x14c4
0x14c4	0x14c5
0x14c5	0x14c6
0x14c6	0x14c7
0x14c7	0x14c8
0x14c8	0x14c9
0x14c9	0x14ca
0x14cb	0x14cc
0x14cc	0x14cd
0x14cd	0x14ce
0x14ce	0x14cf
0x14cf	0x14d0
0x14d0	0x14d1
0x14d1	0x14d2
0x14d2	0x14d3
0x14d3	0x14d4
0x14d4	0x14d5
0x14d5	0x14d6
0x14d6	0x14d9
0x14d9	0x14da
0x14da	0x14db
0x14db	0x14dc
0x14dc	0x14dd
0x14dd	0x14e0
0x14e0	0x14e1
0x14e1	0x14e2
0x14e2	0x14e3
0x14e3	0x14e4
0x14e5	0x14e6
0x14e6	0x14e9
0x14e9	0x14ea
0x14ea	0x14eb
0x14eb	0x14ec
0x14ec	0x14ed
0x14ed	0x14ee
0x14ee	0x14ef
0x14ef	0x14f0
0x14f0	0x14f1
0x14f1	0x14f2
0x14f2	0x14f3
0x14f3	0x14f4
0x14f4	0x14f5
0x14f5	0x14f6
0x14f6	0x14f7
0x14f7	0x14f8
0x14f8	0x1500
0x1500	0x1501
0x1501	0x1502
0x1502	0x1503
0x1503	0x1504
0x1504	0x150b
0x150b	0x150e
0x150e	0x150f
0x150f	0x1510
0x1510	0x1511
0x1511	0x1512
0x1512	0x1513
0x1513	0x1514
0x1514	0x1515
0x1515	0x1516
0x1516	0x1517
0x1517	0x1518
0x1518	0x1519
0x1519	0x151a
0x151a	0x151b
0x151b	0x151c
0x151c	0x151d
0x151d	0x151e
0x151e	0x151f
0x151f	0x1520
0x1520	0x1521
0x1521	0x1522
0x1522	0x1525
0x1525	0x1526
0x1526	0x1527
0x1527	0x1528
0x1528	0x1529
0x1529	0x152c
0x152c	0x152d
0x152d	0x152e
0x152e	0x152f
0x152f	0x1530
0x1530	0x1531
0x1531	0x1532
0x1532	0x1533
0x1533	0x1534
0x1534	0x1537
0x1537	0x1538
0x1538	0x1539
0x1539	0x153a
0x153a	0x153b
0x153b	0x153e
0x153e	0x153f
0x153f	0x1540
0x1540	0x1541
0x1541	0x1542
0x1542	0x1543
0x1543	0x1544
0x1544	0x1545
0x1545	0x1546
0x1546	0x1547
0x1547	0x1548
0x1548	0x1549
0x1549	0x154a
0x154b	0x154c
0x154c	0x154d
0x154d	0x154e
0x154e	0x154f
0x154f	0x1550
0x1550	0x1551
0x1551	0x1552
0x1552	0x1553
0x1553	0x1554
0x1554	0x1555
0x1555	0x1556
0x1556	0x1557
0x1557	0x1558
0x1558	0x1559
0x1559	0x155a
0x155a	0x155b
0x155b	0x155c
0x155c	0x155d
0x155d	0x155e
0x155e	0x155f
0x155f	0x1560
0x1560	0x1561
0x1561	0x1562
0x1562	0x1563
0x1563	0x1564
0x1564	0x1565
0x1565	0x1566
0x1566	0x1567
0x1568	0x1569
0x1569	0x156a
0x156a	0x156b
0x156b	0x156f
0x156f	0x1570
0x1570	0x1571
0x1571	0x1572
0x1572	0x1573
0x1573	0x1574
0x1574	0x1575
0x1575	0x1578
0x1578	0x1579
0x157a	0x157b
0x157b	0x157c
0x157c	0x157d
0x157d	0x157e
0x157e	0x157f
0x157f	0x1580
0x1580	0x1588
0x1588	0x1590
0x1590	0x1591
0x1591	0x1592
0x1592	0x1593
0x1593	0x1596
0x1596	0x1597
0x1598	0x1599
0x1599	0x159f
0x159f	0x15a0
0x15a0	0x15a1
0x15a1	0x15a8
0x15a8	0x15b0
0x15b0	0x15b1
0x15b1	0x15b2
0x15b2	0x15b3
0x15b3	0x15b4
0x15b4	0x15b5
0x15b5	0x15b6
0x15b6	0x15b7
0x15b7	0x15b8
0x15b8	0x15b9
0x15b9	0x15ba
0x15ba	0x15bb
0x15bb	0x15c1
0x15c1	0x15c2
0x15c2	0x15c3
0x15c3	0x15c4
0x15c4	0x15c5
0x15c5	0x15c6
0x15c6	0x15c7
0x15c7	0x15c8
0x15c8	0x15c9
0x15c9	0x15cc
0x15cc	0x15cd
0x15ce	0x15cf
0x15cf	0x15d0
0x15d0	0x15d1
0x15d1	0x15d2
0x15d2	0x15d3
0x15d3	0x15d4
0x15d4	0x15dc
0x15dd	0x15de
0x15df	0x15e0
0x15e0	0x15e1
0x15e1	0x15e2
0x15e2	0x15e3
0x15e3	0x15e4
0x15e4	0x15e5
0x15e5	0x15e6
0x15e6	0x15e7
0x15e7	0x15e8
0x15e8	0x15e9
0x15e9	0x15ea
0x15ea	0x15eb
0x15eb	0x15ec
0x15ec	0x15ed
0x15ed	0x15f1
0x15f2	0x15f3
0x15f3	0x15f4
0x15f4	0x15f5
0x15f5	0x15f6
0x15f6	0x15f7
0x15f7	0x15f8
0x15f8	0x15f9
0x15f9	0x15fd
0x15fd	0x15fe
0x15fe	0x15ff
0x15ff	0x1600
0x1600	0x1603
0x1603	0x1604
0x1604	0x1605
0x1605	0x1606
0x1606	0x1607
0x1607	0x160a
0x160b	0x160c
0x160c	0x160d
0x160d	0x160e
0x160e	0x160f
0x160f	0x1610
0x1610	0x1611
0x1611	0x1612
0x1612	0x1613
0x1613	0x1614
0x1615	0x1616
0x1616	0x1617
0x1617	0x1618
0x1618	0x1619
0x1619	0x161a
0x161a	0x161b
0x161b	0x161c
0x161c	0x161d
0x161d	0x161e
0x161e	0x161f
0x161f	0x1620
0x1620	0x1621
0x1621	0x1622
0x1623	0x1624
0x1624	0x1625
0x1625	0x1626
0x1626	0x1627
0x1627	0x1628
0x1628	0x1629
0x1629	0x162a
0x162a	0x162b
0x162b	0x162c
0x162c	0x162d
0x162d	0x162e
0x162e	0x162f
0x162f	0x1630
0x1630	0x1631
0x1631	0x1632
0x1633	0x1634
0x1635	0x1636
0x1637	0x1638
0x1638	0x1639
0x1639	0x163a
0x163a	0x163b
0x163b	0x163c
0x163c	0x163d
0x163d	0x163e
0x163f	0x1640
0x1641	0x1642
0x1643	0x1644
0x1644	0x1645
0x1645	0x1646
0x1646	0x1647
0x1647	0x1648
0x1648	0x1649
0x1649	0x164a
0x164b	0x164c
0x164c	0x164d
0x164d	0x164e
0x164e	0x164f
0x164f	0x1653
0x1653	0x1654
0x1654	0x1655
0x1655	0x1656
0x1656	0x1657
0x1657	0x1658
0x1658	0x1659
0x1659	0x165a
0x165b	0x165c
0x165c	0x165d
0x165d	0x165e
0x165f	0x1660
0x1660	0x1661
0x1661	0x1662
0x1663	0x1664
0x1664	0x1665
0x1665	0x1666
0x1666	0x1667
0x1667	0x1668
0x1668	0x1669
0x1669	0x166a
0x166a	0x166b
0x166b	0x166c
0x166c	0x166f
0x166f	0x1670
0x1670	0x1671
0x1671	0x1672
0x1672	0x1673
0x1673	0x1676
0x1677	0x1678
0x1678	0x1679
0x1679	0x167a
0x167a	0x167b
0x167b	0x167c
0x167d	0x167e
0x167e	0x167f
0x167f	0x1680
0x1680	0x1681
0x1681	0x1682
0x1682	0x1683
0x1683	0x1684
0x1684	0x1685
0x1685	0x1689
0x168a	0x168b
0x168b	0x168c
0x168c	0x168d
0x168d	0x168e
0x168e	0x168f
0x168f	0x1690
0x1690	0x1698
0x1698	0x1699
0x1699	0x169a
0x169a	0x169b
0x169b	0x169c
0x169c	0x169d
0x169d	0x169e
0x169e	0x169f
0x169f	0x16a0
0x16a0	0x16a1
0x16a1	0x16a2
0x16a2	0x16a5
0x16a5	0x16a6
0x16a6	0x16a7
0x16a7	0x16a8
0x16a8	0x16a9
0x16a9	0x16ac
0x16ac	0x16ad
0x16ad	0x16ae
0x16ae	0x16af
0x16af	0x16b0
0x16b1	0x16b2
0x16b2	0x16b5
0x16b5	0x16b6
0x16b6	0x16b7
0x16b7	0x16b8
0x16b8	0x16b9
0x16b9	0x16ba
0x16ba	0x16bb
0x16bb	0x16bc
0x16bc	0x16bd
0x16bd	0x16be
0x16be	0x16bf
0x16bf	0x16c0
0x16c0	0x16c1
0x16c1	0x16c2
0x16c2	0x16c3
0x16c3	0x16c4
0x16c4	0x16cc
0x16cc	0x16cd
0x16cd	0x16ce
0x16ce	0x16cf
0x16cf	0x16d0
0x16d0	0x16d7
0x16d7	0x16da
0x16da	0x16db
0x16db	0x16dc
0x16dc	0x16dd
0x16dd	0x16de
0x16de	0x16df
0x16df	0x16e0
0x16e0	0x16e1
0x16e1	0x16e2
0x16e2	0x16e3
0x16e3	0x16e4
0x16e4	0x16e5
0x16e5	0x16e6
0x16e6	0x16e7
0x16e7	0x16e8
0x16e8	0x16e9
0x16e9	0x16ea
0x16ea	0x16eb
0x16eb	0x16ec
0x16ec	0x16ed
0x16ed	0x16ee
0x16ee	0x16f1
0x16f1	0x16f2
0x16f2	0x16f3
0x16f3	0x16f4
0x16f4	0x16f5
0x16f5	0x16f8
0x16f8	0x16f9
0x16f9	0x16fa
0x16fa	0x16fb
0x16fb	0x16fc
0x16fc	0x16fd
0x16fd	0x16fe
0x16fe	0x16ff
0x16ff	0x1700
0x1700	0x1703
0x1703	0x1704
0x1704	0x1705
0x1705	0x1706
0x1706	0x1707
0x1707	0x170a
0x170a	0x170b
0x170b	0x170c
0x170c	0x170d
0x170d	0x170e
0x170e	0x170f
0x170f	0x1710
0x1710	0x1711
0x1711	0x1712
0x1712	0x1713
0x1713	0x1714
0x1714	0x1715
0x1715	0x1716
0x1717	0x1718
0x1718	0x1719
0x1719	0x171a
0x171a	0x171b
0x171b	0x171c
0x171c	0x171d
0x171d	0x171e
0x171e	0x171f
0x171f	0x1720
0x1720	0x1721
0x1721	0x1722
0x1722	0x1723
0x1723	0x1724
0x1724	0x1725
0x1725	0x1726
0x1726	0x1727
0x1727	0x1728
0x1728	0x1729
0x1729	0x172a
0x172a	0x172b
0x172b	0x172c
0x172c	0x172d
0x172d	0x172e
0x172e	0x172f
0x172f	0x1730
0x1730	0x1731
0x1731	0x1732
0x1732	0x1733
0x1734	0x1735
0x1735	0x1736
0x1736	0x1737
0x1737	0x173b
0x173b	0x173c
0x173c	0x173d
0x173d	0x173e
0x173e	0x173f
0x173f	0x1740
0x1740	0x1741
0x1741	0x1745
0x1746	0x1747
0x1747	0x1748
0x1748	0x1749
0x1749	0x174a
0x174a	0x174b
0x174b	0x174c
0x174c	0x1754
0x1754	0x175c
0x175c	0x175d
0x175d	0x175e
0x175e	0x175f
0x175f	0x1763
0x1764	0x1765
0x1765	0x176b
0x176b	0x176c
0x176c	0x176d
0x176d	0x1774
0x1774	0x177c
0x177c	0x177d
0x177d	0x177e
0x177e	0x177f
0x177f	0x1780
0x1780	0x1781
0x1781	0x1782
0x1782	0x1783
0x1783	0x1784
0x1784	0x1785
0x1785	0x1786
0x1786	0x1787
0x1787	0x178d
0x178d	0x178e
0x178e	0x178f
0x178f	0x1790
0x1790	0x1791
0x1791	0x1792
0x1792	0x1793
0x1793	0x1794
0x1794	0x1795
0x1795	0x1799
0x179a	0x179b
0x179b	0x179c
0x179c	0x179d
0x179d	0x179e
0x179e	0x179f
0x179f	0x17a0
0x17a0	0x17a8
0x17a8	0x17a9
0x17a9	0x17aa
0x17aa	0x17ab
0x17ab	0x17ac
0x17ac	0x17ad
0x17ad	0x17ae
0x17ae	0x17af
0x17af	0x17b0
0x17b0	0x17b1
0x17b1	0x17b2
0x17b2	0x17b3
0x17b3	0x17b4
0x17b4	0x17b5
0x17b5	0x17b6
0x17b7	0x17bf
0x17bf	0x17c3
0x17c3	0x17c4
0x17c4	0x17c5
0x17c5	0x17c6
0x17c6	0x17c7
0x17c7	0x17c8
0x17c8	0x17c9
0x17c9	0x17ca
0x17ca	0x17cb
0x17cb	0x17cc
0x17cc	0x17cd
0x17cd	0x17ce
0x17ce	0x17cf
0x17cf	0x17d0
0x17d0	0x17d1
0x17d1	0x17d2
0x17d2	0x17d3
0x17d3	0x17d4
0x17d4	0x17d5
0x17d5	0x17d6
0x17d6	0x17d7
0x17d7	0x17d8
0x17d8	0x17d9
0x17d9	0x17da
0x17da	0x17db
0x17db	0x17dc
0x17dc	0x17dd
0x17dd	0x17de
0x17de	0x17df
0x17df	0x17e0
0x17e0	0x17e1
0x17e1	0x17e2
0x17e2	0x17e3
0x17e3	0x17e4
0x17e4	0x17e5
0x17e5	0x17e6
0x17e6	0x17e7
0x17e7	0x17e8
0x17e8	0x17e9
0x17e9	0x17ea
0x17ea	0x17eb
0x17eb	0x17ec
0x17ec	0x17ed
0x17ed	0x17ee
0x17ee	0x17ef
0x17ef	0x17f0
0x17f0	0x17f1
0x17f1	0x17f2
0x17f2	0x17f3
0x17f3	0x17f4
0x17f4	0x17f5
0x17f5	0x17f6
0x17f6	0x17f7
0x17f7	0x17f8
0x17f8	0x17f9
0x17f9	0x17fa
0x17fa	0x17fb
0x17fb	0x17fc
0x17fc	0x17fd
0x17fd	0x17fe
0x17fe	0x17ff
0x17ff	0x1800
0x1800	0x1801
0x1801	0x1802
0x1802	0x1805
0x1805	0x1806
0x1806	0x1807
0x1807	0x1808
0x1808	0x1809
0x1809	0x180c
0x180d	0x180e
0x180e	0x180f
0x180f	0x1810
0x1810	0x1811
0x1811	0x1812
0x1812	0x1813
0x1813	0x1814
0x1814	0x1815
0x1815	0x1816
0x1816	0x1817
0x1817	0x1818
0x1818	0x1819
0x1819	0x181a
0x181a	0x181b
0x181b	0x181c
0x181c	0x181d
0x181d	0x181e
0x181e	0x181f
0x181f	0x1820
0x1820	0x1821
0x1821	0x1822
0x1822	0x1823
0x1823	0x1824
0x1824	0x1825
0x1825	0x1826
0x1827	0x1828
0x1828	0x1829
0x1829	0x182a
0x182b	0x182c
0x182c	0x182d
0x182d	0x182e
0x182f	0x1830
0x1831	0x1832
0x1832	0x1833
0x1833	0x1834
0x1835	0x1836
0x1836	0x1837
0x1837	0x1838
0x1838	0x1839
0x1839	0x183a
0x183b	0x183c
0x183c	0x183d
0x183d	0x183e
0x183e	0x1841
0x1841	0x1842
0x1843	0x1848
0x1848	0x1849
0x1849	0x184a
0x184a	0x184b
0x184b	0x184c
0x184c	0x184d
0x184d	0x184e
0x184e	0x184f
0x184f	0x1850
0x1850	0x1851
0x1851	0x1852
0x1853	0x1854
0x1854	0x1855
0x1855	0x1856
0x1856	0x1857
0x1857	0x1858
0x1859	0x185a
0x185b	0x185c
0x185d	0x185e
0x185f	0x1860
0x1860	0x1861
0x1861	0x1862
0x1863	0x1864
0x1864	0x1865
0x1865	0x1866
0x1866	0x1867
0x1867	0x1868
0x1868	0x1869
0x1869	0x186a
0x186a	0x186b
0x186b	0x186c
0x186c	0x186d
0x186d	0x186e
0x186e	0x186f
0x1870	0x1871
0x1871	0x1872
0x1872	0x1873
0x1873	0x1877
0x1877	0x1878
0x1878	0x1879
0x1879	0x187a
0x187a	0x187b
0x187b	0x187c
0x187c	0x187d
0x187d	0x1882
0x1882	0x1883
0x1883	0x1884
0x1884	0x1885
0x1885	0x1886
0x1886	0x1887
0x1887	0x1888
0x1888	0x1890
0x1890	0x1898
0x1898	0x1899
0x1899	0x189a
0x189a	0x189b
0x189b	0x18a0
0x18a0	0x18a1
0x18a1	0x18a7
0x18a7	0x18a8
0x18a8	0x18a9
0x18a9	0x18b0
0x18b0	0x18b8
0x18b8	0x18b9
0x18b9	0x18ba
0x18ba	0x18bb
0x18bb	0x18bc
0x18bc	0x18bd
0x18bd	0x18be
0x18be	0x18bf
0x18bf	0x18c0
0x18c0	0x18c1
0x18c1	0x18c2
0x18c2	0x18c3
0x18c3	0x18c9
0x18c9	0x18ca
0x18ca	0x18cb
0x18cb	0x18cc
0x18cc	0x18cd
0x18cd	0x18ce
0x18ce	0x18cf
0x18cf	0x18d0
0x18d0	0x18d1
0x18d1	0x18d6
0x18d6	0x18d7
0x18d7	0x18d8
0x18d8	0x18d9
0x18d9	0x18da
0x18da	0x18db
0x18db	0x18dc
0x18dc	0x18e4
0x18e5	0x18e6
0x18e7	0x18e8
0x18e8	0x18e9
0x18e9	0x18ea
0x18ea	0x18eb
0x18eb	0x18ec
0x18ec	0x18ed
0x18ed	0x18ee
0x18ee	0x18ef
0x18ef	0x18f0
0x18f0	0x18f1
0x18f1	0x18f2
0x18f2	0x18f3
0x18f3	0x18f7
0x18f7	0x18f8
0x18f8	0x18f9
0x18f9	0x18fa
0x18fa	0x18fb
0x18fb	0x18fc
0x18fc	0x18fd
0x18fd	0x18fe
0x18fe	0x18ff
0x18ff	0x1903
0x1903	0x1904
0x1904	0x1905
0x1905	0x1906
0x1906	0x1907
0x1907	0x1908
0x1908	0x1909
0x1909	0x190a
0x190a	0x190b
0x190b	0x190c
0x190c	0x190d
0x190d	0x190e
0x190e	0x1911
0x1911	0x1912
0x1912	0x1913
0x1913	0x1914
0x1914	0x1915
0x1915	0x1918
0x1919	0x191a
0x191a	0x191b
0x191b	0x191c
0x191c	0x191d
0x191d	0x191e
0x191f	0x1920
0x1920	0x1921
0x1921	0x1922
0x1922	0x1923
0x1923	0x1924
0x1924	0x1925
0x1925	0x1926
0x1926	0x1927
0x1927	0x192c
0x192c	0x192d
0x192d	0x192e
0x192e	0x192f
0x192f	0x1930
0x1930	0x1931
0x1931	0x1932
0x1932	0x193a
0x193a	0x193b
0x193b	0x193c
0x193c	0x193f
0x193f	0x1940
0x1940	0x1941
0x1941	0x1942
0x1942	0x1943
0x1943	0x1946
0x1946	0x1947
0x1947	0x1948
0x1948	0x1949
0x1949	0x194a
0x194a	0x194b
0x194b	0x194c
0x194c	0x194d
0x194d	0x194e
0x194e	0x194f
0x194f	0x1954
0x1954	0x1955
0x1955	0x1956
0x1956	0x1957
0x1957	0x1958
0x1958	0x1959
0x1959	0x195a
0x195a	0x195b
0x195b	0x195c
0x195d	0x195e
0x195e	0x1966
0x1966	0x196e
0x196e	0x1976
0x1976	0x197e
0x197e	0x1986
0x1986	0x1987
0x1988	0x1989
0x1989	0x198a
0x198a	0x198b
0x198b	0x198c
0x198c	0x198d
0x198d	0x198e
0x198e	0x198f
0x198f	0x1990
0x1990	0x1993
0x1993	0x1994
0x1994	0x1995
0x1995	0x1996
0x1996	0x1997
0x1997	0x199a
0x199a	0x199b
0x199b	0x199c
0x199c	0x199d
0x199d	0x199e
0x199e	0x199f
0x19a1	0x19a2
0x19a2	0x19a3
0x19a3	0x19a4
0x19a4	0x19a5
0x19a5	0x19a9
0x19a9	0x19aa
0x19aa	0x19ab
0x19ab	0x19af
0x19af	0x19b0
0x19b0	0x19b1
0x19b1	0x19b2
0x19b2	0x19b3
0x19b3	0x19b4
0x19b4	0x19b5
0x19b5	0x19b6
0x19b6	0x19b7
0x19b7	0x19b8
0x19b8	0x19b9
0x19b9	0x19ba
0x19bb	0x19bc
0x19bc	0x19bd
0x19bd	0x19be
0x19be	0x19bf
0x19bf	0x19c0
0x19c0	0x19c1
0x19c1	0x19c2
0x19c2	0x19c3
0x19c3	0x19c4
0x19c5	0x19c6
0x19c6	0x19c7
0x19c7	0x19c8
0x19c8	0x19c9
0x19c9	0x19ca
0x19ca	0x19cb
0x19cb	0x19cc
0x19cc	0x19d4
0x19d4	0x19d5
0x19d5	0x19d9
0x19da	0x19db
0x19db	0x19dc
0x19dc	0x19dd
0x19dd	0x19de
0x19de	0x19df
0x19df	0x19e0
0x19e1	0x19e2
0x19e2	0x19e3
0x19e3	0x19e4
0x19e4	0x19ec
0x19ec	0x19ed
0x19ed	0x19f2
0x19f2	0x19f3
0x19f3	0x19f4
0x19f4	0x19f5
0x19f5	0x19f6
0x19f6	0x19f7
0x19f7	0x19f8
0x19f8	0x1a00
0x1a00	0x1a01
0x1a01	0x1a02
0x1a02	0x1a03
0x1a03	0x1a04
0x1a04	0x1a05
0x1a05	0x1a0b
0x1a0b	0x1a0c
0x1a0c	0x1a0d
0x1a0d	0x1a0e
0x1a0e	0x1a16
0x1a16	0x1a17
0x1a17	0x1a18
0x1a18	0x1a19
0x1a19	0x1a20
0x1a20	0x1a21
0x1a21	0x1a25
0x1a25	0x1a26
0x1a26	0x1a27
0x1a27	0x1a28
0x1a28	0x1a29
0x1a29	0x1a2a
0x1a2a	0x1a2b
0x1a2c	0x1a2d
0x1a2d	0x1a2e
0x1a2e	0x1a2f
0x1a2f	0x1a30
0x1a30	0x1a31
0x1a31	0x1a37
0x1a37	0x1a38
0x1a38	0x1a39
0x1a39	0x1a3a
0x1a3a	0x1a42
0x1a42	0x1a43
0x1a43	0x1a44
0x1a44	0x1a45
0x1a45	0x1a4c
0x1a4c	0x1a4d
0x1a4d	0x1a51
0x1a52	0x1a53
0x1a53	0x1a54
0x1a54	0x1a55
0x1a55	0x1a56
0x1a56	0x1a57
0x1a57	0x1a58
0x1a58	0x1a59
0x1a59	0x1a5a
0x1a5a	0x1a5d
0x1a5d	0x1a5e
0x1a5e	0x1a5f
0x1a5f	0x1a60
0x1a60	0x1a61
0x1a61	0x1a64
0x1a64	0x1a65
0x1a65	0x1a66
0x1a66	0x1a67
0x1a67	0x1a68
0x1a68	0x1a69
0x1a69	0x1a6a
0x1a6a	0x1a6b
0x1a6b	0x1a6c
0x1a6d	0x1a6e
0x1a6e	0x1a6f
0x1a6f	0x1a70
0x1a70	0x1a71
0x1a71	0x1a72
0x1a72	0x1a73
0x1a73	0x1a74
0x1a74	0x1a75
0x1a75	0x1a76
0x1a76	0x1a77
0x1a77	0x1a78
0x1a78	0x1a79
0x1a79	0x1a7a
0x1a7a	0x1a7b
0x1a7b	0x1a7c
0x1a7c	0x1a7d
0x1a7d	0x1a7e
0x1a7e	0x1a7f
0x1a7f	0x1a80
0x1a81	0x1a82
0x1a82	0x1a83
0x1a83	0x1a84
0x1a84	0x1a85
0x1a85	0x1a86
0x1a86	0x1a87
0x1a87	0x1a88
0x1a88	0x1a89
0x1a89	0x1a8f
0x1a8f	0x1a90
0x1a90	0x1a91
0x1a91	0x1a92
0x1a92	0x1a9a
0x1a9a	0x1a9b
0x1a9b	0x1a9c
0x1a9c	0x1a9d
0x1a9d	0x1aa4
0x1aa4	0x1aa5
0x1aa5	0x1aa9
0x1aa9	0x1aaa
0x1aaa	0x1aab
0x1aab	0x1aac
0x1aac	0x1aaf
0x1aaf	0x1ab0
0x1ab0	0x1ab1
0x1ab1	0x1ab2
0x1ab2	0x1ab3
0x1ab3	0x1ab6
0x1ab6	0x1ab7
0x1ab7	0x1ab8
0x1ab8	0x1ab9
0x1ab9	0x1aba
0x1aba	0x1abb
0x1abb	0x1abc
0x1abc	0x1abd
0x1abd	0x1abe
0x1abe	0x1abf
0x1abf	0x1ac0
0x1ac0	0x1ac1
0x1ac1	0x1ac2
0x1ac2	0x1ac3
0x1ac3	0x1ac4
0x1ac4	0x1ac5
0x1ac5	0x1ac6
0x1ac6	0x1ac7
0x1ac7	0x1ac8
0x1ac8	0x1ac9
0x1ac9	0x1aca
0x1aca	0x1acb
0x1acb	0x1acc
0x1acd	0x1ace
0x1ace	0x1acf
0x1acf	0x1ad0
0x1ad0	0x1ad1
0x1ad1	0x1ad2
0x1ad2	0x1ad3
0x1ad3	0x1ad4
0x1ad4	0x1ad5
0x1ad5	0x1ad6
0x1ad7	0x1ad8
0x1ad8	0x1ad9
0x1ad9	0x1ada
0x1adb	0x1adc
0x1adc	0x1add
0x1add	0x1ade
0x1adf	0x1ae0
0x1ae1	0x1ae2
0x1ae3	0x1ae4
0x1ae4	0x1ae5
0x1ae5	0x1ae6
0x1ae6	0x1ae7
0x1ae7	0x1ae8
0x1ae8	0x1ae9
0x1ae9	0x1aea
0x1aea	0x1aeb
0x1aeb	0x1aec
0x1aec	0x1aed
0x1aed	0x1aee
0x1aee	0x1aef
0x1aef	0x1af0
0x1af1	0x1af2
0x1af2	0x1af3
0x1af3	0x1af4
0x1af5	0x1af6
0x1af7	0x1af8
0x1af9	0x1b01
0x1b01	0x1b02
0x1b02	0x1b09
0x1b09	0x1b0a
0x1b0a	0x1b0b
0x1b0b	0x1b10
0x1b10	0x1b11
0x1b11	0x1b12
0x1b12	0x1b13
0x1b13	0x1b14
0x1b14	0x1b19
0x1b19	0x1b1a
0x1b1a	0x1b1f
0x1b1f	0x1b23
0x1b23	0x1b2a
0x1b2a	0x1b2b
0x1b2b	0x1b2c
0x1b2c	0x1b2d
0x1b2d	0x1b31
0x1b33	0x1b34
0x1b34	0x1b3a
0x1b3b	0x1b3c
0x1b3d	0x1b3e
0x1b3e	0x1b3f
0x1b3f	0x1b40
0x1b41	0x1b42
0x1b42	0x1b43
0x1b43	0x1b44
0x1b44	0x1b45
0x1b45	0x1b46
0x1b47	0x1b48
0x1b48	0x1b4b
0x1b4b	0x1b4c
0x1b4c	0x1b4d
0x1b4d	0x1b4e
0x1b4e	0x1b4f
0x1b4f	0x1b50
0x1b50	0x1b51
0x1b51	0x1b52
0x1b52	0x1b53
0x1b53	0x1b54
0x1b54	0x1b55
0x1b55	0x1b56
0x1b56	0x1b57
0x1b57	0x1b58
0x1b59	0x1b5a
0x1b5a	0x1b5b
0x1b5b	0x1b5c
0x1b5c	0x1b5d
0x1b5d	0x1b5e
0x1b5e	0x1b5f
0x1b5f	0x1b60
0x1b60	0x1b61
0x1b61	0x1b62
0x1b62	0x1b65
0x1b65	0x1b66
0x1b66	0x1b67
0x1b67	0x1b68
0x1b68	0x1b69
0x1b69	0x1b6c
0x1b6c	0x1b6d
0x1b6d	0x1b6e
0x1b6e	0x1b6f
0x1b6f	0x1b70
0x1b71	0x1b72
0x1b72	0x1b73
0x1b73	0x1b74
0x1b74	0x1b75
0x1b75	0x1b76
0x1b77	0x1b78
0x1b79	0x1b81
0x1b81	0x1b87
0x1b87	0x1b88
0x1b89	0x1b8d
0x1b8d	0x1b8e
0x1b8e	0x1b92
0x1b92	0x1b9a
0x1b9b	0x1b9c
0x1b9c	0x1b9d
0x1b9d	0x1ba1
0x1ba1	0x1ba2
0x1ba2	0x1ba3
0x1ba3	0x1ba4
0x1ba4	0x1ba9
0x1ba9	0x1baa
0x1baa	0x1bab
0x1bab	0x1bac
0x1bac	0x1bb4
0x1bb4	0x1bb5
0x1bb5	0x1bb6
0x1bb6	0x1bba
0x1bbb	0x1bbc
0x1bbc	0x1bbd
0x1bbd	0x1bbe
0x1bbf	0x1bc0
0x1bc0	0x1bc1
0x1bc1	0x1bc2
0x1bc2	0x1bc3
0x1bc3	0x1bc4
0x1bc4	0x1bc5
0x1bc5	0x1bc6
0x1bc6	0x1bc7
0x1bc7	0x1bc8
0x1bc9	0x1bca
0x1bca	0x1bcd
0x1bcd	0x1bce
0x1bce	0x1bcf
0x1bcf	0x1bd0
0x1bd0	0x1bd1
0x1bd1	0x1bd2
0x1bd2	0x1bd3
0x1bd3	0x1bd4
0x1bd4	0x1bd5
0x1bd5	0x1bd6
0x1bd8	0x1bd9
0x1bd9	0x1bda
0x1bda	0x1bdb
0x1bdb	0x1bdf
0x1bdf	0x1be0
0x1be0	0x1be1
0x1be1	0x1be2
0x1be2	0x1be3
0x1be3	0x1be4
0x1be4	0x1be5
0x1be5	0x1be6
0x1be6	0x1be7
0x1be7	0x1be8
0x1be8	0x1be9
0x1be9	0x1bea
0x1bea	0x1beb
0x1beb	0x1bec
0x1bec	0x1bed
0x1bed	0x1bee
0x1bee	0x1bef
0x1bef	0x1bf5
0x1bf5	0x1bfc
0x1bfd	0x1bfe
0x1bfe	0x1bff
0x1bff	0x1c00
0x1c00	0x1c01
0x1c01	0x1c02
0x1c02	0x1c03
0x1c03	0x1c04
0x1c04	0x1c05
0x1c05	0x1c06
0x1c06	0x1c07
0x1c07	0x1c08
0x1c08	0x1c09
0x1c09	0x1c0d
0x1c0d	0x1c0e
0x1c0e	0x1c0f
0x1c0f	0x1c10
0x1c10	0x1c11
0x1c11	0x1c12
0x1c12	0x1c13
0x1c13	0x1c14
0x1c14	0x1c15
0x1c15	0x1c16
0x1c16	0x1c17
0x1c17	0x1c18
0x1c18	0x1c19
0x1c19	0x1c1a
0x1c1a	0x1c1b
0x1c1b	0x1c1c
0x1c1c	0x1c1d
0x1c1d	0x1c24
0x1c24	0x1c25
0x1c25	0x1c26
0x1c26	0x1c27
0x1c27	0x1c28
0x1c28	0x1c29
0x1c29	0x1c2a
0x1c2a	0x1c2b
0x1c2b	0x1c2c
0x1c2c	0x1c2d
0x1c2d	0x1c2e
0x1c2e	0x1c2f
0x1c2f	0x1c30
0x1c30	0x1c31
0x1c31	0x1c32
0x1c32	0x1c33
0x1c33	0x1c3a
0x1c3a	0x1c3b
0x1c3b	0x1c3f
0x1c3f	0x1c40
0x1c40	0x1c41
0x1c41	0x1c45
0x1c45	0x1c46
0x1c46	0x1c47
0x1c47	0x1c48
0x1c48	0x1c49
0x1c49	0x1c50
0x1c50	0x1c51
0x1c51	0x1c55
0x1c55	0x1c56
0x1c56	0x1c57
0x1c57	0x1c58
0x1c58	0x1c59
0x1c59	0x1c5a
0x1c5a	0x1c5b
0x1c5b	0x1c5c
0x1c5c	0x1c5d
0x1c5d	0x1c5e
0x1c5e	0x1c5f
0x1c5f	0x1c63
0x1c63	0x1c64
0x1c64	0x1c65
0x1c65	0x1c66
0x1c66	0x1c67
0x1c67	0x1c68
0x1c68	0x1c69
0x1c69	0x1c6a
0x1c6a	0x1c6b
0x1c6b	0x1c6c
0x1c6c	0x1c6d
0x1c6d	0x1c6e
0x1c6e	0x1c6f
0x1c6f	0x1c76
0x1c76	0x1c77
0x1c77	0x1c7b
0x1c7b	0x1c7c
0x1c7c	0x1c7d
0x1c7d	0x1c7e
0x1c7f	0x1c80
0x1c80	0x1c81
0x1c81	0x1c82
0x1c82	0x1c83
0x1c83	0x1c87
0x1c87	0x1c88
0x1c88	0x1c89
0x1c89	0x1c8a
0x1c8a	0x1c8b
0x1c8b	0x1c8c
0x1c8c	0x1c8d
0x1c8d	0x1c8e
0x1c8e	0x1c8f
0x1c8f	0x1c90
0x1c90	0x1c91
0x1c91	0x1c92
0x1c92	0x1c93
0x1c93	0x1c94
0x1c94	0x1c95
0x1c95	0x1c96
0x1c96	0x1c97
0x1c97	0x1c98
0x1c98	0x1c99
0x1c99	0x1ca0
0x1ca0	0x1ca1
0x1ca1	0x1ca2
0x1ca2	0x1ca5
0x1ca5	0x1ca6
0x1ca6	0x1ca7
0x1ca7	0x1ca8
0x1ca9	0x1cac
0x1cad	0x1cae
0x1cae	0x1caf
0x1caf	0x1cb0
0x1cb0	0x1cb1
0x1cb1	0x1cb2
0x1cb2	0x1cb3
0x1cb3	0x1cb4
0x1cb4	0x1cb5
0x1cb5	0x1cb6
0x1cb6	0x1cba
0x1cba	0x1cbb
0x1cbb	0x1cbc
0x1cbf	0x1cc0
0x1cc1	0x1cc2
0x1cc2	0x1cc3
0x1cc3	0x1cca
0x1cca	0x1ccb
0x1ccb	0x1ccf
0x1cd0	0x1cd6
0x1cd6	0x1cdd
0x1cdd	0x1cde
0x1cde	0x1cdf
0x1cdf	0x1ce0
0x1ce0	0x1ce1
0x1ce2	0x1ce3
0x1ce4	0x1ce5
0x1ce5	0x1ce6
0x1ce6	0x1ce7
0x1ce7	0x1ce8
0x1ce8	0x1ce9
0x1ce9	0x1ced
0x1ced	0x1cee
0x1cee	0x1cf5
0x1cf5	0x1cf6
0x1cf6	0x1cf7
0x19	0x1a
0x61	0x62
0x63	0x64
0xa5	0xa6
0xbb	0xbc
0xfa	0xfb
0xfb	0xfc
0xfd	0xfe
0x113	0x114
0x129	0x12a
0x155	0x156
0x197	0x198
0x1ab	0x1ac
0x1ad	0x1ae
0x1d6	0x1d7
0x1ef	0x1f0
0x229	0x22a
0x2df	0x2e0
0x33d	0x33e
0x3fb	0x3fc
0x479	0x47a
0x48f	0x490
0x4a3	0x4a4
0x4e9	0x4ea
0x4fd	0x4fe
0x53f	0x540
0x603	0x604
0x605	0x606
0x67d	0x67e
0x737	0x738
0x819	0x81a
0x83b	0x83c
0x83f	0x840
0x84d	0x84e
0x861	0x862
0x89e	0x89f
0x8a1	0x8a2
0x8e3	0x8e4
0x915	0x916
0x99c	0x99d
0x9a6	0x9a7
0xa41	0xa42
0xa61	0xa62
0xad8	0xad9
0xc39	0xc3a
0xca9	0xcaa
0xd2f	0xd30
0xd73	0xd74
0xdef	0xdf0
0xe04	0xe05
0xea3	0xea4
0xea7	0xea8
0xf15	0xf16
0xf19	0xf1a
0xf6f	0xf70
0xfb9	0xfba
0x10c4	0x10c5
0x10d1	0x10d2
0x1102	0x1103
0x1174	0x1175
0x11f7	0x11f8
0x1217	0x1218
0x1237	0x1238
0x1242	0x1243
0x12d4	0x12d5
0x12d7	0x12d8
0x1321	0x1322
0x142f	0x1430
0x1446	0x1447
0x14e4	0x14e5
0x1567	0x1568
0x1579	0x157a
0x1597	0x1598
0x15cd	0x15ce
0x15f1	0x15f2
0x1689	0x168a
0x16b0	0x16b1
0x1733	0x1734
0x1745	0x1746
0x1763	0x1764
0x1799	0x179a
0x17b6	0x17b7
0x186f	0x1870
0x195c	0x195d
0x199f	0x19a0
0x1a2b	0x1a2c
0x1a51	0x1a52
0x1af8	0x1af9
0x1b32	0x1b33
0x1b78	0x1b79
0x1ca8	0x1ca9
0x1cac	0x1cad
0x1cbc	0x1cbd
0x1cbd	0x1cbe
0x1ce1	0x1ce2
0x1ce3	0x1ce4
0x53	0x54
0xd8	0xd9
0x102	0x103
0x110	0x111
0x118	0x119
0x132	0x133
0x1ec	0x1ed
0x227	0x228
0x268	0x269
0x26a	0x26b
0x26e	0x26f
0x270	0x271
0x276	0x277
0x27c	0x27d
0x2c2	0x2c3
0x2c6	0x2c7
0x2cc	0x2cd
0x2dd	0x2de
0x301	0x302
0x30e	0x30f
0x326	0x327
0x32a	0x32b
0x380	0x381
0x38c	0x38d
0x390	0x391
0x39a	0x39b
0x3d2	0x3d3
0x3da	0x3db
0x3de	0x3df
0x3e8	0x3e9
0x428	0x429
0x52c	0x52d
0x5c7	0x5c8
0x632	0x633
0x6aa	0x6ab
0x725	0x726
0x7b1	0x7b2
0x7b8	0x7b9
0x7bc	0x7bd
0x7f0	0x7f1
0x804	0x805
0x878	0x879
0x8ba	0x8bb
0x8ce	0x8cf
0x8e4	0x8e5
0x903	0x904
0x916	0x917
0x928	0x929
0x948	0x949
0x98e	0x98f
0x990	0x991
0x9a7	0x9a8
0x9fa	0x9fb
0xa20	0xa21
0xa2e	0xa2f
0xa3e	0xa3f
0xa48	0xa49
0xa4a	0xa4b
0xa6c	0xa6d
0xa6d	0xa6e
0xa9a	0xa9b
0xaaa	0xaab
0xab6	0xab7
0xabc	0xabd
0xac0	0xac1
0xac6	0xac7
0xad4	0xad5
0xb07	0xb08
0xb1a	0xb1b
0xb1e	0xb1f
0xb22	0xb23
0xb24	0xb25
0xb28	0xb29
0xbac	0xbad
0xbc0	0xbc1
0xbf8	0xbf9
0xc06	0xc07
0xc18	0xc19
0xc1a	0xc1b
0xc22	0xc23
0xc24	0xc25
0xc5c	0xc5d
0xc70	0xc71
0xcb0	0xcb1
0xcbe	0xcbf
0xcce	0xccf
0xcd0	0xcd1
0xcd2	0xcd3
0xce6	0xce7
0xce8	0xce9
0xcf0	0xcf1
0xcf2	0xcf3
0xcf4	0xcf5
0xd36	0xd37
0xd44	0xd45
0xd68	0xd69
0xd6a	0xd6b
0xd6c	0xd6d
0xd70	0xd71
0xd7e	0xd7f
0xd80	0xd81
0xdd0	0xdd1
0xdda	0xddb
0xdde	0xddf
0xde2	0xde3
0xde4	0xde5
0xde6	0xde7
0xdf4	0xdf5
0xdf8	0xdf9
0xdfa	0xdfb
0xdfc	0xdfd
0xdff	0xe00
0xe02	0xe03
0xe14	0xe15
0xe26	0xe27
0xe46	0xe47
0xe48	0xe49
0xe4c	0xe4d
0xe52	0xe53
0xe5c	0xe5d
0xe5e	0xe5f
0xe80	0xe81
0xe94	0xe95
0xe9a	0xe9b
0xed8	0xed9
0xedc	0xedd
0xeee	0xeef
0xf16	0xf17
0xf4c	0xf4d
0xf60	0xf61
0xf66	0xf67
0xf96	0xf97
0xfaa	0xfab
0xfe4	0xfe5
0xff8	0xff9
0x1004	0x1005
0x102a	0x102b
0x103e	0x103f
0x1050	0x1051
0x10aa	0x10ab
0x10c2	0x10c3
0x10de	0x10df
0x1101	0x1102
0x1108	0x1109
0x110c	0x110d
0x1116	0x1117
0x1138	0x1139
0x114c	0x114d
0x1152	0x1153
0x1166	0x1167
0x1168	0x1169
0x11d0	0x11d1
0x11e4	0x11e5
0x11ea	0x11eb
0x11f3	0x11f4
0x1213	0x1214
0x1238	0x1239
0x124b	0x124c
0x128a	0x128b
0x1294	0x1295
0x12af	0x12b0
0x12d3	0x12d4
0x12fa	0x12fb
0x130e	0x130f
0x131d	0x131e
0x131e	0x131f
0x1344	0x1345
0x1358	0x1359
0x1361	0x1362
0x1398	0x1399
0x13b2	0x13b3
0x13b4	0x13b5
0x13b6	0x13b7
0x13ba	0x13bb
0x13cb	0x13cc
0x1410	0x1411
0x141a	0x141b
0x141e	0x141f
0x1422	0x1423
0x1424	0x1425
0x1426	0x1427
0x1434	0x1435
0x1438	0x1439
0x143a	0x143b
0x143e	0x143f
0x1440	0x1441
0x1444	0x1445
0x1456	0x1457
0x1468	0x1469
0x1488	0x1489
0x148a	0x148b
0x148e	0x148f
0x1494	0x1495
0x149e	0x149f
0x14a0	0x14a1
0x14af	0x14b0
0x14ca	0x14cb
0x154a	0x154b
0x15dc	0x15dd
0x15de	0x15df
0x160a	0x160b
0x1614	0x1615
0x1622	0x1623
0x1632	0x1633
0x1634	0x1635
0x1636	0x1637
0x163e	0x163f
0x1640	0x1641
0x1642	0x1643
0x164a	0x164b
0x165a	0x165b
0x165e	0x165f
0x1662	0x1663
0x1676	0x1677
0x167c	0x167d
0x1716	0x1717
0x180c	0x180d
0x1826	0x1827
0x182a	0x182b
0x182e	0x182f
0x1830	0x1831
0x1834	0x1835
0x183a	0x183b
0x1842	0x1843
0x1852	0x1853
0x1858	0x1859
0x185a	0x185b
0x185c	0x185d
0x185e	0x185f
0x1862	0x1863
0x18e4	0x18e5
0x18e6	0x18e7
0x1918	0x1919
0x191e	0x191f
0x1987	0x1988
0x19a0	0x19a1
0x19ba	0x19bb
0x19c4	0x19c5
0x19d9	0x19da
0x19e0	0x19e1
0x1a6c	0x1a6d
0x1a80	0x1a81
0x1acc	0x1acd
0x1ad6	0x1ad7
0x1ada	0x1adb
0x1ade	0x1adf
0x1ae0	0x1ae1
0x1ae2	0x1ae3
0x1af0	0x1af1
0x1af4	0x1af5
0x1af6	0x1af7
0x1b31	0x1b32
0x1b3a	0x1b3b
0x1b3c	0x1b3d
0x1b40	0x1b41
0x1b46	0x1b47
0x1b58	0x1b59
0x1b70	0x1b71
0x1b76	0x1b77
0x1b88	0x1b89
0x1b9a	0x1b9b
0x1bba	0x1bbb
0x1bbe	0x1bbf
0x1bc8	0x1bc9
0x1bd6	0x1bd7
0x1bd7	0x1bd8
0x1bfc	0x1bfd
0x1c7e	0x1c7f
0x1cbe	0x1cbf
0x1cc0	0x1cc1
0x1ccf	0x1cd0
