0x0	0x0	0
0x40	0x40	0
0x1	0x1	0
0x3f	0x3f	0
0x60	0x60	0
0x4	0x4	0
0x2	0x2	0
0x3	0x3	0
0x5	0x5	0
0x6	0x6	0
0x7	0x7	0
0x8	0x8	0
0x9	0x9	0
0xa	0xa	0
0xb	0xb	0
0xc	0xc	0
0xd	0xd	0
0xe	0xe	0
0xf	0xf	0
0x10	0x10	0
0x11	0x11	0
0x12	0x12	0
0x13	0x13	0
0x14	0x14	0
0x15	0x15	0
0x16	0x16	0
0x17	0x17	0
0x18	0x18	0
0x1a	0x1a	0
0x1b	0x1b	0
0x1c	0x1c	0
0x25	0x25	0
0x2a	0x2a	0
0x2b	0x2b	0
0x2c	0x2c	0
0x2d	0x2d	0
0x2e	0x2e	0
0x2f	0x2f	0
0x30	0x30	0
0x31	0x31	0
0x32	0x32	0
0x33	0x33	0
0x34	0x34	0
0x35	0x35	0
0x36	0x36	0
0x37	0x37	0
0x38	0x38	0
0x39	0x39	0
0x3a	0x3a	0
0x3b	0x3b	0
0x3c	0x3c	0
0x3d	0x3d	0
0x3e	0x3e	0
0x41	0x41	0
0x42	0x42	0
0x43	0x43	0
0x44	0x44	0
0x45	0x45	0
0x46	0x46	0
0x47	0x47	0
0x48	0x48	0
0x49	0x49	0
0x4a	0x4a	0
0x4b	0x4b	0
0x4c	0x4c	0
0x4d	0x4d	0
0x4e	0x4e	0
0x4f	0x4f	0
0x50	0x50	0
0x51	0x51	0
0x52	0x52	0
0x53	0x53	0
0x54	0x54	0
0x55	0x55	0
0x56	0x56	0
0x57	0x57	0
0x58	0x58	0
0x59	0x59	0
0x5a	0x5a	0
0x5b	0x5b	0
0x5c	0x5c	0
0x5d	0x5d	0
0x5e	0x5e	0
0x5f	0x5f	0
0x61	0x61	0
0x62	0x62	0
0x63	0x63	0
0x64	0x64	0
0x65	0x65	0
0x66	0x66	0
0x67	0x67	0
0x68	0x68	0
0x69	0x69	0
0x6a	0x6a	0
0x6b	0x6b	0
0x6c	0x6c	0
0x6d	0x6d	0
0x74	0x74	0
0x75	0x75	0
0x76	0x76	0
0x77	0x77	0
0x78	0x78	0
0x79	0x79	0
0x7a	0x7a	0
0x7b	0x7b	0
0x7c	0x7c	0
0x7e	0x7e	0
0x80	0x80	0
0x81	0x81	0
0x82	0x82	0
0x83	0x83	0
0x85	0x85	0
0x89	0x89	0
0x8a	0x8a	0
0x8b	0x8b	0
0x8c	0x8c	0
0x8d	0x8d	0
0x8e	0x8e	0
0x8f	0x8f	0
0x90	0x90	0
0x91	0x91	0
0x92	0x92	0
0x96	0x96	0
0x97	0x97	0
0x98	0x98	0
0x99	0x99	0
0x9b	0x9b	0
0xa2	0xa2	0
0xa3	0xa3	0
0xa4	0xa4	0
0xa5	0xa5	0
0xa6	0xa6	0
0xa7	0xa7	0
0xa8	0xa8	0
0xac	0xac	0
0xad	0xad	0
0xae	0xae	0
0xaf	0xaf	0
0xb0	0xb0	0
0xb1	0xb1	0
0xb5	0xb5	0
0xb6	0xb6	0
0xb7	0xb7	0
0xb8	0xb8	0
0xb9	0xb9	0
0xba	0xba	0
0xbb	0xbb	0
0xbc	0xbc	0
0xbd	0xbd	0
0xbe	0xbe	0
0xc5	0xc5	0
0xc6	0xc6	0
0xc9	0xc9	0
0xca	0xca	0
0xcb	0xcb	0
0xcc	0xcc	0
0xce	0xce	0
0xcf	0xcf	0
0xd0	0xd0	0
0xd1	0xd1	0
0xd2	0xd2	0
0xd3	0xd3	0
0xd4	0xd4	0
0xd5	0xd5	0
0xd6	0xd6	0
0xd8	0xd8	0
0xd9	0xd9	0
0xda	0xda	0
0xdb	0xdb	0
0xdc	0xdc	0
0xe2	0xe2	0
0xe5	0xe5	0
0xe6	0xe6	0
0xe7	0xe7	0
0xe8	0xe8	0
0xe9	0xe9	0
0xea	0xea	0
0xeb	0xeb	0
0xec	0xec	0
0xee	0xee	0
0xef	0xef	0
0xf0	0xf0	0
0xf1	0xf1	0
0xf2	0xf2	0
0xfa	0xfa	0
0xfb	0xfb	0
0xfc	0xfc	0
0xfd	0xfd	0
0xfe	0xfe	0
0xff	0xff	0
0x100	0x100	0
0x101	0x101	0
0x108	0x108	0
0x109	0x109	0
0x10a	0x10a	0
0x10b	0x10b	0
0x10c	0x10c	0
0x114	0x114	0
0x115	0x115	0
0x116	0x116	0
0x117	0x117	0
0x118	0x118	0
0x119	0x119	0
0x11b	0x11b	0
0x11c	0x11c	0
0x11e	0x11e	0
0x11f	0x11f	0
0x120	0x120	0
0x121	0x121	0
0x122	0x122	0
0x123	0x123	0
0x124	0x124	0
0x12c	0x12c	0
0x12d	0x12d	0
0x12f	0x12f	0
0x137	0x137	0
0x138	0x138	0
0x139	0x139	0
0x13b	0x13b	0
0x13c	0x13c	0
0x13d	0x13d	0
0x13e	0x13e	0
0x13f	0x13f	0
0x143	0x143	0
0x147	0x147	0
0x148	0x148	0
0x149	0x149	0
0x14a	0x14a	0
0x14b	0x14b	0
0x14c	0x14c	0
0x14d	0x14d	0
0x14e	0x14e	0
0x152	0x152	0
0x153	0x153	0
0x154	0x154	0
0x155	0x155	0
0x156	0x156	0
0x157	0x157	0
0x158	0x158	0
0x160	0x160	0
0x161	0x161	0
0x163	0x163	0
0x16b	0x16b	0
0x16c	0x16c	0
0x16d	0x16d	0
0x16e	0x16e	0
0x173	0x173	0
0x177	0x177	0
0x178	0x178	0
0x179	0x179	0
0x17a	0x17a	0
0x17b	0x17b	0
0x17c	0x17c	0
0x17d	0x17d	0
0x17e	0x17e	0
0x183	0x183	0
0x184	0x184	0
0x185	0x185	0
0x186	0x186	0
0x187	0x187	0
0x188	0x188	0
0x190	0x190	0
0x191	0x191	0
0x192	0x192	0
0x198	0x198	0
0x199	0x199	0
0x19a	0x19a	0
0x19d	0x19d	0
0x19e	0x19e	0
0x19f	0x19f	0
0x1a0	0x1a0	0
0x1a1	0x1a1	0
0x1a4	0x1a4	0
0x1a5	0x1a5	0
0x1a6	0x1a6	0
0x1a7	0x1a7	0
0x1a8	0x1a8	0
0x1a9	0x1a9	0
0x1aa	0x1aa	0
0x1ab	0x1ab	0
0x1ac	0x1ac	0
0x1ad	0x1ad	0
0x1ae	0x1ae	0
0x1af	0x1af	0
0x1b0	0x1b0	0
0x1b4	0x1b4	0
0x1b5	0x1b5	0
0x1b9	0x1b9	0
0x1ba	0x1ba	0
0x1bb	0x1bb	0
0x1bc	0x1bc	0
0x1bd	0x1bd	0
0x1bf	0x1bf	0
0x1c0	0x1c0	0
0x1c1	0x1c1	0
0x1c2	0x1c2	0
0x1c3	0x1c3	0
0x1c4	0x1c4	0
0x1c5	0x1c5	0
0x1c7	0x1c7	0
0x1c8	0x1c8	0
0x1c9	0x1c9	0
0x1cb	0x1cb	0
0x1cc	0x1cc	0
0x1cd	0x1cd	0
0x1ce	0x1ce	0
0x1cf	0x1cf	0
0x1d0	0x1d0	0
0x1d1	0x1d1	0
0x1d2	0x1d2	0
0x1d3	0x1d3	0
0x1d5	0x1d5	0
0x1d6	0x1d6	0
0x1de	0x1de	0
0x1df	0x1df	0
0x1e0	0x1e0	0
0x1e1	0x1e1	0
0x1e2	0x1e2	0
0x1e3	0x1e3	0
0x1e4	0x1e4	0
0x1ec	0x1ec	0
0x1ed	0x1ed	0
0x1ee	0x1ee	0
0x1f6	0x1f6	0
0x1f7	0x1f7	0
0x1f8	0x1f8	0
0x1f9	0x1f9	0
0x1fa	0x1fa	0
0x1fb	0x1fb	0
0x1fc	0x1fc	0
0x1fd	0x1fd	0
0x1fe	0x1fe	0
0x1ff	0x1ff	0
0x200	0x200	0
0x201	0x201	0
0x202	0x202	0
0x203	0x203	0
0x204	0x204	0
0x209	0x209	0
0x20d	0x20d	0
0x20e	0x20e	0
0x20f	0x20f	0
0x210	0x210	0
0x211	0x211	0
0x212	0x212	0
0x213	0x213	0
0x214	0x214	0
0x215	0x215	0
0x216	0x216	0
0x217	0x217	0
0x218	0x218	0
0x21b	0x21b	0
0x21c	0x21c	0
0x21d	0x21d	0
0x21e	0x21e	0
0x21f	0x21f	0
0x223	0x223	0
0x225	0x225	0
0x226	0x226	0
0x227	0x227	0
0x228	0x228	0
0x229	0x229	0
0x22a	0x22a	0
0x22b	0x22b	0
0x22c	0x22c	0
0x22d	0x22d	0
0x22f	0x22f	0
0x230	0x230	0
0x231	0x231	0
0x233	0x233	0
0x234	0x234	0
0x235	0x235	0
0x236	0x236	0
0x237	0x237	0
0x238	0x238	0
0x239	0x239	0
0x23a	0x23a	0
0x23b	0x23b	0
0x23d	0x23d	0
0x23e	0x23e	0
0x246	0x246	0
0x247	0x247	0
0x248	0x248	0
0x249	0x249	0
0x24a	0x24a	0
0x24b	0x24b	0
0x24c	0x24c	0
0x24d	0x24d	0
0x252	0x252	0
0x253	0x253	0
0x254	0x254	0
0x255	0x255	0
0x256	0x256	0
0x25e	0x25e	0
0x25f	0x25f	0
0x260	0x260	0
0x266	0x266	0
0x267	0x267	0
0x268	0x268	0
0x26b	0x26b	0
0x26c	0x26c	0
0x26d	0x26d	0
0x26e	0x26e	0
0x26f	0x26f	0
0x272	0x272	0
0x273	0x273	0
0x274	0x274	0
0x275	0x275	0
0x276	0x276	0
0x277	0x277	0
0x278	0x278	0
0x279	0x279	0
0x27a	0x27a	0
0x27b	0x27b	0
0x27c	0x27c	0
0x27d	0x27d	0
0x27e	0x27e	0
0x286	0x286	0
0x287	0x287	0
0x288	0x288	0
0x28e	0x28e	0
0x28f	0x28f	0
0x290	0x290	0
0x293	0x293	0
0x294	0x294	0
0x295	0x295	0
0x296	0x296	0
0x297	0x297	0
0x29a	0x29a	0
0x29b	0x29b	0
0x29c	0x29c	0
0x29d	0x29d	0
0x29e	0x29e	0
0x29f	0x29f	0
0x2a0	0x2a0	0
0x2a1	0x2a1	0
0x2a2	0x2a2	0
0x2a3	0x2a3	0
0x2a4	0x2a4	0
0x2a5	0x2a5	0
0x2a6	0x2a6	0
0x2a7	0x2a7	0
0x2a8	0x2a8	0
0x2a9	0x2a9	0
0x2aa	0x2aa	0
0x2ab	0x2ab	0
0x2ac	0x2ac	0
0x2ad	0x2ad	0
0x2ae	0x2ae	0
0x2af	0x2af	0
0x2b0	0x2b0	0
0x2b1	0x2b1	0
0x2b2	0x2b2	0
0x2b3	0x2b3	0
0x2b4	0x2b4	0
0x2b5	0x2b5	0
0x2b6	0x2b6	0
0x2b7	0x2b7	0
0x2b8	0x2b8	0
0x2ba	0x2ba	0
0x2bb	0x2bb	0
0x2bc	0x2bc	0
0x2bd	0x2bd	0
0x2c1	0x2c1	0
0x2c2	0x2c2	0
0x2c3	0x2c3	0
0x2c4	0x2c4	0
0x2c5	0x2c5	0
0x2c6	0x2c6	0
0x2c7	0x2c7	0
0x2c8	0x2c8	0
0x2c9	0x2c9	0
0x2cc	0x2cc	0
0x2cd	0x2cd	0
0x2ce	0x2ce	0
0x2cf	0x2cf	0
0x2d0	0x2d0	0
0x2d1	0x2d1	0
0x2d2	0x2d2	0
0x2da	0x2da	0
0x2db	0x2db	0
0x2dc	0x2dc	0
0x2e2	0x2e2	0
0x2e5	0x2e5	0
0x2e6	0x2e6	0
0x2e7	0x2e7	0
0x2eb	0x2eb	0
0x2ed	0x2ed	0
0x2f1	0x2f1	0
0x2f2	0x2f2	0
0x2f6	0x2f6	0
0x2f7	0x2f7	0
0x2fb	0x2fb	0
0x2fc	0x2fc	0
0x2fd	0x2fd	0
0x2fe	0x2fe	0
0x2ff	0x2ff	0
0x300	0x300	0
0x302	0x302	0
0x303	0x303	0
0x304	0x304	0
0x305	0x305	0
0x306	0x306	0
0x307	0x307	0
0x30b	0x30b	0
0x30c	0x30c	0
0x30d	0x30d	0
0x30e	0x30e	0
0x30f	0x30f	0
0x310	0x310	0
0x311	0x311	0
0x312	0x312	0
0x313	0x313	0
0x314	0x314	0
0x315	0x315	0
0x316	0x316	0
0x31b	0x31b	0
0x31c	0x31c	0
0x31d	0x31d	0
0x31e	0x31e	0
0x31f	0x31f	0
0x320	0x320	0
0x321	0x321	0
0x322	0x322	0
0x323	0x323	0
0x324	0x324	0
0x325	0x325	0
0x326	0x326	0
0x329	0x329	0
0x32a	0x32a	0
0x32b	0x32b	0
0x32c	0x32c	0
0x32d	0x32d	0
0x330	0x330	0
0x331	0x331	0
0x332	0x332	0
0x333	0x333	0
0x335	0x335	0
0x336	0x336	0
0x337	0x337	0
0x338	0x338	0
0x339	0x339	0
0x33a	0x33a	0
0x33b	0x33b	0
0x33c	0x33c	0
0x33d	0x33d	0
0x33e	0x33e	0
0x347	0x347	0
0x348	0x348	0
0x349	0x349	0
0x34a	0x34a	0
0x34b	0x34b	0
0x34c	0x34c	0
0x34d	0x34d	0
0x34e	0x34e	0
0x34f	0x34f	0
0x350	0x350	0
0x351	0x351	0
0x352	0x352	0
0x353	0x353	0
0x354	0x354	0
0x355	0x355	0
0x356	0x356	0
0x357	0x357	0
0x358	0x358	0
0x360	0x360	0
0x361	0x361	0
0x362	0x362	0
0x363	0x363	0
0x364	0x364	0
0x365	0x365	0
0x366	0x366	0
0x367	0x367	0
0x368	0x368	0
0x369	0x369	0
0x36a	0x36a	0
0x36b	0x36b	0
0x36c	0x36c	0
0x36d	0x36d	0
0x36e	0x36e	0
0x373	0x373	0
0x379	0x379	0
0x37a	0x37a	0
0x37b	0x37b	0
0x382	0x382	0
0x38a	0x38a	0
0x38b	0x38b	0
0x38c	0x38c	0
0x38d	0x38d	0
0x38e	0x38e	0
0x38f	0x38f	0
0x393	0x393	0
0x394	0x394	0
0x395	0x395	0
0x396	0x396	0
0x397	0x397	0
0x398	0x398	0
0x399	0x399	0
0x39a	0x39a	0
0x3a0	0x3a0	0
0x3a4	0x3a4	0
0x3a5	0x3a5	0
0x3a9	0x3a9	0
0x3aa	0x3aa	0
0x3ab	0x3ab	0
0x3ac	0x3ac	0
0x3ad	0x3ad	0
0x3b1	0x3b1	0
0x3b2	0x3b2	0
0x3b3	0x3b3	0
0x3b4	0x3b4	0
0x3b5	0x3b5	0
0x3b6	0x3b6	0
0x3b7	0x3b7	0
0x3b8	0x3b8	0
0x3b9	0x3b9	0
0x3ba	0x3ba	0
0x3be	0x3be	0
0x3bf	0x3bf	0
0x3c0	0x3c0	0
0x3c1	0x3c1	0
0x3c2	0x3c2	0
0x3c9	0x3c9	0
0x3ca	0x3ca	0
0x3cb	0x3cb	0
0x3cc	0x3cc	0
0x3cd	0x3cd	0
0x3d1	0x3d1	0
0x3d2	0x3d2	0
0x3d3	0x3d3	0
0x3d4	0x3d4	0
0x3d5	0x3d5	0
0x3d7	0x3d7	0
0x3d8	0x3d8	0
0x3d9	0x3d9	0
0x3db	0x3db	0
0x3dc	0x3dc	0
0x3dd	0x3dd	0
0x3de	0x3de	0
0x3df	0x3df	0
0x3e0	0x3e0	0
0x3e8	0x3e8	0
0x3e9	0x3e9	0
0x3ea	0x3ea	0
0x3eb	0x3eb	0
0x3ec	0x3ec	0
0x3ed	0x3ed	0
0x3ee	0x3ee	0
0x3ef	0x3ef	0
0x3f0	0x3f0	0
0x3f2	0x3f2	0
0x3f3	0x3f3	0
0x3f9	0x3f9	0
0x3fa	0x3fa	0
0x3fb	0x3fb	0
0x402	0x402	0
0x40a	0x40a	0
0x40b	0x40b	0
0x40c	0x40c	0
0x40d	0x40d	0
0x40e	0x40e	0
0x40f	0x40f	0
0x410	0x410	0
0x411	0x411	0
0x412	0x412	0
0x413	0x413	0
0x414	0x414	0
0x415	0x415	0
0x416	0x416	0
0x417	0x417	0
0x418	0x418	0
0x419	0x419	0
0x41b	0x41b	0
0x423	0x423	0
0x425	0x425	0
0x426	0x426	0
0x427	0x427	0
0x428	0x428	0
0x42a	0x42a	0
0x42b	0x42b	0
0x42f	0x42f	0
0x437	0x437	0
0x43e	0x43e	0
0x446	0x446	0
0x44b	0x44b	0
0x44c	0x44c	0
0x44d	0x44d	0
0x453	0x453	0
0x454	0x454	0
0x458	0x458	0
0x459	0x459	0
0x45e	0x45e	0
0x45f	0x45f	0
0x460	0x460	0
0x461	0x461	0
0x463	0x463	0
0x464	0x464	0
0x46c	0x46c	0
0x474	0x474	0
0x47c	0x47c	0
0x484	0x484	0
0x48c	0x48c	0
0x48e	0x48e	0
0x48f	0x48f	0
0x490	0x490	0
0x491	0x491	0
0x492	0x492	0
0x493	0x493	0
0x494	0x494	0
0x495	0x495	0
0x496	0x496	0
0x499	0x499	0
0x49a	0x49a	0
0x49b	0x49b	0
0x49c	0x49c	0
0x49d	0x49d	0
0x4a0	0x4a0	0
0x4a1	0x4a1	0
0x4a2	0x4a2	0
0x4a3	0x4a3	0
0x4a5	0x4a5	0
0x4a6	0x4a6	0
0x4a7	0x4a7	0
0x4a8	0x4a8	0
0x4ab	0x4ab	0
0x4ad	0x4ad	0
0x4ae	0x4ae	0
0x4af	0x4af	0
0x4b0	0x4b0	0
0x4b1	0x4b1	0
0x4b2	0x4b2	0
0x4b3	0x4b3	0
0x4b5	0x4b5	0
0x4b6	0x4b6	0
0x4b7	0x4b7	0
0x4b8	0x4b8	0
0x4b9	0x4b9	0
0x4ba	0x4ba	0
0x4bb	0x4bb	0
0x4bc	0x4bc	0
0x4bd	0x4bd	0
0x4be	0x4be	0
0x4bf	0x4bf	0
0x4c0	0x4c0	0
0x4c1	0x4c1	0
0x4c2	0x4c2	0
0x4c3	0x4c3	0
0x4c4	0x4c4	0
0x4c5	0x4c5	0
0x4c6	0x4c6	0
0x4c7	0x4c7	0
0x4c9	0x4c9	0
0x4ca	0x4ca	0
0x4cb	0x4cb	0
0x4cc	0x4cc	0
0x4cd	0x4cd	0
0x4cf	0x4cf	0
0x4d0	0x4d0	0
0x4d1	0x4d1	0
0x4d3	0x4d3	0
0x4d5	0x4d5	0
0x4d6	0x4d6	0
0x4d7	0x4d7	0
0x4d8	0x4d8	0
0x4d9	0x4d9	0
0x4da	0x4da	0
0x4db	0x4db	0
0x4dd	0x4dd	0
0x4df	0x4df	0
0x4e0	0x4e0	0
0x4e1	0x4e1	0
0x4e3	0x4e3	0
0x4e4	0x4e4	0
0x4e5	0x4e5	0
0x4e6	0x4e6	0
0x4e8	0x4e8	0
0x4e9	0x4e9	0
0x4ea	0x4ea	0
0x4eb	0x4eb	0
0x4ec	0x4ec	0
0x4ed	0x4ed	0
0x4f1	0x4f1	0
0x4f2	0x4f2	0
0x4f3	0x4f3	0
0x4f4	0x4f4	0
0x4f5	0x4f5	0
0x4f6	0x4f6	0
0x4f7	0x4f7	0
0x4fc	0x4fc	0
0x4fd	0x4fd	0
0x4fe	0x4fe	0
0x4ff	0x4ff	0
0x500	0x500	0
0x501	0x501	0
0x502	0x502	0
0x503	0x503	0
0x504	0x504	0
0x505	0x505	0
0x506	0x506	0
0x507	0x507	0
0x508	0x508	0
0x509	0x509	0
0x50a	0x50a	0
0x50b	0x50b	0
0x50c	0x50c	0
0x50d	0x50d	0
0x50e	0x50e	0
0x50f	0x50f	0
0x510	0x510	0
0x511	0x511	0
0x512	0x512	0
0x513	0x513	0
0x514	0x514	0
0x515	0x515	0
0x516	0x516	0
0x517	0x517	0
0x518	0x518	0
0x51b	0x51b	0
0x51c	0x51c	0
0x51d	0x51d	0
0x51e	0x51e	0
0x51f	0x51f	0
0x523	0x523	0
0x524	0x524	0
0x525	0x525	0
0x526	0x526	0
0x527	0x527	0
0x528	0x528	0
0x529	0x529	0
0x52a	0x52a	0
0x52b	0x52b	0
0x52c	0x52c	0
0x52d	0x52d	0
0x52e	0x52e	0
0x52f	0x52f	0
0x530	0x530	0
0x531	0x531	0
0x533	0x533	0
0x534	0x534	0
0x535	0x535	0
0x537	0x537	0
0x538	0x538	0
0x539	0x539	0
0x53a	0x53a	0
0x53b	0x53b	0
0x53c	0x53c	0
0x53d	0x53d	0
0x53e	0x53e	0
0x53f	0x53f	0
0x541	0x541	0
0x542	0x542	0
0x543	0x543	0
0x545	0x545	0
0x546	0x546	0
0x547	0x547	0
0x548	0x548	0
0x549	0x549	0
0x54a	0x54a	0
0x54b	0x54b	0
0x54c	0x54c	0
0x54d	0x54d	0
0x54f	0x54f	0
0x550	0x550	0
0x551	0x551	0
0x552	0x552	0
0x553	0x553	0
0x554	0x554	0
0x555	0x555	0
0x556	0x556	0
0x557	0x557	0
0x558	0x558	0
0x559	0x559	0
0x55a	0x55a	0
0x55b	0x55b	0
0x55c	0x55c	0
0x55d	0x55d	0
0x55e	0x55e	0
0x55f	0x55f	0
0x560	0x560	0
0x561	0x561	0
0x562	0x562	0
0x563	0x563	0
0x564	0x564	0
0x565	0x565	0
0x566	0x566	0
0x567	0x567	0
0x568	0x568	0
0x569	0x569	0
0x56a	0x56a	0
0x56b	0x56b	0
0x56c	0x56c	0
0x572	0x572	0
0x573	0x573	0
0x574	0x574	0
0x575	0x575	0
0x576	0x576	0
0x577	0x577	0
0x578	0x578	0
0x579	0x579	0
0x57a	0x57a	0
0x57b	0x57b	0
0x57f	0x57f	0
0x580	0x580	0
0x581	0x581	0
0x582	0x582	0
0x583	0x583	0
0x584	0x584	0
0x585	0x585	0
0x586	0x586	0
0x587	0x587	0
0x588	0x588	0
0x589	0x589	0
0x58b	0x58b	0
0x58c	0x58c	0
0x58d	0x58d	0
0x58e	0x58e	0
0x58f	0x58f	0
0x590	0x590	0
0x591	0x591	0
0x592	0x592	0
0x593	0x593	0
0x595	0x595	0
0x596	0x596	0
0x597	0x597	0
0x598	0x598	0
0x599	0x599	0
0x59a	0x59a	0
0x59b	0x59b	0
0x59c	0x59c	0
0x59d	0x59d	0
0x59e	0x59e	0
0x59f	0x59f	0
0x5a3	0x5a3	0
0x5a4	0x5a4	0
0x5a5	0x5a5	0
0x5a6	0x5a6	0
0x5a7	0x5a7	0
0x5a8	0x5a8	0
0x5a9	0x5a9	0
0x5ab	0x5ab	0
0x5ac	0x5ac	0
0x5ad	0x5ad	0
0x5ae	0x5ae	0
0x5af	0x5af	0
0x5b0	0x5b0	0
0x5b1	0x5b1	0
0x5b2	0x5b2	0
0x5b3	0x5b3	0
0x5b4	0x5b4	0
0x5ba	0x5ba	0
0x5bb	0x5bb	0
0x5bf	0x5bf	0
0x5c1	0x5c1	0
0x5c2	0x5c2	0
0x5c3	0x5c3	0
0x5c4	0x5c4	0
0x5c5	0x5c5	0
0x5c6	0x5c6	0
0x5c7	0x5c7	0
0x5c8	0x5c8	0
0x5c9	0x5c9	0
0x5cb	0x5cb	0
0x5cd	0x5cd	0
0x5ce	0x5ce	0
0x5cf	0x5cf	0
0x5d0	0x5d0	0
0x5d1	0x5d1	0
0x5d2	0x5d2	0
0x5d3	0x5d3	0
0x5d4	0x5d4	0
0x5d5	0x5d5	0
0x5d6	0x5d6	0
0x5d7	0x5d7	0
0x5d8	0x5d8	0
0x5d9	0x5d9	0
0x5da	0x5da	0
0x5dd	0x5dd	0
0x5de	0x5de	0
0x5df	0x5df	0
0x5e0	0x5e0	0
0x5e1	0x5e1	0
0x5e4	0x5e4	0
0x5e5	0x5e5	0
0x5e7	0x5e7	0
0x5e8	0x5e8	0
0x5e9	0x5e9	0
0x5ea	0x5ea	0
0x5eb	0x5eb	0
0x5ec	0x5ec	0
0x5ed	0x5ed	0
0x5ee	0x5ee	0
0x5ef	0x5ef	0
0x5f3	0x5f3	0
0x5f4	0x5f4	0
0x5f5	0x5f5	0
0x5f6	0x5f6	0
0x5f7	0x5f7	0
0x5f8	0x5f8	0
0x5f9	0x5f9	0
0x5fa	0x5fa	0
0x5fb	0x5fb	0
0x5fc	0x5fc	0
0x5fd	0x5fd	0
0x5ff	0x5ff	0
0x600	0x600	0
0x601	0x601	0
0x602	0x602	0
0x603	0x603	0
0x604	0x604	0
0x605	0x605	0
0x606	0x606	0
0x607	0x607	0
0x609	0x609	0
0x60a	0x60a	0
0x60b	0x60b	0
0x60c	0x60c	0
0x60d	0x60d	0
0x60e	0x60e	0
0x60f	0x60f	0
0x610	0x610	0
0x611	0x611	0
0x612	0x612	0
0x613	0x613	0
0x617	0x617	0
0x618	0x618	0
0x619	0x619	0
0x61a	0x61a	0
0x61b	0x61b	0
0x61c	0x61c	0
0x61d	0x61d	0
0x61e	0x61e	0
0x61f	0x61f	0
0x620	0x620	0
0x621	0x621	0
0x622	0x622	0
0x623	0x623	0
0x624	0x624	0
0x625	0x625	0
0x626	0x626	0
0x627	0x627	0
0x628	0x628	0
0x629	0x629	0
0x62a	0x62a	0
0x62b	0x62b	0
0x62c	0x62c	0
0x62d	0x62d	0
0x62e	0x62e	0
0x62f	0x62f	0
0x634	0x634	0
0x638	0x638	0
0x639	0x639	0
0x63d	0x63d	0
0x63e	0x63e	0
0x63f	0x63f	0
0x640	0x640	0
0x641	0x641	0
0x642	0x642	0
0x644	0x644	0
0x645	0x645	0
0x646	0x646	0
0x647	0x647	0
0x648	0x648	0
0x649	0x649	0
0x64d	0x64d	0
0x64e	0x64e	0
0x64f	0x64f	0
0x650	0x650	0
0x651	0x651	0
0x652	0x652	0
0x655	0x655	0
0x656	0x656	0
0x657	0x657	0
0x658	0x658	0
0x659	0x659	0
0x65c	0x65c	0
0x65d	0x65d	0
0x65e	0x65e	0
0x65f	0x65f	0
0x661	0x661	0
0x662	0x662	0
0x663	0x663	0
0x664	0x664	0
0x665	0x665	0
0x668	0x668	0
0x669	0x669	0
0x66a	0x66a	0
0x66b	0x66b	0
0x66c	0x66c	0
0x66f	0x66f	0
0x670	0x670	0
0x671	0x671	0
0x672	0x672	0
0x673	0x673	0
0x676	0x676	0
0x677	0x677	0
0x678	0x678	0
0x679	0x679	0
0x67a	0x67a	0
0x680	0x680	0
0x687	0x687	0
0x688	0x688	0
0x689	0x689	0
0x68a	0x68a	0
0x68b	0x68b	0
0x68c	0x68c	0
0x694	0x694	0
0x695	0x695	0
0x697	0x697	0
0x69c	0x69c	0
0x69d	0x69d	0
0x69e	0x69e	0
0x69f	0x69f	0
0x6a0	0x6a0	0
0x6a1	0x6a1	0
0x6a2	0x6a2	0
0x6a3	0x6a3	0
0x6a4	0x6a4	0
0x6a5	0x6a5	0
0x6a6	0x6a6	0
0x6a7	0x6a7	0
0x6a8	0x6a8	0
0x6a9	0x6a9	0
0x6aa	0x6aa	0
0x6ab	0x6ab	0
0x6ac	0x6ac	0
0x6ad	0x6ad	0
0x6ae	0x6ae	0
0x6af	0x6af	0
0x6b0	0x6b0	0
0x6b1	0x6b1	0
0x6b2	0x6b2	0
0x6b3	0x6b3	0
0x6b4	0x6b4	0
0x6b5	0x6b5	0
0x6b6	0x6b6	0
0x6b7	0x6b7	0
0x6b8	0x6b8	0
0x6b9	0x6b9	0
0x6ba	0x6ba	0
0x6bb	0x6bb	0
0x6bc	0x6bc	0
0x6bd	0x6bd	0
0x6be	0x6be	0
0x6bf	0x6bf	0
0x6c0	0x6c0	0
0x6c1	0x6c1	0
0x6c2	0x6c2	0
0x6c3	0x6c3	0
0x6c4	0x6c4	0
0x6c5	0x6c5	0
0x6c6	0x6c6	0
0x6c7	0x6c7	0
0x6c8	0x6c8	0
0x6c9	0x6c9	0
0x6ca	0x6ca	0
0x6cb	0x6cb	0
0x6cc	0x6cc	0
0x6cd	0x6cd	0
0x6ce	0x6ce	0
0x6cf	0x6cf	0
0x6d0	0x6d0	0
0x6d1	0x6d1	0
0x6d2	0x6d2	0
0x6d3	0x6d3	0
0x6d4	0x6d4	0
0x6d5	0x6d5	0
0x6d6	0x6d6	0
0x6d7	0x6d7	0
0x6d8	0x6d8	0
0x6d9	0x6d9	0
0x6da	0x6da	0
0x6db	0x6db	0
0x6dc	0x6dc	0
0x6dd	0x6dd	0
0x6de	0x6de	0
0x6df	0x6df	0
0x6e0	0x6e0	0
0x6e1	0x6e1	0
0x6e2	0x6e2	0
0x6e3	0x6e3	0
0x6e4	0x6e4	0
0x6e5	0x6e5	0
0x6e6	0x6e6	0
0x6e7	0x6e7	0
0x6e8	0x6e8	0
0x6e9	0x6e9	0
0x6ea	0x6ea	0
0x6eb	0x6eb	0
0x6ec	0x6ec	0
0x6ed	0x6ed	0
0x6ee	0x6ee	0
0x6ef	0x6ef	0
0x6f0	0x6f0	0
0x6f1	0x6f1	0
0x6f2	0x6f2	0
0x6f3	0x6f3	0
0x6f4	0x6f4	0
0x6f6	0x6f6	0
0x6f7	0x6f7	0
0x6f8	0x6f8	0
0x6f9	0x6f9	0
0x6fd	0x6fd	0
0x6fe	0x6fe	0
0x6ff	0x6ff	0
0x700	0x700	0
0x701	0x701	0
0x702	0x702	0
0x703	0x703	0
0x704	0x704	0
0x705	0x705	0
0x706	0x706	0
0x708	0x708	0
0x709	0x709	0
0x70a	0x70a	0
0x70b	0x70b	0
0x70c	0x70c	0
0x70d	0x70d	0
0x70e	0x70e	0
0x716	0x716	0
0x71e	0x71e	0
0x71f	0x71f	0
0x720	0x720	0
0x721	0x721	0
0x723	0x723	0
0x728	0x728	0
0x729	0x729	0
0x72a	0x72a	0
0x72b	0x72b	0
0x72c	0x72c	0
0x72d	0x72d	0
0x72e	0x72e	0
0x72f	0x72f	0
0x736	0x736	0
0x73e	0x73e	0
0x73f	0x73f	0
0x740	0x740	0
0x741	0x741	0
0x742	0x742	0
0x743	0x743	0
0x744	0x744	0
0x745	0x745	0
0x746	0x746	0
0x747	0x747	0
0x748	0x748	0
0x749	0x749	0
0x74f	0x74f	0
0x750	0x750	0
0x751	0x751	0
0x752	0x752	0
0x753	0x753	0
0x754	0x754	0
0x755	0x755	0
0x756	0x756	0
0x757	0x757	0
0x758	0x758	0
0x75c	0x75c	0
0x75d	0x75d	0
0x75e	0x75e	0
0x75f	0x75f	0
0x760	0x760	0
0x761	0x761	0
0x762	0x762	0
0x76b	0x76b	0
0x76c	0x76c	0
0x76d	0x76d	0
0x76e	0x76e	0
0x76f	0x76f	0
0x770	0x770	0
0x771	0x771	0
0x772	0x772	0
0x773	0x773	0
0x774	0x774	0
0x775	0x775	0
0x776	0x776	0
0x777	0x777	0
0x778	0x778	0
0x77d	0x77d	0
0x77e	0x77e	0
0x77f	0x77f	0
0x780	0x780	0
0x781	0x781	0
0x782	0x782	0
0x78a	0x78a	0
0x78b	0x78b	0
0x78c	0x78c	0
0x78d	0x78d	0
0x78e	0x78e	0
0x78f	0x78f	0
0x794	0x794	0
0x795	0x795	0
0x796	0x796	0
0x797	0x797	0
0x798	0x798	0
0x799	0x799	0
0x79a	0x79a	0
0x79b	0x79b	0
0x79c	0x79c	0
0x79d	0x79d	0
0x79e	0x79e	0
0x79f	0x79f	0
0x7a0	0x7a0	0
0x7a1	0x7a1	0
0x7a2	0x7a2	0
0x7a3	0x7a3	0
0x7a4	0x7a4	0
0x7a5	0x7a5	0
0x7a6	0x7a6	0
0x7a7	0x7a7	0
0x7a8	0x7a8	0
0x7a9	0x7a9	0
0x7aa	0x7aa	0
0x7ab	0x7ab	0
0x7ac	0x7ac	0
0x7ad	0x7ad	0
0x7ae	0x7ae	0
0x7af	0x7af	0
0x7b0	0x7b0	0
0x7b3	0x7b3	0
0x7b4	0x7b4	0
0x7b5	0x7b5	0
0x7b6	0x7b6	0
0x7b7	0x7b7	0
0x7ba	0x7ba	0
0x7bb	0x7bb	0
0x7bc	0x7bc	0
0x7bd	0x7bd	0
0x7be	0x7be	0
0x7bf	0x7bf	0
0x7c0	0x7c0	0
0x7c1	0x7c1	0
0x7c2	0x7c2	0
0x7c3	0x7c3	0
0x7c5	0x7c5	0
0x7c6	0x7c6	0
0x7c7	0x7c7	0
0x7c9	0x7c9	0
0x7ca	0x7ca	0
0x7cb	0x7cb	0
0x7cd	0x7cd	0
0x7ce	0x7ce	0
0x7cf	0x7cf	0
0x7d0	0x7d0	0
0x7d1	0x7d1	0
0x7d2	0x7d2	0
0x7d3	0x7d3	0
0x7d4	0x7d4	0
0x7d5	0x7d5	0
0x7d7	0x7d7	0
0x7d8	0x7d8	0
0x7d9	0x7d9	0
0x7da	0x7da	0
0x7db	0x7db	0
0x7dd	0x7dd	0
0x7de	0x7de	0
0x7df	0x7df	0
0x7e1	0x7e1	0
0x7e2	0x7e2	0
0x7e3	0x7e3	0
0x7e5	0x7e5	0
0x7e6	0x7e6	0
0x7e7	0x7e7	0
0x7e8	0x7e8	0
0x7e9	0x7e9	0
0x7ea	0x7ea	0
0x7eb	0x7eb	0
0x7ec	0x7ec	0
0x7ed	0x7ed	0
0x7ee	0x7ee	0
0x7ef	0x7ef	0
0x7f0	0x7f0	0
0x7f8	0x7f8	0
0x7f9	0x7f9	0
0x7fa	0x7fa	0
0x7fb	0x7fb	0
0x7fc	0x7fc	0
0x7fd	0x7fd	0
0x7fe	0x7fe	0
0x7ff	0x7ff	0
0x800	0x800	0
0x801	0x801	0
0x802	0x802	0
0x803	0x803	0
0x804	0x804	0
0x805	0x805	0
0x807	0x807	0
0x808	0x808	0
0x809	0x809	0
0x80a	0x80a	0
0x80b	0x80b	0
0x80c	0x80c	0
0x80d	0x80d	0
0x80e	0x80e	0
0x80f	0x80f	0
0x811	0x811	0
0x812	0x812	0
0x813	0x813	0
0x815	0x815	0
0x816	0x816	0
0x817	0x817	0
0x818	0x818	0
0x819	0x819	0
0x81a	0x81a	0
0x81b	0x81b	0
0x81c	0x81c	0
0x81d	0x81d	0
0x820	0x820	0
0x821	0x821	0
0x822	0x822	0
0x823	0x823	0
0x824	0x824	0
0x82c	0x82c	0
0x82d	0x82d	0
0x82e	0x82e	0
0x82f	0x82f	0
0x830	0x830	0
0x832	0x832	0
0x833	0x833	0
0x834	0x834	0
0x835	0x835	0
0x836	0x836	0
0x837	0x837	0
0x838	0x838	0
0x839	0x839	0
0x83a	0x83a	0
0x83b	0x83b	0
0x83c	0x83c	0
0x83d	0x83d	0
0x83e	0x83e	0
0x846	0x846	0
0x847	0x847	0
0x848	0x848	0
0x849	0x849	0
0x84a	0x84a	0
0x84b	0x84b	0
0x84c	0x84c	0
0x852	0x852	0
0x853	0x853	0
0x854	0x854	0
0x855	0x855	0
0x856	0x856	0
0x857	0x857	0
0x858	0x858	0
0x859	0x859	0
0x85a	0x85a	0
0x862	0x862	0
0x863	0x863	0
0x865	0x865	0
0x866	0x866	0
0x867	0x867	0
0x868	0x868	0
0x869	0x869	0
0x86d	0x86d	0
0x86e	0x86e	0
0x86f	0x86f	0
0x870	0x870	0
0x871	0x871	0
0x872	0x872	0
0x873	0x873	0
0x874	0x874	0
0x875	0x875	0
0x877	0x877	0
0x878	0x878	0
0x879	0x879	0
0x87a	0x87a	0
0x87b	0x87b	0
0x87c	0x87c	0
0x884	0x884	0
0x885	0x885	0
0x886	0x886	0
0x887	0x887	0
0x88b	0x88b	0
0x88c	0x88c	0
0x88d	0x88d	0
0x88e	0x88e	0
0x88f	0x88f	0
0x890	0x890	0
0x891	0x891	0
0x892	0x892	0
0x897	0x897	0
0x898	0x898	0
0x899	0x899	0
0x89a	0x89a	0
0x89b	0x89b	0
0x89c	0x89c	0
0x89d	0x89d	0
0x89e	0x89e	0
0x89f	0x89f	0
0x8a1	0x8a1	0
0x8a2	0x8a2	0
0x8a3	0x8a3	0
0x8a4	0x8a4	0
0x8a5	0x8a5	0
0x8a6	0x8a6	0
0x8a7	0x8a7	0
0x8a8	0x8a8	0
0x8a9	0x8a9	0
0x8aa	0x8aa	0
0x8ab	0x8ab	0
0x8ac	0x8ac	0
0x8ae	0x8ae	0
0x8b7	0x8b7	0
0x8b8	0x8b8	0
0x8b9	0x8b9	0
0x8ba	0x8ba	0
0x8bb	0x8bb	0
0x8bc	0x8bc	0
0x8bd	0x8bd	0
0x8be	0x8be	0
0x8bf	0x8bf	0
0x8c0	0x8c0	0
0x8c1	0x8c1	0
0x8c2	0x8c2	0
0x8c3	0x8c3	0
0x8c4	0x8c4	0
0x8c5	0x8c5	0
0x8c7	0x8c7	0
0x8c9	0x8c9	0
0x8ca	0x8ca	0
0x8cb	0x8cb	0
0x8cc	0x8cc	0
0x8cd	0x8cd	0
0x8ce	0x8ce	0
0x8cf	0x8cf	0
0x8d0	0x8d0	0
0x8d1	0x8d1	0
0x8d2	0x8d2	0
0x8d3	0x8d3	0
0x8d4	0x8d4	0
0x8d7	0x8d7	0
0x8d8	0x8d8	0
0x8d9	0x8d9	0
0x8da	0x8da	0
0x8db	0x8db	0
0x8de	0x8de	0
0x8df	0x8df	0
0x8e0	0x8e0	0
0x8e1	0x8e1	0
0x8e2	0x8e2	0
0x8e3	0x8e3	0
0x8e4	0x8e4	0
0x8e5	0x8e5	0
0x8e6	0x8e6	0
0x8e7	0x8e7	0
0x8e8	0x8e8	0
0x8e9	0x8e9	0
0x8eb	0x8eb	0
0x8ed	0x8ed	0
0x8ee	0x8ee	0
0x8ef	0x8ef	0
0x8f0	0x8f0	0
0x8f1	0x8f1	0
0x8f2	0x8f2	0
0x8f3	0x8f3	0
0x8f5	0x8f5	0
0x8f7	0x8f7	0
0x8f8	0x8f8	0
0x8f9	0x8f9	0
0x8fa	0x8fa	0
0x8fb	0x8fb	0
0x8fd	0x8fd	0
0x8ff	0x8ff	0
0x900	0x900	0
0x901	0x901	0
0x902	0x902	0
0x903	0x903	0
0x905	0x905	0
0x906	0x906	0
0x907	0x907	0
0x908	0x908	0
0x909	0x909	0
0x90a	0x90a	0
0x90b	0x90b	0
0x90c	0x90c	0
0x90d	0x90d	0
0x90e	0x90e	0
0x90f	0x90f	0
0x910	0x910	0
0x911	0x911	0
0x915	0x915	0
0x91c	0x91c	0
0x91d	0x91d	0
0x91e	0x91e	0
0x91f	0x91f	0
0x921	0x921	0
0x923	0x923	0
0x925	0x925	0
0x926	0x926	0
0x927	0x927	0
0x928	0x928	0
0x929	0x929	0
0x92a	0x92a	0
0x92b	0x92b	0
0x92c	0x92c	0
0x92d	0x92d	0
0x92e	0x92e	0
0x92f	0x92f	0
0x930	0x930	0
0x931	0x931	0
0x933	0x933	0
0x934	0x934	0
0x935	0x935	0
0x937	0x937	0
0x938	0x938	0
0x939	0x939	0
0x93a	0x93a	0
0x93b	0x93b	0
0x93c	0x93c	0
0x93d	0x93d	0
0x93e	0x93e	0
0x93f	0x93f	0
0x941	0x941	0
0x942	0x942	0
0x943	0x943	0
0x945	0x945	0
0x946	0x946	0
0x947	0x947	0
0x948	0x948	0
0x949	0x949	0
0x94a	0x94a	0
0x94b	0x94b	0
0x94c	0x94c	0
0x953	0x953	0
0x954	0x954	0
0x955	0x955	0
0x956	0x956	0
0x95d	0x95d	0
0x95f	0x95f	0
0x960	0x960	0
0x961	0x961	0
0x962	0x962	0
0x963	0x963	0
0x964	0x964	0
0x965	0x965	0
0x966	0x966	0
0x967	0x967	0
0x968	0x968	0
0x969	0x969	0
0x96a	0x96a	0
0x96b	0x96b	0
0x96c	0x96c	0
0x96d	0x96d	0
0x96e	0x96e	0
0x96f	0x96f	0
0x970	0x970	0
0x975	0x975	0
0x976	0x976	0
0x977	0x977	0
0x978	0x978	0
0x979	0x979	0
0x97a	0x97a	0
0x97d	0x97d	0
0x97e	0x97e	0
0x97f	0x97f	0
0x980	0x980	0
0x981	0x981	0
0x984	0x984	0
0x985	0x985	0
0x986	0x986	0
0x987	0x987	0
0x988	0x988	0
0x989	0x989	0
0x98a	0x98a	0
0x98b	0x98b	0
0x98d	0x98d	0
0x98e	0x98e	0
0x98f	0x98f	0
0x990	0x990	0
0x991	0x991	0
0x992	0x992	0
0x993	0x993	0
0x994	0x994	0
0x995	0x995	0
0x996	0x996	0
0x997	0x997	0
0x998	0x998	0
0x999	0x999	0
0x99a	0x99a	0
0x99b	0x99b	0
0x99c	0x99c	0
0x99d	0x99d	0
0x99e	0x99e	0
0x99f	0x99f	0
0x9a1	0x9a1	0
0x9a2	0x9a2	0
0x9a3	0x9a3	0
0x9a4	0x9a4	0
0x9a5	0x9a5	0
0x9a6	0x9a6	0
0x9a7	0x9a7	0
0x9a8	0x9a8	0
0x9a9	0x9a9	0
0x9aa	0x9aa	0
0x9ab	0x9ab	0
0x9ac	0x9ac	0
0x9ad	0x9ad	0
0x9af	0x9af	0
0x9b0	0x9b0	0
0x9b1	0x9b1	0
0x9b3	0x9b3	0
0x9b4	0x9b4	0
0x9b5	0x9b5	0
0x9b6	0x9b6	0
0x9b7	0x9b7	0
0x9b8	0x9b8	0
0x9b9	0x9b9	0
0x9ba	0x9ba	0
0x9c1	0x9c1	0
0x9c2	0x9c2	0
0x9c3	0x9c3	0
0x9c4	0x9c4	0
0x9c6	0x9c6	0
0x9c7	0x9c7	0
0x9c8	0x9c8	0
0x9c9	0x9c9	0
0x9ca	0x9ca	0
0x9cb	0x9cb	0
0x9cf	0x9cf	0
0x9d0	0x9d0	0
0x9d1	0x9d1	0
0x9d2	0x9d2	0
0x9d3	0x9d3	0
0x9d4	0x9d4	0
0x9d5	0x9d5	0
0x9da	0x9da	0
0x9db	0x9db	0
0x9dc	0x9dc	0
0x9dd	0x9dd	0
0x9de	0x9de	0
0x9df	0x9df	0
0x9e0	0x9e0	0
0x9e1	0x9e1	0
0x9e2	0x9e2	0
0x9e3	0x9e3	0
0x9e4	0x9e4	0
0x9e5	0x9e5	0
0x9e6	0x9e6	0
0x9e7	0x9e7	0
0x9e8	0x9e8	0
0x9e9	0x9e9	0
0x9ea	0x9ea	0
0x9eb	0x9eb	0
0x9ec	0x9ec	0
0x9ed	0x9ed	0
0x9ee	0x9ee	0
0x9ef	0x9ef	0
0x9f0	0x9f0	0
0x9f1	0x9f1	0
0x9f2	0x9f2	0
0x9f3	0x9f3	0
0x9f4	0x9f4	0
0x9f5	0x9f5	0
0x9f6	0x9f6	0
0x9f9	0x9f9	0
0x9fa	0x9fa	0
0x9fb	0x9fb	0
0x9fc	0x9fc	0
0x9fd	0x9fd	0
0xa01	0xa01	0
0xa02	0xa02	0
0xa03	0xa03	0
0xa04	0xa04	0
0xa05	0xa05	0
0xa06	0xa06	0
0xa07	0xa07	0
0xa08	0xa08	0
0xa09	0xa09	0
0xa0a	0xa0a	0
0xa0b	0xa0b	0
0xa0c	0xa0c	0
0xa0d	0xa0d	0
0xa0e	0xa0e	0
0xa0f	0xa0f	0
0xa11	0xa11	0
0xa12	0xa12	0
0xa13	0xa13	0
0xa15	0xa15	0
0xa16	0xa16	0
0xa17	0xa17	0
0xa18	0xa18	0
0xa19	0xa19	0
0xa1a	0xa1a	0
0xa1b	0xa1b	0
0xa1c	0xa1c	0
0xa1d	0xa1d	0
0xa1e	0xa1e	0
0xa1f	0xa1f	0
0xa20	0xa20	0
0xa21	0xa21	0
0xa22	0xa22	0
0xa23	0xa23	0
0xa24	0xa24	0
0xa25	0xa25	0
0xa26	0xa26	0
0xa27	0xa27	0
0xa28	0xa28	0
0xa29	0xa29	0
0xa2a	0xa2a	0
0xa2b	0xa2b	0
0xa2c	0xa2c	0
0xa2d	0xa2d	0
0xa2e	0xa2e	0
0xa2f	0xa2f	0
0xa30	0xa30	0
0xa31	0xa31	0
0xa32	0xa32	0
0xa33	0xa33	0
0xa34	0xa34	0
0xa35	0xa35	0
0xa36	0xa36	0
0xa37	0xa37	0
0xa38	0xa38	0
0xa39	0xa39	0
0xa3a	0xa3a	0
0xa3b	0xa3b	0
0xa3c	0xa3c	0
0xa3d	0xa3d	0
0xa3e	0xa3e	0
0xa3f	0xa3f	0
0xa40	0xa40	0
0xa41	0xa41	0
0xa43	0xa43	0
0xa45	0xa45	0
0xa47	0xa47	0
0xa48	0xa48	0
0xa49	0xa49	0
0xa4b	0xa4b	0
0xa53	0xa53	0
0xa59	0xa59	0
0xa5a	0xa5a	0
0xa5b	0xa5b	0
0xa5c	0xa5c	0
0xa5d	0xa5d	0
0xa5e	0xa5e	0
0xa5f	0xa5f	0
0xa60	0xa60	0
0xa61	0xa61	0
0xa62	0xa62	0
0xa63	0xa63	0
0xa64	0xa64	0
0xa65	0xa65	0
0xa66	0xa66	0
0xa67	0xa67	0
0xa68	0xa68	0
0xa69	0xa69	0
0xa6a	0xa6a	0
0xa6b	0xa6b	0
0xa6c	0xa6c	0
0xa6d	0xa6d	0
0xa6e	0xa6e	0
0xa6f	0xa6f	0
0xa70	0xa70	0
0xa71	0xa71	0
0xa72	0xa72	0
0xa73	0xa73	0
0xa74	0xa74	0
0xa75	0xa75	0
0xa76	0xa76	0
0xa77	0xa77	0
0xa78	0xa78	0
0xa79	0xa79	0
0xa7a	0xa7a	0
0xa7b	0xa7b	0
0xa7c	0xa7c	0
0xa7d	0xa7d	0
0xa7e	0xa7e	0
0xa7f	0xa7f	0
0xa80	0xa80	0
0xa81	0xa81	0
0xa82	0xa82	0
0xa83	0xa83	0
0xa84	0xa84	0
0xa85	0xa85	0
0xa86	0xa86	0
0xa87	0xa87	0
0xa88	0xa88	0
0xa89	0xa89	0
0xa8a	0xa8a	0
0xa8b	0xa8b	0
0xa8c	0xa8c	0
0xa8d	0xa8d	0
0xa8e	0xa8e	0
0xa8f	0xa8f	0
0xa91	0xa91	0
0xa92	0xa92	0
0xa93	0xa93	0
0xa9b	0xa9b	0
0xa9c	0xa9c	0
0xa9d	0xa9d	0
0xa9e	0xa9e	0
0xa9f	0xa9f	0
0xaa0	0xaa0	0
0xaa1	0xaa1	0
0xaa2	0xaa2	0
0xaa3	0xaa3	0
0xaa4	0xaa4	0
0xaa5	0xaa5	0
0xaa6	0xaa6	0
0xaa7	0xaa7	0
0xaa8	0xaa8	0
0xaa9	0xaa9	0
0xab0	0xab0	0
0xab1	0xab1	0
0xab2	0xab2	0
0xab3	0xab3	0
0xab4	0xab4	0
0xab5	0xab5	0
0xab6	0xab6	0
0xab7	0xab7	0
0xabc	0xabc	0
0xabd	0xabd	0
0xabe	0xabe	0
0xabf	0xabf	0
0xac0	0xac0	0
0xac1	0xac1	0
0xac2	0xac2	0
0xac3	0xac3	0
0xac4	0xac4	0
0xac5	0xac5	0
0xacb	0xacb	0
0xacc	0xacc	0
0xacd	0xacd	0
0xace	0xace	0
0xacf	0xacf	0
0xad0	0xad0	0
0xad6	0xad6	0
0xad9	0xad9	0
0xada	0xada	0
0xadb	0xadb	0
0xadd	0xadd	0
0xade	0xade	0
0xadf	0xadf	0
0xae0	0xae0	0
0xae1	0xae1	0
0xae2	0xae2	0
0xae3	0xae3	0
0xae4	0xae4	0
0xae5	0xae5	0
0xae6	0xae6	0
0xae7	0xae7	0
0xae9	0xae9	0
0xaeb	0xaeb	0
0xaec	0xaec	0
0xaed	0xaed	0
0xaef	0xaef	0
0xaf0	0xaf0	0
0xaf1	0xaf1	0
0xaf2	0xaf2	0
0xaf3	0xaf3	0
0xaf4	0xaf4	0
0xaf5	0xaf5	0
0xaf6	0xaf6	0
0xaf7	0xaf7	0
0xaf8	0xaf8	0
0xaf9	0xaf9	0
0xafa	0xafa	0
0xafb	0xafb	0
0xafc	0xafc	0
0xafd	0xafd	0
0xb01	0xb01	0
0xb02	0xb02	0
0xb03	0xb03	0
0xb04	0xb04	0
0xb05	0xb05	0
0xb06	0xb06	0
0xb07	0xb07	0
0xb08	0xb08	0
0xb09	0xb09	0
0xb0c	0xb0c	0
0xb0d	0xb0d	0
0xb0e	0xb0e	0
0xb0f	0xb0f	0
0xb10	0xb10	0
0xb11	0xb11	0
0xb12	0xb12	0
0xb1a	0xb1a	0
0xb22	0xb22	0
0xb23	0xb23	0
0xb24	0xb24	0
0xb25	0xb25	0
0xb27	0xb27	0
0xb2e	0xb2e	0
0xb2f	0xb2f	0
0xb30	0xb30	0
0xb31	0xb31	0
0xb32	0xb32	0
0xb33	0xb33	0
0xb3a	0xb3a	0
0xb42	0xb42	0
0xb43	0xb43	0
0xb44	0xb44	0
0xb45	0xb45	0
0xb46	0xb46	0
0xb47	0xb47	0
0xb48	0xb48	0
0xb49	0xb49	0
0xb4a	0xb4a	0
0xb4b	0xb4b	0
0xb4c	0xb4c	0
0xb4d	0xb4d	0
0xb4e	0xb4e	0
0xb51	0xb51	0
0xb52	0xb52	0
0xb53	0xb53	0
0xb54	0xb54	0
0xb55	0xb55	0
0xb58	0xb58	0
0xb59	0xb59	0
0xb5a	0xb5a	0
0xb5b	0xb5b	0
0xb5c	0xb5c	0
0xb5d	0xb5d	0
0xb5e	0xb5e	0
0xb5f	0xb5f	0
0xb60	0xb60	0
0xb61	0xb61	0
0xb62	0xb62	0
0xb63	0xb63	0
0xb64	0xb64	0
0xb65	0xb65	0
0xb66	0xb66	0
0xb6a	0xb6a	0
0xb6b	0xb6b	0
0xb6c	0xb6c	0
0xb6d	0xb6d	0
0xb6e	0xb6e	0
0xb6f	0xb6f	0
0xb70	0xb70	0
0xb78	0xb78	0
0xb79	0xb79	0
0xb7a	0xb7a	0
0xb7b	0xb7b	0
0xb7c	0xb7c	0
0xb7d	0xb7d	0
0xb7e	0xb7e	0
0xb81	0xb81	0
0xb82	0xb82	0
0xb83	0xb83	0
0xb87	0xb87	0
0xb89	0xb89	0
0xb8b	0xb8b	0
0xb8c	0xb8c	0
0xb8d	0xb8d	0
0xb8f	0xb8f	0
0xb90	0xb90	0
0xb91	0xb91	0
0xb92	0xb92	0
0xb93	0xb93	0
0xb94	0xb94	0
0xb95	0xb95	0
0xb96	0xb96	0
0xb97	0xb97	0
0xb98	0xb98	0
0xb99	0xb99	0
0xb9d	0xb9d	0
0xb9e	0xb9e	0
0xba1	0xba1	0
0xba2	0xba2	0
0xba3	0xba3	0
0xba7	0xba7	0
0xba8	0xba8	0
0xba9	0xba9	0
0xbaa	0xbaa	0
0xbab	0xbab	0
0xbac	0xbac	0
0xbad	0xbad	0
0xbae	0xbae	0
0xbb6	0xbb6	0
0xbb7	0xbb7	0
0xbb9	0xbb9	0
0xbba	0xbba	0
0xbbb	0xbbb	0
0xbbc	0xbbc	0
0xbbf	0xbbf	0
0xbc1	0xbc1	0
0xbc2	0xbc2	0
0xbc3	0xbc3	0
0xbc4	0xbc4	0
0xbc5	0xbc5	0
0xbc6	0xbc6	0
0xbc7	0xbc7	0
0xbc8	0xbc8	0
0xbc9	0xbc9	0
0xbca	0xbca	0
0xbd1	0xbd1	0
0xbd2	0xbd2	0
0xbda	0xbda	0
0xbdb	0xbdb	0
0xbdc	0xbdc	0
0xbdd	0xbdd	0
0xbe1	0xbe1	0
0xbe2	0xbe2	0
0xbe3	0xbe3	0
0xbe7	0xbe7	0
0xbe8	0xbe8	0
0xbe9	0xbe9	0
0xbea	0xbea	0
0xbeb	0xbeb	0
0xbec	0xbec	0
0xbed	0xbed	0
0xbee	0xbee	0
0xbef	0xbef	0
0xbf0	0xbf0	0
0xbf1	0xbf1	0
0xbf2	0xbf2	0
0xbf3	0xbf3	0
0xbf4	0xbf4	0
0xbf8	0xbf8	0
0xbf9	0xbf9	0
0xbfa	0xbfa	0
0xbfb	0xbfb	0
0xbfc	0xbfc	0
0xbfd	0xbfd	0
0xbfe	0xbfe	0
0xbff	0xbff	0
0xc00	0xc00	0
0xc01	0xc01	0
0xc03	0xc03	0
0xc04	0xc04	0
0xc05	0xc05	0
0xc06	0xc06	0
0xc07	0xc07	0
0xc08	0xc08	0
0xc09	0xc09	0
0xc0a	0xc0a	0
0xc0b	0xc0b	0
0xc0c	0xc0c	0
0xc0e	0xc0e	0
0xc10	0xc10	0
0xc19	0xc19	0
0xc1a	0xc1a	0
0xc1b	0xc1b	0
0xc1c	0xc1c	0
0xc1d	0xc1d	0
0xc1e	0xc1e	0
0xc1f	0xc1f	0
0xc20	0xc20	0
0xc21	0xc21	0
0xc22	0xc22	0
0xc23	0xc23	0
0xc24	0xc24	0
0xc25	0xc25	0
0xc26	0xc26	0
0xc27	0xc27	0
0xc29	0xc29	0
0xc2b	0xc2b	0
0xc2c	0xc2c	0
0xc2d	0xc2d	0
0xc2e	0xc2e	0
0xc2f	0xc2f	0
0xc30	0xc30	0
0xc31	0xc31	0
0xc32	0xc32	0
0xc33	0xc33	0
0xc34	0xc34	0
0xc35	0xc35	0
0xc36	0xc36	0
0xc39	0xc39	0
0xc3a	0xc3a	0
0xc3b	0xc3b	0
0xc3c	0xc3c	0
0xc3d	0xc3d	0
0xc40	0xc40	0
0xc41	0xc41	0
0xc42	0xc42	0
0xc43	0xc43	0
0xc44	0xc44	0
0xc45	0xc45	0
0xc46	0xc46	0
0xc47	0xc47	0
0xc48	0xc48	0
0xc49	0xc49	0
0xc4a	0xc4a	0
0xc4b	0xc4b	0
0xc4d	0xc4d	0
0xc4f	0xc4f	0
0xc50	0xc50	0
0xc51	0xc51	0
0xc52	0xc52	0
0xc53	0xc53	0
0xc54	0xc54	0
0xc55	0xc55	0
0xc57	0xc57	0
0xc59	0xc59	0
0xc5a	0xc5a	0
0xc5b	0xc5b	0
0xc5c	0xc5c	0
0xc5d	0xc5d	0
0xc5f	0xc5f	0
0xc61	0xc61	0
0xc62	0xc62	0
0xc63	0xc63	0
0xc64	0xc64	0
0xc65	0xc65	0
0xc67	0xc67	0
0xc68	0xc68	0
0xc69	0xc69	0
0xc6a	0xc6a	0
0xc6b	0xc6b	0
0xc6c	0xc6c	0
0xc6d	0xc6d	0
0xc6e	0xc6e	0
0xc6f	0xc6f	0
0xc70	0xc70	0
0xc71	0xc71	0
0xc72	0xc72	0
0xc73	0xc73	0
0xc78	0xc78	0
0xc79	0xc79	0
0xc7d	0xc7d	0
0xc7e	0xc7e	0
0xc7f	0xc7f	0
0xc80	0xc80	0
0xc81	0xc81	0
0xc83	0xc83	0
0xc85	0xc85	0
0xc87	0xc87	0
0xc88	0xc88	0
0xc89	0xc89	0
0xc8a	0xc8a	0
0xc8b	0xc8b	0
0xc8c	0xc8c	0
0xc8d	0xc8d	0
0xc8e	0xc8e	0
0xc8f	0xc8f	0
0xc90	0xc90	0
0xc91	0xc91	0
0xc92	0xc92	0
0xc93	0xc93	0
0xc95	0xc95	0
0xc96	0xc96	0
0xc97	0xc97	0
0xc99	0xc99	0
0xc9a	0xc9a	0
0xc9b	0xc9b	0
0xc9c	0xc9c	0
0xc9d	0xc9d	0
0xc9e	0xc9e	0
0xc9f	0xc9f	0
0xca0	0xca0	0
0xca1	0xca1	0
0xca3	0xca3	0
0xca4	0xca4	0
0xca5	0xca5	0
0xca7	0xca7	0
0xca8	0xca8	0
0xca9	0xca9	0
0xcaa	0xcaa	0
0xcab	0xcab	0
0xcac	0xcac	0
0xcad	0xcad	0
0xcae	0xcae	0
0xcb5	0xcb5	0
0xcb6	0xcb6	0
0xcb7	0xcb7	0
0xcb8	0xcb8	0
0xcbf	0xcbf	0
0xcc1	0xcc1	0
0xcc2	0xcc2	0
0xcc3	0xcc3	0
0xcc4	0xcc4	0
0xcc5	0xcc5	0
0xcc6	0xcc6	0
0xcc7	0xcc7	0
0xcc8	0xcc8	0
0xcc9	0xcc9	0
0xcca	0xcca	0
0xccb	0xccb	0
0xccc	0xccc	0
0xccd	0xccd	0
0xcce	0xcce	0
0xccf	0xccf	0
0xcd0	0xcd0	0
0xcd1	0xcd1	0
0xcd3	0xcd3	0
0xcd4	0xcd4	0
0xcd6	0xcd6	0
0xcd7	0xcd7	0
0xcd8	0xcd8	0
0xcd9	0xcd9	0
0xcda	0xcda	0
0xcdb	0xcdb	0
0xcdc	0xcdc	0
0xcdf	0xcdf	0
0xce0	0xce0	0
0xce1	0xce1	0
0xce2	0xce2	0
0xce3	0xce3	0
0xce6	0xce6	0
0xce7	0xce7	0
0xce8	0xce8	0
0xce9	0xce9	0
0xcea	0xcea	0
0xceb	0xceb	0
0xcec	0xcec	0
0xced	0xced	0
0xcef	0xcef	0
0xcf0	0xcf0	0
0xcf1	0xcf1	0
0xcf2	0xcf2	0
0xcf3	0xcf3	0
0xcf4	0xcf4	0
0xcf5	0xcf5	0
0xcf6	0xcf6	0
0xcf7	0xcf7	0
0xcf8	0xcf8	0
0xcf9	0xcf9	0
0xcfa	0xcfa	0
0xcfb	0xcfb	0
0xcfc	0xcfc	0
0xcfd	0xcfd	0
0xcfe	0xcfe	0
0xcff	0xcff	0
0xd00	0xd00	0
0xd01	0xd01	0
0xd03	0xd03	0
0xd04	0xd04	0
0xd05	0xd05	0
0xd06	0xd06	0
0xd07	0xd07	0
0xd08	0xd08	0
0xd09	0xd09	0
0xd0a	0xd0a	0
0xd0b	0xd0b	0
0xd0c	0xd0c	0
0xd0d	0xd0d	0
0xd0e	0xd0e	0
0xd0f	0xd0f	0
0xd11	0xd11	0
0xd12	0xd12	0
0xd13	0xd13	0
0xd15	0xd15	0
0xd16	0xd16	0
0xd17	0xd17	0
0xd18	0xd18	0
0xd19	0xd19	0
0xd1a	0xd1a	0
0xd1b	0xd1b	0
0xd1c	0xd1c	0
0xd23	0xd23	0
0xd24	0xd24	0
0xd25	0xd25	0
0xd26	0xd26	0
0xd28	0xd28	0
0xd29	0xd29	0
0xd2a	0xd2a	0
0xd2b	0xd2b	0
0xd2c	0xd2c	0
0xd2d	0xd2d	0
0xd31	0xd31	0
0xd33	0xd33	0
0xd35	0xd35	0
0xd36	0xd36	0
0xd37	0xd37	0
0xd39	0xd39	0
0xd3a	0xd3a	0
0xd3b	0xd3b	0
0xd3c	0xd3c	0
0xd3d	0xd3d	0
0xd3e	0xd3e	0
0xd46	0xd46	0
0xd47	0xd47	0
0xd48	0xd48	0
0xd49	0xd49	0
0xd4a	0xd4a	0
0xd4b	0xd4b	0
0xd4c	0xd4c	0
0xd4d	0xd4d	0
0xd4e	0xd4e	0
0xd4f	0xd4f	0
0xd51	0xd51	0
0xd53	0xd53	0
0xd54	0xd54	0
0xd55	0xd55	0
0xd56	0xd56	0
0xd57	0xd57	0
0xd58	0xd58	0
0xd59	0xd59	0
0xd5a	0xd5a	0
0xd5b	0xd5b	0
0xd5c	0xd5c	0
0xd5d	0xd5d	0
0xd5e	0xd5e	0
0xd5f	0xd5f	0
0xd63	0xd63	0
0xd64	0xd64	0
0xd65	0xd65	0
0xd67	0xd67	0
0xd68	0xd68	0
0xd69	0xd69	0
0xd6a	0xd6a	0
0xd6b	0xd6b	0
0xd6f	0xd6f	0
0xd70	0xd70	0
0xd74	0xd74	0
0xd75	0xd75	0
0xd76	0xd76	0
0xd7b	0xd7b	0
0xd7d	0xd7d	0
0xd80	0xd80	0
0xd81	0xd81	0
0xd89	0xd89	0
0xd91	0xd91	0
0xd92	0xd92	0
0xd93	0xd93	0
0xd94	0xd94	0
0xd99	0xd99	0
0xd9a	0xd9a	0
0xd9b	0xd9b	0
0xd9c	0xd9c	0
0xd9e	0xd9e	0
0xd9f	0xd9f	0
0xda0	0xda0	0
0xda3	0xda3	0
0xda4	0xda4	0
0xda7	0xda7	0
0xda9	0xda9	0
0xdaa	0xdaa	0
0xdab	0xdab	0
0xdac	0xdac	0
0xdad	0xdad	0
0xdae	0xdae	0
0xdaf	0xdaf	0
0xdb5	0xdb5	0
0xdb6	0xdb6	0
0xdba	0xdba	0
0xdbe	0xdbe	0
0xdc5	0xdc5	0
0xdc6	0xdc6	0
0xdcb	0xdcb	0
0xdcc	0xdcc	0
0xdcd	0xdcd	0
0xdce	0xdce	0
0xdcf	0xdcf	0
0xdd0	0xdd0	0
0xdd1	0xdd1	0
0xdd2	0xdd2	0
0xdd4	0xdd4	0
0xdd5	0xdd5	0
0xdd6	0xdd6	0
0xdd9	0xdd9	0
0xdda	0xdda	0
0xddb	0xddb	0
0xddc	0xddc	0
0xde3	0xde3	0
0xdea	0xdea	0
0xdeb	0xdeb	0
0xdf3	0xdf3	0
0xdf6	0xdf6	0
0xdfb	0xdfb	0
0xe01	0xe01	0
0xe02	0xe02	0
0xe03	0xe03	0
0xe04	0xe04	0
0xe05	0xe05	0
0xe06	0xe06	0
0xe07	0xe07	0
0xe08	0xe08	0
0xe0a	0xe0a	0
0xe0b	0xe0b	0
0xe0c	0xe0c	0
0xe0f	0xe0f	0
0xe10	0xe10	0
0xe11	0xe11	0
0xe12	0xe12	0
0xe14	0xe14	0
0xe15	0xe15	0
0xe16	0xe16	0
0xe17	0xe17	0
0xe1d	0xe1d	0
0xe24	0xe24	0
0xe2c	0xe2c	0
0xe33	0xe33	0
0xe36	0xe36	0
0xe37	0xe37	0
0xe38	0xe38	0
0xe39	0xe39	0
0xe3a	0xe3a	0
0xe3b	0xe3b	0
0xe3c	0xe3c	0
0xe3d	0xe3d	0
0xe3e	0xe3e	0
0xe40	0xe40	0
0xe41	0xe41	0
0xe42	0xe42	0
0xe45	0xe45	0
0xe46	0xe46	0
0xe47	0xe47	0
0xe48	0xe48	0
0xe49	0xe49	0
0xe4f	0xe4f	0
0xe54	0xe54	0
0xe55	0xe55	0
0xe56	0xe56	0
0xe5d	0xe5d	0
0xe5e	0xe5e	0
0xe5f	0xe5f	0
0xe60	0xe60	0
0xe61	0xe61	0
0xe67	0xe67	0
0xe68	0xe68	0
0xe6a	0xe6a	0
0xe6b	0xe6b	0
0xe6c	0xe6c	0
0xe70	0xe70	0
0xe71	0xe71	0
0xe72	0xe72	0
0xe73	0xe73	0
0xe74	0xe74	0
0xe76	0xe76	0
0xe77	0xe77	0
0xe78	0xe78	0
0xe7a	0xe7a	0
0xe7b	0xe7b	0
0xe7c	0xe7c	0
0xe7d	0xe7d	0
0xe7e	0xe7e	0
0xe7f	0xe7f	0
0xe80	0xe80	0
0xe88	0xe88	0
0xe89	0xe89	0
0xe8b	0xe8b	0
0xe8d	0xe8d	0
0xe8e	0xe8e	0
0xe8f	0xe8f	0
0xe90	0xe90	0
0xe91	0xe91	0
0xe92	0xe92	0
0xe93	0xe93	0
0xe94	0xe94	0
0xe95	0xe95	0
0xe96	0xe96	0
0xe98	0xe98	0
0xe99	0xe99	0
0xe9a	0xe9a	0
0xe9c	0xe9c	0
0xe9d	0xe9d	0
0xe9e	0xe9e	0
0xe9f	0xe9f	0
0xea0	0xea0	0
0xea1	0xea1	0
0xea2	0xea2	0
0xeaa	0xeaa	0
0xeab	0xeab	0
0xeac	0xeac	0
0xead	0xead	0
0xeae	0xeae	0
0xeaf	0xeaf	0
0xeb0	0xeb0	0
0xeb1	0xeb1	0
0xeb2	0xeb2	0
0xeb3	0xeb3	0
0xeb4	0xeb4	0
0xeb5	0xeb5	0
0xeb6	0xeb6	0
0xeb7	0xeb7	0
0xeb8	0xeb8	0
0xeb9	0xeb9	0
0xeba	0xeba	0
0xebb	0xebb	0
0xebc	0xebc	0
0xebd	0xebd	0
0xebe	0xebe	0
0xebf	0xebf	0
0xec0	0xec0	0
0xec1	0xec1	0
0xec2	0xec2	0
0xec3	0xec3	0
0xec4	0xec4	0
0xec5	0xec5	0
0xec6	0xec6	0
0xec8	0xec8	0
0xec9	0xec9	0
0xecd	0xecd	0
0xece	0xece	0
0xecf	0xecf	0
0xed0	0xed0	0
0xed1	0xed1	0
0xed2	0xed2	0
0xed4	0xed4	0
0xed5	0xed5	0
0xed6	0xed6	0
0xed7	0xed7	0
0xedb	0xedb	0
0xedc	0xedc	0
0xedf	0xedf	0
0xee5	0xee5	0
0xee7	0xee7	0
0xee8	0xee8	0
0xee9	0xee9	0
0xeea	0xeea	0
0xeeb	0xeeb	0
0xeec	0xeec	0
0xeed	0xeed	0
0xeef	0xeef	0
0xef0	0xef0	0
0xef1	0xef1	0
0xef2	0xef2	0
0xef3	0xef3	0
0xef4	0xef4	0
0xef6	0xef6	0
0xef7	0xef7	0
0xf00	0xf00	0
0xf01	0xf01	0
0xf02	0xf02	0
0xf04	0xf04	0
0xf05	0xf05	0
0xf06	0xf06	0
0xf07	0xf07	0
0xf09	0xf09	0
0xf10	0xf10	0
0xf11	0xf11	0
0xf12	0xf12	0
0xf13	0xf13	0
0xf14	0xf14	0
0xf15	0xf15	0
0xf16	0xf16	0
0xf17	0xf17	0
0xf18	0xf18	0
0xf19	0xf19	0
0xf1b	0xf1b	0
0xf1c	0xf1c	0
0xf1d	0xf1d	0
0xf1e	0xf1e	0
0xf1f	0xf1f	0
0xf23	0xf23	0
0xf24	0xf24	0
0xf25	0xf25	0
0xf26	0xf26	0
0xf27	0xf27	0
0xf29	0xf29	0
0xf2a	0xf2a	0
0xf2b	0xf2b	0
0xf2c	0xf2c	0
0xf2e	0xf2e	0
0xf2f	0xf2f	0
0xf30	0xf30	0
0xf31	0xf31	0
0xf32	0xf32	0
0xf33	0xf33	0
0xf34	0xf34	0
0xf37	0xf37	0
0xf38	0xf38	0
0xf39	0xf39	0
0xf3a	0xf3a	0
0xf3b	0xf3b	0
0xf3e	0xf3e	0
0xf3f	0xf3f	0
0xf40	0xf40	0
0xf41	0xf41	0
0xf44	0xf44	0
0xf45	0xf45	0
0xf46	0xf46	0
0xf47	0xf47	0
0xf48	0xf48	0
0xf49	0xf49	0
0xf4a	0xf4a	0
0xf4b	0xf4b	0
0xf4c	0xf4c	0
0xf4d	0xf4d	0
0xf4e	0xf4e	0
0xf4f	0xf4f	0
0xf50	0xf50	0
0xf51	0xf51	0
0xf52	0xf52	0
0xf53	0xf53	0
0xf54	0xf54	0
0xf55	0xf55	0
0xf56	0xf56	0
0xf57	0xf57	0
0xf58	0xf58	0
0xf59	0xf59	0
0xf5a	0xf5a	0
0xf5b	0xf5b	0
0xf5c	0xf5c	0
0xf5d	0xf5d	0
0xf5e	0xf5e	0
0xf63	0xf63	0
0xf6b	0xf6b	0
0xf6c	0xf6c	0
0xf6d	0xf6d	0
0xf6e	0xf6e	0
0xf6f	0xf6f	0
0xf70	0xf70	0
0xf71	0xf71	0
0xf72	0xf72	0
0xf73	0xf73	0
0xf74	0xf74	0
0xf75	0xf75	0
0xf76	0xf76	0
0xf77	0xf77	0
0xf78	0xf78	0
0xf79	0xf79	0
0xf7a	0xf7a	0
0xf7b	0xf7b	0
0xf7c	0xf7c	0
0xf7d	0xf7d	0
0xf7e	0xf7e	0
0xf7f	0xf7f	0
0xf80	0xf80	0
0xf81	0xf81	0
0xf82	0xf82	0
0xf83	0xf83	0
0xf84	0xf84	0
0xf85	0xf85	0
0xf86	0xf86	0
0xf87	0xf87	0
0xf88	0xf88	0
0xf89	0xf89	0
0xf8a	0xf8a	0
0xf8b	0xf8b	0
0xf8c	0xf8c	0
0xf8d	0xf8d	0
0xf8e	0xf8e	0
0xf8f	0xf8f	0
0xf90	0xf90	0
0xf91	0xf91	0
0xf92	0xf92	0
0xf93	0xf93	0
0xf94	0xf94	0
0xf95	0xf95	0
0xf96	0xf96	0
0xf97	0xf97	0
0xf98	0xf98	0
0xf99	0xf99	0
0xf9a	0xf9a	0
0xf9b	0xf9b	0
0xf9c	0xf9c	0
0xf9d	0xf9d	0
0xf9e	0xf9e	0
0xf9f	0xf9f	0
0xfa0	0xfa0	0
0xfa1	0xfa1	0
0xfa2	0xfa2	0
0xfa3	0xfa3	0
0xfa4	0xfa4	0
0xfa5	0xfa5	0
0xfa7	0xfa7	0
0xfae	0xfae	0
0xfaf	0xfaf	0
0xfb0	0xfb0	0
0xfb1	0xfb1	0
0xfb2	0xfb2	0
0xfb3	0xfb3	0
0xfb4	0xfb4	0
0xfb5	0xfb5	0
0xfb6	0xfb6	0
0xfb7	0xfb7	0
0xfb8	0xfb8	0
0xfb9	0xfb9	0
0xfba	0xfba	0
0xfbb	0xfbb	0
0xfbc	0xfbc	0
0xfbd	0xfbd	0
0xfbe	0xfbe	0
0xfbf	0xfbf	0
0xfc0	0xfc0	0
0xfc1	0xfc1	0
0xfc2	0xfc2	0
0xfc3	0xfc3	0
0xfc4	0xfc4	0
0xfc5	0xfc5	0
0xfc6	0xfc6	0
0xfc7	0xfc7	0
0xfc8	0xfc8	0
0xfc9	0xfc9	0
0xfca	0xfca	0
0xfcb	0xfcb	0
0xfcc	0xfcc	0
0xfcd	0xfcd	0
0xfce	0xfce	0
0xfcf	0xfcf	0
0xfd0	0xfd0	0
0xfd1	0xfd1	0
0xfd2	0xfd2	0
0xfd3	0xfd3	0
0xfd4	0xfd4	0
0xfd5	0xfd5	0
0xfd6	0xfd6	0
0xfd7	0xfd7	0
0xfd8	0xfd8	0
0xfd9	0xfd9	0
0xfda	0xfda	0
0xfdb	0xfdb	0
0xfdc	0xfdc	0
0xfdd	0xfdd	0
0xfde	0xfde	0
0xfdf	0xfdf	0
0xfe0	0xfe0	0
0xfe1	0xfe1	0
0xfe2	0xfe2	0
0xfe3	0xfe3	0
0xfe4	0xfe4	0
0xfe5	0xfe5	0
0xfe6	0xfe6	0
0xfe7	0xfe7	0
0xfe8	0xfe8	0
0xfe9	0xfe9	0
0xfeb	0xfeb	0
0xfec	0xfec	0
0xfed	0xfed	0
0xfee	0xfee	0
0xfef	0xfef	0
0xff0	0xff0	0
0xff1	0xff1	0
0xff2	0xff2	0
0xff3	0xff3	0
0xff4	0xff4	0
0xff5	0xff5	0
0xff6	0xff6	0
0xff7	0xff7	0
0xff8	0xff8	0
0xff9	0xff9	0
0xffa	0xffa	0
0xffb	0xffb	0
0xffc	0xffc	0
0xffd	0xffd	0
0xffe	0xffe	0
0xfff	0xfff	0
0x1000	0x1000	0
0x1002	0x1002	0
0x1003	0x1003	0
0x1004	0x1004	0
0x1005	0x1005	0
0x1006	0x1006	0
0x1007	0x1007	0
0x1008	0x1008	0
0x100a	0x100a	0
0x100b	0x100b	0
0x100c	0x100c	0
0x100d	0x100d	0
0x1011	0x1011	0
0x1012	0x1012	0
0x1013	0x1013	0
0x1014	0x1014	0
0x1015	0x1015	0
0x1016	0x1016	0
0x1018	0x1018	0
0x1019	0x1019	0
0x101a	0x101a	0
0x101c	0x101c	0
0x101d	0x101d	0
0x101e	0x101e	0
0x101f	0x101f	0
0x1020	0x1020	0
0x1021	0x1021	0
0x1022	0x1022	0
0x1023	0x1023	0
0x1024	0x1024	0
0x1025	0x1025	0
0x1026	0x1026	0
0x1027	0x1027	0
0x1028	0x1028	0
0x1029	0x1029	0
0x102a	0x102a	0
0x102b	0x102b	0
0x102c	0x102c	0
0x102d	0x102d	0
0x102e	0x102e	0
0x102f	0x102f	0
0x1030	0x1030	0
0x1031	0x1031	0
0x1032	0x1032	0
0x1033	0x1033	0
0x1034	0x1034	0
0x1035	0x1035	0
0x1037	0x1037	0
0x1038	0x1038	0
0x1039	0x1039	0
0x103a	0x103a	0
0x103b	0x103b	0
0x103c	0x103c	0
0x103d	0x103d	0
0x103e	0x103e	0
0x103f	0x103f	0
0x1040	0x1040	0
0x1041	0x1041	0
0x1042	0x1042	0
0x1043	0x1043	0
0x1047	0x1047	0
0x1048	0x1048	0
0x1049	0x1049	0
0x104a	0x104a	0
0x104b	0x104b	0
0x104c	0x104c	0
0x104e	0x104e	0
0x104f	0x104f	0
0x1050	0x1050	0
0x1051	0x1051	0
0x1052	0x1052	0
0x1053	0x1053	0
0x1054	0x1054	0
0x1055	0x1055	0
0x1056	0x1056	0
0x1057	0x1057	0
0x1058	0x1058	0
0x1059	0x1059	0
0x105a	0x105a	0
0x105b	0x105b	0
0x105c	0x105c	0
0x105d	0x105d	0
0x105e	0x105e	0
0x105f	0x105f	0
0x1060	0x1060	0
0x1061	0x1061	0
0x1062	0x1062	0
0x1063	0x1063	0
0x1064	0x1064	0
0x1065	0x1065	0
0x1066	0x1066	0
0x1067	0x1067	0
0x1069	0x1069	0
0x106a	0x106a	0
0x106b	0x106b	0
0x106c	0x106c	0
0x106d	0x106d	0
0x106e	0x106e	0
0x106f	0x106f	0
0x1070	0x1070	0
0x1072	0x1072	0
0x1073	0x1073	0
0x1074	0x1074	0
0x1075	0x1075	0
0x1076	0x1076	0
0x1077	0x1077	0
0x1078	0x1078	0
0x1079	0x1079	0
0x107a	0x107a	0
0x107b	0x107b	0
0x107e	0x107e	0
0x107f	0x107f	0
0x1080	0x1080	0
0x1081	0x1081	0
0x1082	0x1082	0
0x1083	0x1083	0
0x1085	0x1085	0
0x1086	0x1086	0
0x1087	0x1087	0
0x1088	0x1088	0
0x1089	0x1089	0
0x108d	0x108d	0
0x108e	0x108e	0
0x108f	0x108f	0
0x1090	0x1090	0
0x1091	0x1091	0
0x1092	0x1092	0
0x1093	0x1093	0
0x1094	0x1094	0
0x1095	0x1095	0
0x1096	0x1096	0
0x1097	0x1097	0
0x1098	0x1098	0
0x1099	0x1099	0
0x109a	0x109a	0
0x109b	0x109b	0
0x109d	0x109d	0
0x109f	0x109f	0
0x10a0	0x10a0	0
0x10a1	0x10a1	0
0x10a3	0x10a3	0
0x10a4	0x10a4	0
0x10a5	0x10a5	0
0x10a6	0x10a6	0
0x10a7	0x10a7	0
0x10a8	0x10a8	0
0x10a9	0x10a9	0
0x10aa	0x10aa	0
0x10ab	0x10ab	0
0x10ad	0x10ad	0
0x10af	0x10af	0
0x10b1	0x10b1	0
0x10b2	0x10b2	0
0x10b3	0x10b3	0
0x10b5	0x10b5	0
0x10b6	0x10b6	0
0x10b7	0x10b7	0
0x10b9	0x10b9	0
0x10bb	0x10bb	0
0x10bc	0x10bc	0
0x10bd	0x10bd	0
0x10be	0x10be	0
0x10bf	0x10bf	0
0x10c0	0x10c0	0
0x10c1	0x10c1	0
0x10c2	0x10c2	0
0x10c3	0x10c3	0
0x10c4	0x10c4	0
0x10c5	0x10c5	0
0x10c6	0x10c6	0
0x10c7	0x10c7	0
0x10c8	0x10c8	0
0x10c9	0x10c9	0
0x10cd	0x10cd	0
0x10ce	0x10ce	0
0x10cf	0x10cf	0
0x10d0	0x10d0	0
0x10d1	0x10d1	0
0x10d2	0x10d2	0
0x10d3	0x10d3	0
0x10d4	0x10d4	0
0x10d5	0x10d5	0
0x10d6	0x10d6	0
0x10d7	0x10d7	0
0x10d8	0x10d8	0
0x10d9	0x10d9	0
0x10db	0x10db	0
0x10dc	0x10dc	0
0x10de	0x10de	0
0x10df	0x10df	0
0x10e0	0x10e0	0
0x10e1	0x10e1	0
0x10e2	0x10e2	0
0x10e3	0x10e3	0
0x10e4	0x10e4	0
0x10e5	0x10e5	0
0x10e7	0x10e7	0
0x10e8	0x10e8	0
0x10e9	0x10e9	0
0x10ea	0x10ea	0
0x10eb	0x10eb	0
0x10ef	0x10ef	0
0x10f0	0x10f0	0
0x10f1	0x10f1	0
0x10f5	0x10f5	0
0x10f6	0x10f6	0
0x10f7	0x10f7	0
0x10f8	0x10f8	0
0x10f9	0x10f9	0
0x10fa	0x10fa	0
0x10fb	0x10fb	0
0x10fc	0x10fc	0
0x10fd	0x10fd	0
0x1101	0x1101	0
0x1102	0x1102	0
0x1103	0x1103	0
0x1104	0x1104	0
0x1105	0x1105	0
0x1106	0x1106	0
0x1107	0x1107	0
0x1108	0x1108	0
0x1109	0x1109	0
0x110d	0x110d	0
0x110e	0x110e	0
0x110f	0x110f	0
0x1110	0x1110	0
0x1111	0x1111	0
0x1112	0x1112	0
0x1113	0x1113	0
0x1115	0x1115	0
0x1119	0x1119	0
0x111a	0x111a	0
0x111b	0x111b	0
0x111d	0x111d	0
0x111f	0x111f	0
0x1121	0x1121	0
0x1122	0x1122	0
0x1123	0x1123	0
0x1125	0x1125	0
0x1126	0x1126	0
0x1127	0x1127	0
0x1128	0x1128	0
0x1129	0x1129	0
0x112a	0x112a	0
0x112b	0x112b	0
0x112c	0x112c	0
0x112d	0x112d	0
0x112e	0x112e	0
0x112f	0x112f	0
0x1130	0x1130	0
0x1131	0x1131	0
0x1132	0x1132	0
0x1133	0x1133	0
0x1134	0x1134	0
0x1135	0x1135	0
0x1136	0x1136	0
0x1137	0x1137	0
0x113b	0x113b	0
0x113d	0x113d	0
0x113e	0x113e	0
0x113f	0x113f	0
0x1140	0x1140	0
0x1141	0x1141	0
0x1142	0x1142	0
0x1143	0x1143	0
0x1144	0x1144	0
0x1145	0x1145	0
0x1149	0x1149	0
0x114a	0x114a	0
0x114b	0x114b	0
0x114c	0x114c	0
0x114d	0x114d	0
0x114e	0x114e	0
0x114f	0x114f	0
0x1150	0x1150	0
0x1151	0x1151	0
0x1155	0x1155	0
0x1156	0x1156	0
0x1157	0x1157	0
0x1158	0x1158	0
0x115c	0x115c	0
0x115e	0x115e	0
0x115f	0x115f	0
0x1161	0x1161	0
0x1162	0x1162	0
0x1163	0x1163	0
0x1164	0x1164	0
0x1165	0x1165	0
0x1166	0x1166	0
0x1167	0x1167	0
0x1168	0x1168	0
0x1169	0x1169	0
0x116a	0x116a	0
0x116b	0x116b	0
0x116c	0x116c	0
0x116d	0x116d	0
0x116e	0x116e	0
0x116f	0x116f	0
0x1170	0x1170	0
0x1171	0x1171	0
0x1172	0x1172	0
0x1173	0x1173	0
0x1174	0x1174	0
0x1175	0x1175	0
0x1176	0x1176	0
0x1177	0x1177	0
0x1178	0x1178	0
0x1179	0x1179	0
0x117a	0x117a	0
0x117b	0x117b	0
0x117c	0x117c	0
0x117e	0x117e	0
0x117f	0x117f	0
0x1180	0x1180	0
0x1181	0x1181	0
0x1182	0x1182	0
0x1183	0x1183	0
0x1184	0x1184	0
0x118c	0x118c	0
0x118d	0x118d	0
0x118e	0x118e	0
0x118f	0x118f	0
0x1193	0x1193	0
0x1194	0x1194	0
0x1195	0x1195	0
0x1196	0x1196	0
0x1197	0x1197	0
0x1198	0x1198	0
0x1199	0x1199	0
0x119a	0x119a	0
0x119b	0x119b	0
0x119c	0x119c	0
0x119e	0x119e	0
0x119f	0x119f	0
0x11a0	0x11a0	0
0x11a1	0x11a1	0
0x11a2	0x11a2	0
0x11aa	0x11aa	0
0x11ab	0x11ab	0
0x11ac	0x11ac	0
0x11ad	0x11ad	0
0x11ae	0x11ae	0
0x11af	0x11af	0
0x11b0	0x11b0	0
0x11b1	0x11b1	0
0x11b2	0x11b2	0
0x11b3	0x11b3	0
0x11b4	0x11b4	0
0x11b5	0x11b5	0
0x11b6	0x11b6	0
0x11b7	0x11b7	0
0x11b8	0x11b8	0
0x11b9	0x11b9	0
0x11ba	0x11ba	0
0x11bb	0x11bb	0
0x11bc	0x11bc	0
0x11bd	0x11bd	0
0x11be	0x11be	0
0x11c0	0x11c0	0
0x11c1	0x11c1	0
0x11c2	0x11c2	0
0x11cb	0x11cb	0
0x11d0	0x11d0	0
0x11d1	0x11d1	0
0x11d2	0x11d2	0
0x11d3	0x11d3	0
0x11d4	0x11d4	0
0x11d5	0x11d5	0
0x11d6	0x11d6	0
0x11d7	0x11d7	0
0x11d8	0x11d8	0
0x11d9	0x11d9	0
0x11da	0x11da	0
0x11db	0x11db	0
0x11dc	0x11dc	0
0x11dd	0x11dd	0
0x11de	0x11de	0
0x11df	0x11df	0
0x11e0	0x11e0	0
0x11e1	0x11e1	0
0x11e2	0x11e2	0
0x11e3	0x11e3	0
0x11e4	0x11e4	0
0x11e5	0x11e5	0
0x11e6	0x11e6	0
0x11e7	0x11e7	0
0x11e8	0x11e8	0
0x11e9	0x11e9	0
0x11ea	0x11ea	0
0x11eb	0x11eb	0
0x11ec	0x11ec	0
0x11ed	0x11ed	0
0x11ee	0x11ee	0
0x11ef	0x11ef	0
0x11f0	0x11f0	0
0x11f1	0x11f1	0
0x11f2	0x11f2	0
0x11f3	0x11f3	0
0x11f4	0x11f4	0
0x11f5	0x11f5	0
0x11f6	0x11f6	0
0x11f7	0x11f7	0
0x11f8	0x11f8	0
0x11f9	0x11f9	0
0x11fa	0x11fa	0
0x11fb	0x11fb	0
0x11fc	0x11fc	0
0x11fd	0x11fd	0
0x11fe	0x11fe	0
0x11ff	0x11ff	0
0x1200	0x1200	0
0x1201	0x1201	0
0x1202	0x1202	0
0x1203	0x1203	0
0x1204	0x1204	0
0x1205	0x1205	0
0x1206	0x1206	0
0x1207	0x1207	0
0x1208	0x1208	0
0x1209	0x1209	0
0x120a	0x120a	0
0x120b	0x120b	0
0x120c	0x120c	0
0x120d	0x120d	0
0x120e	0x120e	0
0x120f	0x120f	0
0x1210	0x1210	0
0x1211	0x1211	0
0x1212	0x1212	0
0x1218	0x1218	0
0x121b	0x121b	0
0x121c	0x121c	0
0x121d	0x121d	0
0x121e	0x121e	0
0x121f	0x121f	0
0x1220	0x1220	0
0x1221	0x1221	0
0x1222	0x1222	0
0x1223	0x1223	0
0x1224	0x1224	0
0x1226	0x1226	0
0x1227	0x1227	0
0x122b	0x122b	0
0x122f	0x122f	0
0x1230	0x1230	0
0x1231	0x1231	0
0x1233	0x1233	0
0x1234	0x1234	0
0x123c	0x123c	0
0x1244	0x1244	0
0x124c	0x124c	0
0x1254	0x1254	0
0x125c	0x125c	0
0x125d	0x125d	0
0x125e	0x125e	0
0x125f	0x125f	0
0x1260	0x1260	0
0x1261	0x1261	0
0x1262	0x1262	0
0x1263	0x1263	0
0x1264	0x1264	0
0x1265	0x1265	0
0x1266	0x1266	0
0x1267	0x1267	0
0x1268	0x1268	0
0x1269	0x1269	0
0x126a	0x126a	0
0x126b	0x126b	0
0x126c	0x126c	0
0x126d	0x126d	0
0x126e	0x126e	0
0x126f	0x126f	0
0x1270	0x1270	0
0x1271	0x1271	0
0x1272	0x1272	0
0x1273	0x1273	0
0x1274	0x1274	0
0x1275	0x1275	0
0x1277	0x1277	0
0x1279	0x1279	0
0x127a	0x127a	0
0x127e	0x127e	0
0x127f	0x127f	0
0x1280	0x1280	0
0x1285	0x1285	0
0x1287	0x1287	0
0x128a	0x128a	0
0x128b	0x128b	0
0x1293	0x1293	0
0x129b	0x129b	0
0x129c	0x129c	0
0x129d	0x129d	0
0x129e	0x129e	0
0x12a3	0x12a3	0
0x12a4	0x12a4	0
0x12a5	0x12a5	0
0x12a6	0x12a6	0
0x12a7	0x12a7	0
0x12a8	0x12a8	0
0x12b0	0x12b0	0
0x12b1	0x12b1	0
0x12b3	0x12b3	0
0x12b4	0x12b4	0
0x12b5	0x12b5	0
0x12b6	0x12b6	0
0x12b7	0x12b7	0
0x12b8	0x12b8	0
0x12b9	0x12b9	0
0x12bf	0x12bf	0
0x12c0	0x12c0	0
0x12c4	0x12c4	0
0x12c8	0x12c8	0
0x12cf	0x12cf	0
0x12d0	0x12d0	0
0x12d5	0x12d5	0
0x12d6	0x12d6	0
0x12d7	0x12d7	0
0x12d8	0x12d8	0
0x12d9	0x12d9	0
0x12da	0x12da	0
0x12db	0x12db	0
0x12dc	0x12dc	0
0x12dd	0x12dd	0
0x12de	0x12de	0
0x12e6	0x12e6	0
0x12ed	0x12ed	0
0x12f4	0x12f4	0
0x12f5	0x12f5	0
0x12fd	0x12fd	0
0x1300	0x1300	0
0x1305	0x1305	0
0x130b	0x130b	0
0x130c	0x130c	0
0x130d	0x130d	0
0x130e	0x130e	0
0x130f	0x130f	0
0x1310	0x1310	0
0x1311	0x1311	0
0x1312	0x1312	0
0x1313	0x1313	0
0x1314	0x1314	0
0x131c	0x131c	0
0x131e	0x131e	0
0x131f	0x131f	0
0x1320	0x1320	0
0x1321	0x1321	0
0x1327	0x1327	0
0x132e	0x132e	0
0x1336	0x1336	0
0x133d	0x133d	0
0x1340	0x1340	0
0x1341	0x1341	0
0x1342	0x1342	0
0x1343	0x1343	0
0x1344	0x1344	0
0x1345	0x1345	0
0x1346	0x1346	0
0x1347	0x1347	0
0x1348	0x1348	0
0x1349	0x1349	0
0x134a	0x134a	0
0x1352	0x1352	0
0x1353	0x1353	0
0x1359	0x1359	0
0x135e	0x135e	0
0x135f	0x135f	0
0x1360	0x1360	0
0x1367	0x1367	0
0x1368	0x1368	0
0x1369	0x1369	0
0x136a	0x136a	0
0x136b	0x136b	0
0x1371	0x1371	0
0x1372	0x1372	0
0x1374	0x1374	0
0x1375	0x1375	0
0x1376	0x1376	0
0x137a	0x137a	0
0x137b	0x137b	0
0x137c	0x137c	0
0x137d	0x137d	0
0x137e	0x137e	0
0x137f	0x137f	0
0x1380	0x1380	0
0x1388	0x1388	0
0x1389	0x1389	0
0x138a	0x138a	0
0x1392	0x1392	0
0x1393	0x1393	0
0x1394	0x1394	0
0x1395	0x1395	0
0x1396	0x1396	0
0x1397	0x1397	0
0x1398	0x1398	0
0x1399	0x1399	0
0x139a	0x139a	0
0x139b	0x139b	0
0x139c	0x139c	0
0x139d	0x139d	0
0x139e	0x139e	0
0x139f	0x139f	0
0x13a0	0x13a0	0
0x13a1	0x13a1	0
0x13a2	0x13a2	0
0x13a4	0x13a4	0
0x13a5	0x13a5	0
0x13a6	0x13a6	0
0x13a7	0x13a7	0
0x13ab	0x13ab	0
0x13b3	0x13b3	0
0x13bb	0x13bb	0
0x13c3	0x13c3	0
0x13cb	0x13cb	0
0x13d3	0x13d3	0
0x13d5	0x13d5	0
0x13d6	0x13d6	0
0x13d7	0x13d7	0
0x13d8	0x13d8	0
0x13d9	0x13d9	0
0x13da	0x13da	0
0x13db	0x13db	0
0x13dc	0x13dc	0
0x13dd	0x13dd	0
0x13de	0x13de	0
0x13df	0x13df	0
0x13e0	0x13e0	0
0x13e1	0x13e1	0
0x13e2	0x13e2	0
0x13e3	0x13e3	0
0x13e5	0x13e5	0
0x13e7	0x13e7	0
0x13e9	0x13e9	0
0x13ea	0x13ea	0
0x13eb	0x13eb	0
0x13ec	0x13ec	0
0x13ed	0x13ed	0
0x13ee	0x13ee	0
0x13ef	0x13ef	0
0x13f0	0x13f0	0
0x13f1	0x13f1	0
0x13f2	0x13f2	0
0x13f3	0x13f3	0
0x13f4	0x13f4	0
0x13f5	0x13f5	0
0x13f7	0x13f7	0
0x13f9	0x13f9	0
0x13fb	0x13fb	0
0x13fc	0x13fc	0
0x13fd	0x13fd	0
0x13fe	0x13fe	0
0x13ff	0x13ff	0
0x1400	0x1400	0
0x1401	0x1401	0
0x1402	0x1402	0
0x1403	0x1403	0
0x1404	0x1404	0
0x1405	0x1405	0
0x1407	0x1407	0
0x1409	0x1409	0
0x140b	0x140b	0
0x140c	0x140c	0
0x140d	0x140d	0
0x140e	0x140e	0
0x140f	0x140f	0
0x1411	0x1411	0
0x1412	0x1412	0
0x1413	0x1413	0
0x1415	0x1415	0
0x1416	0x1416	0
0x1417	0x1417	0
0x1418	0x1418	0
0x1419	0x1419	0
0x141a	0x141a	0
0x141b	0x141b	0
0x141c	0x141c	0
0x141d	0x141d	0
0x141f	0x141f	0
0x1420	0x1420	0
0x1421	0x1421	0
0x1422	0x1422	0
0x142a	0x142a	0
0x142b	0x142b	0
0x142c	0x142c	0
0x142d	0x142d	0
0x142e	0x142e	0
0x142f	0x142f	0
0x1430	0x1430	0
0x1431	0x1431	0
0x1432	0x1432	0
0x1434	0x1434	0
0x1435	0x1435	0
0x143b	0x143b	0
0x143c	0x143c	0
0x143d	0x143d	0
0x1444	0x1444	0
0x144c	0x144c	0
0x144d	0x144d	0
0x144e	0x144e	0
0x144f	0x144f	0
0x1450	0x1450	0
0x1451	0x1451	0
0x1452	0x1452	0
0x1453	0x1453	0
0x1454	0x1454	0
0x1455	0x1455	0
0x1456	0x1456	0
0x1457	0x1457	0
0x1458	0x1458	0
0x1459	0x1459	0
0x145d	0x145d	0
0x145e	0x145e	0
0x145f	0x145f	0
0x1460	0x1460	0
0x1461	0x1461	0
0x1462	0x1462	0
0x1463	0x1463	0
0x1465	0x1465	0
0x1466	0x1466	0
0x1467	0x1467	0
0x1468	0x1468	0
0x1469	0x1469	0
0x146a	0x146a	0
0x146b	0x146b	0
0x146c	0x146c	0
0x146d	0x146d	0
0x1470	0x1470	0
0x1472	0x1472	0
0x1473	0x1473	0
0x1475	0x1475	0
0x1476	0x1476	0
0x1477	0x1477	0
0x1478	0x1478	0
0x1479	0x1479	0
0x147a	0x147a	0
0x147b	0x147b	0
0x147c	0x147c	0
0x147d	0x147d	0
0x147e	0x147e	0
0x147f	0x147f	0
0x1480	0x1480	0
0x1481	0x1481	0
0x1482	0x1482	0
0x1483	0x1483	0
0x1484	0x1484	0
0x1485	0x1485	0
0x1486	0x1486	0
0x1487	0x1487	0
0x1488	0x1488	0
0x1489	0x1489	0
0x148a	0x148a	0
0x148b	0x148b	0
0x148c	0x148c	0
0x148d	0x148d	0
0x148e	0x148e	0
0x148f	0x148f	0
0x1490	0x1490	0
0x1491	0x1491	0
0x1492	0x1492	0
0x1493	0x1493	0
0x1495	0x1495	0
0x1496	0x1496	0
0x1497	0x1497	0
0x1498	0x1498	0
0x149a	0x149a	0
0x149b	0x149b	0
0x149c	0x149c	0
0x149d	0x149d	0
0x149e	0x149e	0
0x149f	0x149f	0
0x14a0	0x14a0	0
0x14a1	0x14a1	0
0x14a3	0x14a3	0
0x14a4	0x14a4	0
0x14a5	0x14a5	0
0x14a6	0x14a6	0
0x14a7	0x14a7	0
0x14a8	0x14a8	0
0x14a9	0x14a9	0
0x14aa	0x14aa	0
0x14ab	0x14ab	0
0x14ac	0x14ac	0
0x14ad	0x14ad	0
0x14ae	0x14ae	0
0x14af	0x14af	0
0x14b0	0x14b0	0
0x14b1	0x14b1	0
0x14b2	0x14b2	0
0x14b3	0x14b3	0
0x14b4	0x14b4	0
0x14b5	0x14b5	0
0x14b7	0x14b7	0
0x14b8	0x14b8	0
0x14b9	0x14b9	0
0x14ba	0x14ba	0
0x14bb	0x14bb	0
0x14bc	0x14bc	0
0x14bd	0x14bd	0
0x14be	0x14be	0
0x14bf	0x14bf	0
0x14c0	0x14c0	0
0x14c1	0x14c1	0
0x14c3	0x14c3	0
0x14c5	0x14c5	0
0x14c6	0x14c6	0
0x14c7	0x14c7	0
0x14c8	0x14c8	0
0x14c9	0x14c9	0
0x14cb	0x14cb	0
0x14cd	0x14cd	0
0x14cf	0x14cf	0
0x14d0	0x14d0	0
0x14d1	0x14d1	0
0x14d2	0x14d2	0
0x14d3	0x14d3	0
0x14d4	0x14d4	0
0x14d5	0x14d5	0
0x14d6	0x14d6	0
0x14d7	0x14d7	0
0x14db	0x14db	0
0x14dc	0x14dc	0
0x14dd	0x14dd	0
0x14de	0x14de	0
0x14df	0x14df	0
0x14e0	0x14e0	0
0x14e1	0x14e1	0
0x14e2	0x14e2	0
0x14e3	0x14e3	0
0x14e4	0x14e4	0
0x14e5	0x14e5	0
0x14e6	0x14e6	0
0x14e7	0x14e7	0
0x14e8	0x14e8	0
0x14e9	0x14e9	0
0x14ea	0x14ea	0
0x14ec	0x14ec	0
0x14ee	0x14ee	0
0x14ef	0x14ef	0
0x14f0	0x14f0	0
0x14f1	0x14f1	0
0x14f2	0x14f2	0
0x14f3	0x14f3	0
0x14f4	0x14f4	0
0x14f5	0x14f5	0
0x14f6	0x14f6	0
0x14f7	0x14f7	0
0x14f8	0x14f8	0
0x14fb	0x14fb	0
0x14fc	0x14fc	0
0x14fd	0x14fd	0
0x14fe	0x14fe	0
0x14ff	0x14ff	0
0x1502	0x1502	0
0x1503	0x1503	0
0x1504	0x1504	0
0x1505	0x1505	0
0x1506	0x1506	0
0x150c	0x150c	0
0x1513	0x1513	0
0x1514	0x1514	0
0x1515	0x1515	0
0x1516	0x1516	0
0x1517	0x1517	0
0x1518	0x1518	0
0x1520	0x1520	0
0x1521	0x1521	0
0x1523	0x1523	0
0x1528	0x1528	0
0x1529	0x1529	0
0x152a	0x152a	0
0x152b	0x152b	0
0x152c	0x152c	0
0x152d	0x152d	0
0x152e	0x152e	0
0x152f	0x152f	0
0x1530	0x1530	0
0x1531	0x1531	0
0x1532	0x1532	0
0x1533	0x1533	0
0x1534	0x1534	0
0x1535	0x1535	0
0x1536	0x1536	0
0x1537	0x1537	0
0x1538	0x1538	0
0x1539	0x1539	0
0x153a	0x153a	0
0x153b	0x153b	0
0x153c	0x153c	0
0x153d	0x153d	0
0x153e	0x153e	0
0x153f	0x153f	0
0x1540	0x1540	0
0x1541	0x1541	0
0x1542	0x1542	0
0x1543	0x1543	0
0x1544	0x1544	0
0x1545	0x1545	0
0x1546	0x1546	0
0x1547	0x1547	0
0x1548	0x1548	0
0x1549	0x1549	0
0x154a	0x154a	0
0x154b	0x154b	0
0x154c	0x154c	0
0x154d	0x154d	0
0x154e	0x154e	0
0x154f	0x154f	0
0x1550	0x1550	0
0x1551	0x1551	0
0x1552	0x1552	0
0x1553	0x1553	0
0x1554	0x1554	0
0x1555	0x1555	0
0x1556	0x1556	0
0x1557	0x1557	0
0x1558	0x1558	0
0x1559	0x1559	0
0x155a	0x155a	0
0x155b	0x155b	0
0x155c	0x155c	0
0x155d	0x155d	0
0x155e	0x155e	0
0x155f	0x155f	0
0x1560	0x1560	0
0x1561	0x1561	0
0x1562	0x1562	0
0x1563	0x1563	0
0x1564	0x1564	0
0x1565	0x1565	0
0x1566	0x1566	0
0x1567	0x1567	0
0x1568	0x1568	0
0x1569	0x1569	0
0x156a	0x156a	0
0x156b	0x156b	0
0x156c	0x156c	0
0x156d	0x156d	0
0x156e	0x156e	0
0x156f	0x156f	0
0x1570	0x1570	0
0x1571	0x1571	0
0x1572	0x1572	0
0x1573	0x1573	0
0x1574	0x1574	0
0x1575	0x1575	0
0x1576	0x1576	0
0x1577	0x1577	0
0x1578	0x1578	0
0x1579	0x1579	0
0x157a	0x157a	0
0x157b	0x157b	0
0x157c	0x157c	0
0x157d	0x157d	0
0x157e	0x157e	0
0x157f	0x157f	0
0x1580	0x1580	0
0x1582	0x1582	0
0x1583	0x1583	0
0x1584	0x1584	0
0x1585	0x1585	0
0x1589	0x1589	0
0x158a	0x158a	0
0x158b	0x158b	0
0x158c	0x158c	0
0x158d	0x158d	0
0x158e	0x158e	0
0x158f	0x158f	0
0x1591	0x1591	0
0x1592	0x1592	0
0x1594	0x1594	0
0x1595	0x1595	0
0x1596	0x1596	0
0x1597	0x1597	0
0x1598	0x1598	0
0x1599	0x1599	0
0x159a	0x159a	0
0x15a2	0x15a2	0
0x15aa	0x15aa	0
0x15ab	0x15ab	0
0x15ac	0x15ac	0
0x15ad	0x15ad	0
0x15ae	0x15ae	0
0x15b2	0x15b2	0
0x15b3	0x15b3	0
0x15b9	0x15b9	0
0x15ba	0x15ba	0
0x15bb	0x15bb	0
0x15c2	0x15c2	0
0x15ca	0x15ca	0
0x15cb	0x15cb	0
0x15cc	0x15cc	0
0x15cd	0x15cd	0
0x15ce	0x15ce	0
0x15cf	0x15cf	0
0x15d0	0x15d0	0
0x15d1	0x15d1	0
0x15d2	0x15d2	0
0x15d3	0x15d3	0
0x15d4	0x15d4	0
0x15d5	0x15d5	0
0x15db	0x15db	0
0x15dc	0x15dc	0
0x15dd	0x15dd	0
0x15de	0x15de	0
0x15df	0x15df	0
0x15e0	0x15e0	0
0x15e1	0x15e1	0
0x15e2	0x15e2	0
0x15e3	0x15e3	0
0x15e4	0x15e4	0
0x15e8	0x15e8	0
0x15e9	0x15e9	0
0x15ea	0x15ea	0
0x15eb	0x15eb	0
0x15ec	0x15ec	0
0x15ed	0x15ed	0
0x15ee	0x15ee	0
0x15f6	0x15f6	0
0x15f7	0x15f7	0
0x15f8	0x15f8	0
0x15f9	0x15f9	0
0x15fa	0x15fa	0
0x15fb	0x15fb	0
0x15fc	0x15fc	0
0x15fd	0x15fd	0
0x15fe	0x15fe	0
0x1603	0x1603	0
0x1604	0x1604	0
0x1605	0x1605	0
0x1606	0x1606	0
0x1608	0x1608	0
0x1609	0x1609	0
0x160a	0x160a	0
0x160b	0x160b	0
0x160f	0x160f	0
0x1610	0x1610	0
0x1611	0x1611	0
0x1612	0x1612	0
0x1613	0x1613	0
0x1614	0x1614	0
0x1617	0x1617	0
0x1618	0x1618	0
0x1619	0x1619	0
0x161a	0x161a	0
0x161b	0x161b	0
0x161e	0x161e	0
0x161f	0x161f	0
0x1620	0x1620	0
0x1621	0x1621	0
0x1622	0x1622	0
0x1623	0x1623	0
0x1624	0x1624	0
0x1625	0x1625	0
0x162d	0x162d	0
0x162e	0x162e	0
0x1630	0x1630	0
0x1631	0x1631	0
0x1632	0x1632	0
0x1633	0x1633	0
0x1634	0x1634	0
0x1635	0x1635	0
0x1636	0x1636	0
0x1637	0x1637	0
0x1638	0x1638	0
0x1639	0x1639	0
0x163a	0x163a	0
0x163b	0x163b	0
0x163c	0x163c	0
0x163d	0x163d	0
0x163e	0x163e	0
0x1646	0x1646	0
0x1647	0x1647	0
0x1649	0x1649	0
0x164e	0x164e	0
0x164f	0x164f	0
0x1650	0x1650	0
0x1651	0x1651	0
0x1652	0x1652	0
0x1653	0x1653	0
0x1654	0x1654	0
0x1655	0x1655	0
0x1656	0x1656	0
0x1657	0x1657	0
0x1658	0x1658	0
0x1659	0x1659	0
0x165a	0x165a	0
0x165b	0x165b	0
0x165c	0x165c	0
0x165d	0x165d	0
0x165e	0x165e	0
0x165f	0x165f	0
0x1660	0x1660	0
0x1661	0x1661	0
0x1662	0x1662	0
0x1663	0x1663	0
0x1664	0x1664	0
0x1665	0x1665	0
0x1666	0x1666	0
0x1667	0x1667	0
0x1668	0x1668	0
0x1669	0x1669	0
0x166a	0x166a	0
0x166b	0x166b	0
0x166c	0x166c	0
0x166d	0x166d	0
0x166e	0x166e	0
0x166f	0x166f	0
0x1670	0x1670	0
0x1671	0x1671	0
0x1672	0x1672	0
0x1673	0x1673	0
0x1674	0x1674	0
0x1675	0x1675	0
0x1676	0x1676	0
0x1677	0x1677	0
0x1678	0x1678	0
0x1679	0x1679	0
0x167a	0x167a	0
0x167b	0x167b	0
0x167c	0x167c	0
0x167d	0x167d	0
0x167e	0x167e	0
0x167f	0x167f	0
0x1680	0x1680	0
0x1681	0x1681	0
0x1682	0x1682	0
0x1683	0x1683	0
0x1684	0x1684	0
0x1685	0x1685	0
0x1686	0x1686	0
0x1687	0x1687	0
0x1688	0x1688	0
0x1689	0x1689	0
0x168a	0x168a	0
0x168b	0x168b	0
0x168c	0x168c	0
0x168d	0x168d	0
0x168e	0x168e	0
0x168f	0x168f	0
0x1690	0x1690	0
0x1691	0x1691	0
0x1692	0x1692	0
0x1693	0x1693	0
0x1694	0x1694	0
0x1695	0x1695	0
0x1696	0x1696	0
0x1697	0x1697	0
0x1698	0x1698	0
0x1699	0x1699	0
0x169a	0x169a	0
0x169b	0x169b	0
0x169c	0x169c	0
0x169d	0x169d	0
0x169e	0x169e	0
0x169f	0x169f	0
0x16a0	0x16a0	0
0x16a1	0x16a1	0
0x16a2	0x16a2	0
0x16a3	0x16a3	0
0x16a4	0x16a4	0
0x16a5	0x16a5	0
0x16a6	0x16a6	0
0x16a7	0x16a7	0
0x16a8	0x16a8	0
0x16a9	0x16a9	0
0x16ab	0x16ab	0
0x16ac	0x16ac	0
0x16ad	0x16ad	0
0x16ae	0x16ae	0
0x16af	0x16af	0
0x16b0	0x16b0	0
0x16b1	0x16b1	0
0x16b2	0x16b2	0
0x16b3	0x16b3	0
0x16b4	0x16b4	0
0x16b5	0x16b5	0
0x16b6	0x16b6	0
0x16b7	0x16b7	0
0x16b8	0x16b8	0
0x16b9	0x16b9	0
0x16ba	0x16ba	0
0x16bb	0x16bb	0
0x16bc	0x16bc	0
0x16bd	0x16bd	0
0x16be	0x16be	0
0x16bf	0x16bf	0
0x16c0	0x16c0	0
0x16c1	0x16c1	0
0x16c2	0x16c2	0
0x16c3	0x16c3	0
0x16c4	0x16c4	0
0x16c5	0x16c5	0
0x16c6	0x16c6	0
0x16c7	0x16c7	0
0x16c8	0x16c8	0
0x16c9	0x16c9	0
0x16cd	0x16cd	0
0x16ce	0x16ce	0
0x16cf	0x16cf	0
0x16d0	0x16d0	0
0x16d1	0x16d1	0
0x16d2	0x16d2	0
0x16d3	0x16d3	0
0x16d4	0x16d4	0
0x16d5	0x16d5	0
0x16d6	0x16d6	0
0x16d7	0x16d7	0
0x16d8	0x16d8	0
0x16d9	0x16d9	0
0x16da	0x16da	0
0x16db	0x16db	0
0x16dc	0x16dc	0
0x16dd	0x16dd	0
0x16de	0x16de	0
0x16df	0x16df	0
0x16e0	0x16e0	0
0x16e3	0x16e3	0
0x16e4	0x16e4	0
0x16e5	0x16e5	0
0x16e6	0x16e6	0
0x16e7	0x16e7	0
0x16ea	0x16ea	0
0x16eb	0x16eb	0
0x16ec	0x16ec	0
0x16ed	0x16ed	0
0x16ee	0x16ee	0
0x16ef	0x16ef	0
0x16f4	0x16f4	0
0x16f5	0x16f5	0
0x16f9	0x16f9	0
0x16fa	0x16fa	0
0x16fb	0x16fb	0
0x16fc	0x16fc	0
0x16fd	0x16fd	0
0x16fe	0x16fe	0
0x16ff	0x16ff	0
0x1700	0x1700	0
0x1708	0x1708	0
0x1709	0x1709	0
0x170b	0x170b	0
0x1710	0x1710	0
0x1711	0x1711	0
0x1712	0x1712	0
0x1713	0x1713	0
0x1714	0x1714	0
0x1715	0x1715	0
0x1716	0x1716	0
0x1717	0x1717	0
0x1718	0x1718	0
0x1719	0x1719	0
0x171a	0x171a	0
0x171b	0x171b	0
0x171c	0x171c	0
0x171d	0x171d	0
0x171e	0x171e	0
0x171f	0x171f	0
0x1720	0x1720	0
0x1721	0x1721	0
0x1722	0x1722	0
0x1723	0x1723	0
0x1724	0x1724	0
0x1725	0x1725	0
0x1726	0x1726	0
0x1727	0x1727	0
0x1728	0x1728	0
0x1729	0x1729	0
0x172a	0x172a	0
0x172b	0x172b	0
0x172c	0x172c	0
0x172d	0x172d	0
0x172e	0x172e	0
0x172f	0x172f	0
0x1730	0x1730	0
0x1731	0x1731	0
0x1732	0x1732	0
0x1733	0x1733	0
0x1734	0x1734	0
0x1735	0x1735	0
0x1736	0x1736	0
0x1737	0x1737	0
0x1738	0x1738	0
0x1739	0x1739	0
0x173a	0x173a	0
0x173b	0x173b	0
0x173c	0x173c	0
0x173d	0x173d	0
0x173e	0x173e	0
0x173f	0x173f	0
0x1740	0x1740	0
0x1741	0x1741	0
0x1742	0x1742	0
0x1743	0x1743	0
0x1744	0x1744	0
0x1745	0x1745	0
0x1746	0x1746	0
0x1747	0x1747	0
0x1748	0x1748	0
0x1749	0x1749	0
0x174a	0x174a	0
0x174b	0x174b	0
0x174c	0x174c	0
0x174d	0x174d	0
0x174e	0x174e	0
0x174f	0x174f	0
0x1750	0x1750	0
0x1751	0x1751	0
0x1752	0x1752	0
0x1753	0x1753	0
0x1754	0x1754	0
0x1755	0x1755	0
0x1756	0x1756	0
0x1757	0x1757	0
0x1758	0x1758	0
0x1759	0x1759	0
0x175a	0x175a	0
0x175b	0x175b	0
0x175c	0x175c	0
0x175d	0x175d	0
0x175e	0x175e	0
0x175f	0x175f	0
0x1760	0x1760	0
0x1761	0x1761	0
0x1762	0x1762	0
0x1763	0x1763	0
0x1764	0x1764	0
0x1765	0x1765	0
0x1766	0x1766	0
0x1767	0x1767	0
0x1768	0x1768	0
0x176a	0x176a	0
0x176b	0x176b	0
0x176e	0x176e	0
0x176f	0x176f	0
0x1770	0x1770	0
0x1771	0x1771	0
0x1772	0x1772	0
0x1773	0x1773	0
0x1774	0x1774	0
0x1775	0x1775	0
0x1777	0x1777	0
0x1779	0x1779	0
0x177a	0x177a	0
0x177b	0x177b	0
0x177d	0x177d	0
0x177e	0x177e	0
0x177f	0x177f	0
0x1780	0x1780	0
0x1781	0x1781	0
0x1782	0x1782	0
0x1783	0x1783	0
0x1784	0x1784	0
0x1785	0x1785	0
0x178c	0x178c	0
0x178d	0x178d	0
0x1791	0x1791	0
0x1792	0x1792	0
0x1793	0x1793	0
0x1794	0x1794	0
0x1795	0x1795	0
0x1796	0x1796	0
0x1799	0x1799	0
0x179a	0x179a	0
0x179b	0x179b	0
0x179c	0x179c	0
0x179d	0x179d	0
0x17a0	0x17a0	0
0x17a1	0x17a1	0
0x17a2	0x17a2	0
0x17aa	0x17aa	0
0x17ab	0x17ab	0
0x17ad	0x17ad	0
0x17b1	0x17b1	0
0x17b2	0x17b2	0
0x17b3	0x17b3	0
0x17b4	0x17b4	0
0x17b5	0x17b5	0
0x17b6	0x17b6	0
0x17b7	0x17b7	0
0x17b8	0x17b8	0
0x17b9	0x17b9	0
0x17bf	0x17bf	0
0x17c0	0x17c0	0
0x17c7	0x17c7	0
0x17c8	0x17c8	0
0x17c9	0x17c9	0
0x17ca	0x17ca	0
0x17cb	0x17cb	0
0x17ce	0x17ce	0
0x17cf	0x17cf	0
0x17d6	0x17d6	0
0x17d7	0x17d7	0
0x17d9	0x17d9	0
0x17da	0x17da	0
0x17db	0x17db	0
0x17dd	0x17dd	0
0x17de	0x17de	0
0x17df	0x17df	0
0x17e0	0x17e0	0
0x17e6	0x17e6	0
0x17e8	0x17e8	0
0x17ed	0x17ed	0
0x17ee	0x17ee	0
0x17f5	0x17f5	0
0x17f6	0x17f6	0
0x17f7	0x17f7	0
0x17f8	0x17f8	0
0x17f9	0x17f9	0
0x17fa	0x17fa	0
0x17fc	0x17fc	0
0x17ff	0x17ff	0
0x1800	0x1800	0
0x1801	0x1801	0
0x1803	0x1803	0
0x1807	0x1807	0
0x1808	0x1808	0
0x1809	0x1809	0
0x180a	0x180a	0
0x180b	0x180b	0
0x180c	0x180c	0
0x180d	0x180d	0
0x180e	0x180e	0
0x180f	0x180f	0
0x1815	0x1815	0
0x181e	0x181e	0
0x1822	0x1822	0
0x1823	0x1823	0
0x1828	0x1828	0
0x1829	0x1829	0
0x182e	0x182e	0
0x182f	0x182f	0
0x1830	0x1830	0
0x1838	0x1838	0
0x1839	0x1839	0
0x183e	0x183e	0
0x183f	0x183f	0
0x1842	0x1842	0
0x184a	0x184a	0
0x184d	0x184d	0
