0x0	CALLDATASIZE
0x40	CALLDATALOAD
0x1	ADDRESS
0x3f	ADDRESS
0x60	CONST
0x4	CALLDATASIZE
0x2	CALLDATASIZE
0x3	ADDRESS
0x5	ADDRESS
0x6	CALLVALUE
0x7	ADDRESS
0x8	CALLDATALOAD
0x9	ORIGIN
0xa	CALLDATASIZE
0xb	ADDRESS
0xc	ADDRESS
0xd	CALLVALUE
0xe	CALLER
0xf	CALLDATASIZE
0x10	BALANCE
0x11	ADDRESS
0x12	CALLDATASIZE
0x13	BALANCE
0x14	ADDRESS
0x15	BALANCE
0x16	CONST
0x1d	CONST
0x25	ADDRESS
0x26	CONST
0x2d	CONST
0x30	ADDRESS
0x31	ADDRESS
0x32	CALLER
0x33	CALLDATALOAD
0x34	ADDRESS
0x35	CALLVALUE
0x36	BALANCE
0x37	CALLDATASIZE
0x38	CALLDATASIZE
0x39	CALLER
0x3a	ADDRESS
0x3b	BALANCE
0x3c	ADDRESS
0x3d	ORIGIN
0x3e	CALLER
0x41	CONST
0x45	CALLVALUE
0x46	CALLDATASIZE
0x47	BALANCE
0x48	ADDRESS
0x49	BALANCE
0x4a	CONST
0x51	CALLER
0x52	ADDRESS
0x53	CONST
0x58	CONST
0x5c	CALLDATASIZE
0x5d	BALANCE
0x5e	ADDRESS
0x5f	ORIGIN
0x66	CALLDATASIZE
0x67	CALLER
0x68	BALANCE
0x69	CONST
0x6c	ORIGIN
0x6d	CONST
0x71	CALLVALUE
0x72	CALLDATASIZE
0x73	BALANCE
0x74	ADDRESS
0x75	ORIGIN
0x76	CONST
0x7e	BALANCE
0x7f	CONST
0x86	BALANCE
0x87	CALLVALUE
0x88	CALLDATASIZE
0x89	BALANCE
0x8a	ADDRESS
0x8b	CALLER
0x8c	BALANCE
0x8d	CALLVALUE
0x8e	CALLDATALOAD
0x90	CODESIZE
0x91	ADDRESS
0x92	CALLDATASIZE
0x93	CALLER
0x94	ORIGIN
0x95	ADDRESS
0x96	CALLER
0x97	CONST
0x9f	BALANCE
0xa0	ADDRESS
0xa1	CALLER
0xa3	CALLDATALOAD
0xa4	CALLDATALOAD
0xa6	CODESIZE
0xa7	ADDRESS
0xa8	CALLDATASIZE
0xa9	CALLER
0xaa	ORIGIN
0xac	CONST
0xb1	CALLDATALOAD
0xb2	BALANCE
0xb3	CALLVALUE
0xb4	CALLDATASIZE
0xb5	BALANCE
0xb6	ADDRESS
0xb7	CALLER
0xb8	CONST
0xbc	CODESIZE
0xbd	ADDRESS
0xbe	CALLDATASIZE
0xbf	CALLER
0xc0	ORIGIN
0xc1	CONST
0xc8	BALANCE
0xc9	CALLVALUE
0xca	CALLDATASIZE
0xcb	BALANCE
0xcc	ADDRESS
0xcd	CALLER
0xce	CONST
0xd4	CALLDATASIZE
0xd5	CALLER
0xd6	CALLER
0xd8	ORIGIN
0xd9	CALLDATASIZE
0xda	CALLER
0xdb	CODESIZE
0xdc	CALLVALUE
0xdd	CONST
0xe3	CALLER
0xe4	CONST
0xec	CALLER
0xed	CONST
0xf4	BALANCE
0xf5	CALLVALUE
0xf6	CALLDATASIZE
0xf7	BALANCE
0xf8	ADDRESS
0xf9	CALLVALUE
0xfa	ADDRESS
0xfb	CODESIZE
0xfc	CALLDATALOAD
0xfe	CODESIZE
0xff	ADDRESS
0x100	CALLDATASIZE
0x101	CALLER
0x102	CALLVALUE
0x103	CALLER
0x104	CONST
0x10a	BALANCE
0x10b	CALLVALUE
0x10c	CALLDATASIZE
0x10d	BALANCE
0x10e	ADDRESS
0x10f	CALLVALUE
0x110	ORIGIN
0x111	CONST
0x119	CALLDATASIZE
0x11a	CALLDATALOAD
0x11c	CONST
0x124	ADDRESS
0x125	CALLVALUE
0x126	CALLVALUE
0x127	ORIGIN
0x128	CALLDATALOAD
0x12a	CODESIZE
0x12b	ADDRESS
0x12c	CALLDATASIZE
0x12d	CALLER
0x12e	CALLVALUE
0x12f	CONST
0x137	CALLVALUE
0x138	CALLDATASIZE
0x139	BALANCE
0x13a	ADDRESS
0x13b	CALLVALUE
0x13c	CALLDATASIZE
0x13d	BALANCE
0x13e	CALLDATALOAD
0x140	CODESIZE
0x141	ADDRESS
0x142	CALLDATASIZE
0x143	CALLER
0x144	CALLDATASIZE
0x145	ADDRESS
0x146	CODESIZE
0x147	CALLER
0x148	CONST
0x14f	BALANCE
0x150	ADDRESS
0x151	CALLVALUE
0x152	CODESIZE
0x153	ADDRESS
0x154	CALLDATALOAD
0x156	CODESIZE
0x157	ADDRESS
0x158	CALLDATASIZE
0x159	CALLER
0x15a	CALLDATASIZE
0x15b	CALLDATALOAD
0x15c	BALANCE
0x15d	CONST
0x165	BALANCE
0x166	ADDRESS
0x167	CALLVALUE
0x169	CALLER
0x16a	CALLDATALOAD
0x16c	CODESIZE
0x16d	ADDRESS
0x16e	CALLDATASIZE
0x16f	CALLER
0x170	CALLDATASIZE
0x171	CONST
0x175	CONST
0x17d	CALLVALUE
0x17e	CONST
0x182	CODESIZE
0x183	ADDRESS
0x184	CALLDATASIZE
0x185	CALLER
0x187	ADDRESS
0x188	CONST
0x18b	ORIGIN
0x18c	CALLER
0x18d	BALANCE
0x18e	BALANCE
0x18f	CALLVALUE
0x190	CALLDATASIZE
0x191	BALANCE
0x192	ADDRESS
0x193	CALLVALUE
0x194	CONST
0x19a	CALLDATASIZE
0x19b	CALLER
0x19d	CONST
0x1a0	CONST
0x1a7	BALANCE
0x1a8	ADDRESS
0x1a9	CALLVALUE
0x1aa	CONST
0x1b2	CODESIZE
0x1b3	CONST
0x1b8	CONST
0x1bc	CALLDATASIZE
0x1bd	BALANCE
0x1be	ADDRESS
0x1bf	CALLDATALOAD
0x1c0	ADDRESS
0x1c1	CODESIZE
0x1c2	CALLDATALOAD
0x1c4	CODESIZE
0x1c5	ADDRESS
0x1c6	CALLDATASIZE
0x1c7	CALLER
0x1c8	CODESIZE
0x1c9	CONST
0x1cf	CONST
0x1d3	BALANCE
0x1d4	ADDRESS
0x1d5	CALLDATALOAD
0x1d6	BALANCE
0x1d7	CONST
0x1db	ADDRESS
0x1dc	CALLDATASIZE
0x1dd	CALLER
0x1df	CALLDATASIZE
0x1e0	ADDRESS
0x1e2	CALLDATASIZE
0x1e3	BALANCE
0x1e4	ADDRESS
0x1e5	CONST
0x1e8	CALLDATASIZE
0x1e9	BALANCE
0x1ea	ADDRESS
0x1eb	CALLDATALOAD
0x1ec	CALLVALUE
0x1ed	CONST
0x1f0	CODESIZE
0x1f1	ADDRESS
0x1f2	CALLDATASIZE
0x1f3	CALLER
0x1f4	CONST
0x1f8	CONST
0x1fe	CALLDATASIZE
0x1ff	BALANCE
0x200	ADDRESS
0x201	CALLDATALOAD
0x203	CODESIZE
0x204	CALLDATALOAD
0x206	CODESIZE
0x207	ADDRESS
0x208	CALLDATASIZE
0x209	CALLER
0x20a	CONST
0x20d	CALLDATALOAD
0x20e	CALLVALUE
0x20f	ADDRESS
0x210	CODESIZE
0x212	BALANCE
0x213	CALLVALUE
0x214	CALLDATASIZE
0x215	BALANCE
0x216	ADDRESS
0x217	CALLDATALOAD
0x21a	CALLDATALOAD
0x21c	CODESIZE
0x21d	ADDRESS
0x21e	CALLDATASIZE
0x21f	CALLER
0x220	CONST
0x223	CALLER
0x224	CONST
0x22b	BALANCE
0x22c	ADDRESS
0x22d	CALLDATALOAD
0x22e	CONST
0x232	CODESIZE
0x233	ADDRESS
0x234	CALLDATASIZE
0x235	CALLER
0x236	CONST
0x239	CONST
0x23e	BALANCE
0x23f	CALLVALUE
0x240	CALLDATASIZE
0x241	BALANCE
0x242	ADDRESS
0x243	CALLDATALOAD
0x244	CONST
0x248	CODESIZE
0x249	ADDRESS
0x24a	CALLDATASIZE
0x24b	CALLER
0x24c	CONST
0x250	CONST
0x257	BALANCE
0x258	ADDRESS
0x259	CALLDATALOAD
0x25a	CONST
0x262	CONST
0x266	CONST
0x26c	CALLDATASIZE
0x26d	BALANCE
0x26e	ADDRESS
0x26f	CALLDATASIZE
0x270	ORIGIN
0x271	CALLDATALOAD
0x272	CALLDATALOAD
0x274	CODESIZE
0x275	ADDRESS
0x276	CALLDATASIZE
0x277	CALLER
0x278	CONST
0x27c	CONST
0x282	CALLDATASIZE
0x283	BALANCE
0x284	ADDRESS
0x285	CALLDATASIZE
0x286	CALLVALUE
0x287	CALLVALUE
0x288	CALLDATALOAD
0x28a	CODESIZE
0x28b	ADDRESS
0x28c	CALLDATASIZE
0x28d	CALLER
0x28e	CONST
0x292	BALANCE
0x293	CALLDATASIZE
0x294	BALANCE
0x295	BALANCE
0x296	BALANCE
0x297	CALLVALUE
0x298	CALLDATASIZE
0x299	BALANCE
0x29a	ADDRESS
0x29b	CALLDATASIZE
0x29c	CALLDATALOAD
0x29e	CALLDATALOAD
0x2a0	CODESIZE
0x2a1	ADDRESS
0x2a2	CALLDATASIZE
0x2a3	CALLER
0x2a4	CONST
0x2a8	BALANCE
0x2a9	CONST
0x2b1	CALLDATASIZE
0x2b3	CALLDATASIZE
0x2b4	CALLDATALOAD
0x2b6	CODESIZE
0x2b7	ADDRESS
0x2b8	CALLDATASIZE
0x2b9	CALLER
0x2ba	CONST
0x2be	ADDRESS
0x2bf	ORIGIN
0x2c0	CALLER
0x2c1	ORIGIN
0x2c2	BALANCE
0x2c3	CALLVALUE
0x2c4	CALLDATASIZE
0x2c5	BALANCE
0x2c6	ADDRESS
0x2c7	CALLDATASIZE
0x2c8	CODESIZE
0x2c9	CONST
0x2ce	CALLDATASIZE
0x2cf	CALLER
0x2d0	CONST
0x2d4	CONST
0x2db	BALANCE
0x2dc	ADDRESS
0x2dd	CALLDATASIZE
0x2de	CONST
0x2e2	CODESIZE
0x2e3	ADDRESS
0x2e4	CALLDATASIZE
0x2e5	CALLER
0x2e6	CONST
0x2eb	CONST
0x2f1	BALANCE
0x2f2	ADDRESS
0x2f3	CALLDATASIZE
0x2f4	CONST
0x2f9	ADDRESS
0x2fa	CALLDATASIZE
0x2fb	CALLER
0x2fc	CONST
0x302	CALLVALUE
0x303	CALLDATALOAD
0x304	BALANCE
0x305	CALLVALUE
0x306	CALLDATASIZE
0x307	BALANCE
0x308	ADDRESS
0x309	CODESIZE
0x30a	BALANCE
0x30b	CALLVALUE
0x30c	CALLDATALOAD
0x30e	CODESIZE
0x30f	ADDRESS
0x310	CALLDATASIZE
0x311	CALLER
0x312	CONST
0x318	CALLDATALOAD
0x319	ORIGIN
0x31a	BALANCE
0x31b	CALLVALUE
0x31c	CALLDATASIZE
0x31d	BALANCE
0x31e	ADDRESS
0x31f	CODESIZE
0x320	ORIGIN
0x322	CALLDATALOAD
0x324	CODESIZE
0x325	ADDRESS
0x326	CALLDATASIZE
0x327	CALLER
0x328	CONST
0x32f	ORIGIN
0x330	BALANCE
0x331	CALLVALUE
0x332	CALLDATASIZE
0x333	BALANCE
0x334	ADDRESS
0x335	CODESIZE
0x336	CALLDATALOAD
0x337	CONST
0x33d	CALLER
0x33e	CONST
0x345	CODESIZE
0x346	BALANCE
0x347	CALLVALUE
0x348	CALLDATASIZE
0x349	BALANCE
0x34a	ADDRESS
0x34b	CODESIZE
0x34d	ADDRESS
0x34e	CALLDATALOAD
0x350	CODESIZE
0x351	ADDRESS
0x352	CALLDATASIZE
0x353	CALLER
0x354	CONST
0x35b	CALLDATASIZE
0x35c	BALANCE
0x35d	CALLVALUE
0x35e	CALLDATASIZE
0x35f	BALANCE
0x360	ADDRESS
0x361	CODESIZE
0x362	CODESIZE
0x363	CALLER
0x364	CALLDATALOAD
0x366	CODESIZE
0x367	ADDRESS
0x368	CALLDATASIZE
0x369	CALLER
0x36a	CONST
0x371	CALLDATALOAD
0x372	BALANCE
0x373	CALLVALUE
0x374	CALLDATASIZE
0x375	BALANCE
0x376	ADDRESS
0x377	CODESIZE
0x378	CONST
0x37c	CODESIZE
0x37d	ADDRESS
0x37e	CALLDATASIZE
0x37f	CALLER
0x380	CONST
0x387	CONST
0x38b	BALANCE
0x38c	ADDRESS
0x38d	CODESIZE
0x38e	CONST
0x392	CODESIZE
0x393	ADDRESS
0x394	CALLDATASIZE
0x395	CALLER
0x396	CONST
0x39e	BALANCE
0x39f	CALLVALUE
0x3a0	CALLDATASIZE
0x3a1	BALANCE
0x3a2	ADDRESS
0x3a3	CODESIZE
0x3a4	CONST
0x3aa	CALLDATASIZE
0x3ab	CALLER
0x3ac	CONST
0x3b4	BALANCE
0x3b5	CALLVALUE
0x3b6	CALLDATASIZE
0x3b7	BALANCE
0x3b8	ADDRESS
0x3b9	CODESIZE
0x3ba	CONST
0x3c2	CONST
0x3ca	BALANCE
0x3cb	CALLVALUE
0x3cc	CALLDATASIZE
0x3cd	BALANCE
0x3ce	ADDRESS
0x3d0	ADDRESS
0x3d1	CALLER
0x3d2	CALLDATALOAD
0x3d4	CALLDATALOAD
0x3d5	CONST
0x3d9	ADDRESS
0x3da	CODESIZE
0x3db	ADDRESS
0x3dc	CONST
0x3e4	CALLDATASIZE
0x3e5	BALANCE
0x3e6	ADDRESS
0x3e7	BALANCE
0x3e8	CONST
0x3f0	CODESIZE
0x3f1	ADDRESS
0x3f2	CONST
0x3fa	CONST
0x3ff	CALLVALUE
0x400	CALLDATASIZE
0x401	ADDRESS
0x402	ORIGIN
0x403	CALLVALUE
0x404	CODESIZE
0x405	BALANCE
0x406	CALLER
0x407	CALLDATALOAD
0x408	CODESIZE
0x409	BALANCE
0x40a	CODESIZE
0x40b	BALANCE
0x40c	ADDRESS
0x40d	BALANCE
0x40f	ADDRESS
0x410	CODESIZE
0x411	CALLER
0x412	ADDRESS
0x413	BALANCE
0x414	CALLER
0x415	CALLDATALOAD
0x416	CODESIZE
0x417	ADDRESS
0x418	CALLDATASIZE
0x419	ADDRESS
0x41a	ORIGIN
0x41b	ADDRESS
0x41c	CODESIZE
0x41d	BALANCE
0x41e	CODESIZE
0x41f	BALANCE
0x420	ADDRESS
0x421	ORIGIN
0x422	ADDRESS
0x423	BALANCE
0x424	CALLDATASIZE
0x425	ADDRESS
0x426	CALLVALUE
0x427	ADDRESS
0x428	CALLDATALOAD
0x429	BALANCE
0x42b	ADDRESS
0x42c	CODESIZE
0x42d	BALANCE
0x42e	ADDRESS
0x42f	BALANCE
0x430	CALLDATASIZE
0x431	ADDRESS
0x432	CALLVALUE
0x433	ADDRESS
0x434	CALLDATALOAD
0x435	ORIGIN
0x436	CODESIZE
0x437	ADDRESS
0x439	CALLER
0x43b	ORIGIN
0x43d	BALANCE
0x43f	ADDRESS
0x440	CODESIZE
0x441	BALANCE
0x442	CODESIZE
0x443	BALANCE
0x444	CALLDATALOAD
0x445	ORIGIN
0x446	CALLDATASIZE
0x447	ADDRESS
0x448	ORIGIN
0x449	ADDRESS
0x44a	ADDRESS
0x44b	BALANCE
0x44c	CODESIZE
0x44d	CALLER
0x44e	CODESIZE
0x44f	CALLER
0x450	CALLDATASIZE
0x451	ADDRESS
0x452	ORIGIN
0x453	ADDRESS
0x454	ADDRESS
0x455	ORIGIN
0x456	CODESIZE
0x457	ADDRESS
0x458	CODESIZE
0x459	ORIGIN
0x45a	CODESIZE
0x45b	CALLVALUE
0x45c	CALLER
0x45e	CODESIZE
0x45f	ORIGIN
0x460	ADDRESS
0x461	BALANCE
0x463	BALANCE
0x464	CALLDATALOAD
0x465	ADDRESS
0x466	CALLDATALOAD
0x467	ADDRESS
0x468	CALLDATALOAD
0x469	ADDRESS
0x46a	CALLDATALOAD
0x46b	ADDRESS
0x46c	CALLDATALOAD
0x46d	ADDRESS
0x46e	CALLDATALOAD
0x46f	ADDRESS
0x471	BALANCE
0x473	ADDRESS
0x474	CODESIZE
0x475	ADDRESS
0x476	CALLER
0x477	CALLDATALOAD
0x479	ADDRESS
0x47a	CALLDATASIZE
0x47b	ADDRESS
0x47c	ORIGIN
0x47d	ADDRESS
0x47e	ADDRESS
0x47f	BALANCE
0x481	ADDRESS
0x482	CODESIZE
0x483	ORIGIN
0x484	ADDRESS
0x485	BALANCE
0x486	CODESIZE
0x487	ADDRESS
0x488	CALLER
0x489	CALLDATALOAD
0x48b	ADDRESS
0x48c	CALLDATASIZE
0x48d	ADDRESS
0x48e	ORIGIN
0x48f	ADDRESS
0x490	ADDRESS
0x491	BALANCE
0x493	ADDRESS
0x494	CODESIZE
0x495	ADDRESS
0x496	CODESIZE
0x497	ADDRESS
0x498	CALLDATASIZE
0x499	ADDRESS
0x49a	ORIGIN
0x49b	ADDRESS
0x49c	ADDRESS
0x49d	ORIGIN
0x49e	CALLDATASIZE
0x49f	ADDRESS
0x4a0	ORIGIN
0x4a1	ADDRESS
0x4a2	ADDRESS
0x4a3	BALANCE
0x4a4	CALLDATASIZE
0x4a5	ADDRESS
0x4a6	CALLVALUE
0x4a7	ADDRESS
0x4a8	CALLDATALOAD
0x4a9	BALANCE
0x4ab	ADDRESS
0x4ac	CODESIZE
0x4ad	BALANCE
0x4ae	ADDRESS
0x4af	BALANCE
0x4b0	CALLDATASIZE
0x4b1	ADDRESS
0x4b2	CALLVALUE
0x4b3	ADDRESS
0x4b4	CALLDATALOAD
0x4b5	ORIGIN
0x4b6	CODESIZE
0x4b7	ADDRESS
0x4b9	CALLER
0x4bb	ORIGIN
0x4bd	BALANCE
0x4bf	ADDRESS
0x4c0	CODESIZE
0x4c1	BALANCE
0x4c2	CODESIZE
0x4c3	BALANCE
0x4c4	CALLDATALOAD
0x4c5	ORIGIN
0x4c6	CALLDATASIZE
0x4c7	ADDRESS
0x4c8	ORIGIN
0x4c9	ADDRESS
0x4ca	ADDRESS
0x4cb	BALANCE
0x4cc	CODESIZE
0x4cd	CALLER
0x4ce	CODESIZE
0x4cf	CALLER
0x4d0	CALLDATASIZE
0x4d1	ADDRESS
0x4d2	ORIGIN
0x4d3	ADDRESS
0x4d4	ADDRESS
0x4d5	ORIGIN
0x4d6	CODESIZE
0x4d7	ADDRESS
0x4d8	CODESIZE
0x4d9	ORIGIN
0x4da	CODESIZE
0x4db	CALLVALUE
0x4dc	CALLER
0x4de	CODESIZE
0x4df	ORIGIN
0x4e0	ADDRESS
0x4e1	BALANCE
0x4e3	BALANCE
0x4e4	CALLDATALOAD
0x4e5	ADDRESS
0x4e6	CALLDATALOAD
0x4e7	ADDRESS
0x4e8	CALLDATALOAD
0x4e9	ADDRESS
0x4ea	CALLDATALOAD
0x4eb	ADDRESS
0x4ec	CALLDATALOAD
0x4ed	ADDRESS
0x4ee	CALLDATALOAD
0x4ef	ADDRESS
0x4f1	BALANCE
0x4f3	ADDRESS
0x4f4	CODESIZE
0x4f5	ADDRESS
0x4f6	CALLER
0x4f7	CALLDATALOAD
0x4f9	ADDRESS
0x4fa	CALLDATASIZE
0x4fb	ADDRESS
0x4fc	ORIGIN
0x4fd	ADDRESS
0x4fe	ADDRESS
0x4ff	BALANCE
0x501	ADDRESS
0x502	CODESIZE
0x503	ORIGIN
0x504	ADDRESS
0x505	BALANCE
0x506	CODESIZE
0x507	ADDRESS
0x508	CALLER
0x509	CALLDATALOAD
0x50b	ADDRESS
0x50c	CALLDATASIZE
0x50d	ADDRESS
0x50e	ORIGIN
0x50f	ADDRESS
0x510	ADDRESS
0x511	BALANCE
0x513	ADDRESS
0x514	CODESIZE
0x515	ADDRESS
0x516	CODESIZE
0x517	ADDRESS
0x518	CALLDATASIZE
0x519	ADDRESS
0x51a	ORIGIN
0x51b	ADDRESS
0x51c	ADDRESS
0x51d	ORIGIN
0x51e	CALLDATASIZE
0x51f	ADDRESS
0x520	ORIGIN
0x521	ADDRESS
0x522	ADDRESS
0x523	BALANCE
0x524	CALLDATASIZE
0x525	ADDRESS
0x526	CALLVALUE
0x527	ADDRESS
0x528	CALLDATALOAD
0x529	BALANCE
0x52b	ADDRESS
0x52c	CODESIZE
0x52d	BALANCE
0x52e	ADDRESS
0x52f	BALANCE
0x530	CALLDATASIZE
0x531	ADDRESS
0x532	CALLVALUE
0x533	ADDRESS
0x534	CALLDATALOAD
0x535	ORIGIN
0x536	CODESIZE
0x537	ADDRESS
0x539	CALLER
0x53b	ORIGIN
0x53d	BALANCE
0x53f	ADDRESS
0x540	CODESIZE
0x541	BALANCE
0x542	CODESIZE
0x543	BALANCE
0x544	CALLDATALOAD
0x545	ORIGIN
0x546	CALLDATASIZE
0x547	ADDRESS
0x548	ORIGIN
0x549	ADDRESS
0x54a	ADDRESS
0x54b	BALANCE
0x54c	CODESIZE
0x54d	CALLER
0x54e	CODESIZE
0x54f	CALLER
0x550	CALLDATASIZE
0x551	ADDRESS
0x552	ORIGIN
0x553	ADDRESS
0x554	ADDRESS
0x555	ORIGIN
0x556	CODESIZE
0x557	ADDRESS
0x558	CODESIZE
0x559	ORIGIN
0x55a	CODESIZE
0x55b	CALLVALUE
0x55c	CALLER
0x55e	CALLDATALOAD
0x55f	ADDRESS
0x561	CALLVALUE
0x563	CALLDATASIZE
0x564	CALLDATALOAD
0x565	ADDRESS
0x566	CALLDATALOAD
0x567	ADDRESS
0x568	CALLDATASIZE
0x569	ADDRESS
0x56a	CONST
0x573	CALLVALUE
0x574	CALLDATASIZE
0x575	ADDRESS
0x576	ORIGIN
0x577	ADDRESS
0x578	CODESIZE
0x579	BALANCE
0x57a	ADDRESS
0x57b	BALANCE
0x57c	CALLER
0x57d	CALLDATALOAD
0x57f	CALLVALUE
0x580	CALLDATALOAD
0x581	ADDRESS
0x582	CALLDATASIZE
0x583	ADDRESS
0x584	CALLVALUE
0x585	ADDRESS
0x586	ADDRESS
0x587	BALANCE
0x588	CALLER
0x589	CALLDATALOAD
0x58b	ORIGIN
0x58c	CALLDATALOAD
0x58d	ADDRESS
0x58e	CALLDATASIZE
0x58f	BALANCE
0x590	ADDRESS
0x592	BALANCE
0x593	CALLDATASIZE
0x595	BALANCE
0x596	CALLDATALOAD
0x597	ADDRESS
0x598	CALLDATALOAD
0x599	ADDRESS
0x59a	CALLDATALOAD
0x59b	CALLDATASIZE
0x59c	CALLDATALOAD
0x59d	CONST
0x5a1	CONST
0x5a5	CALLDATALOAD
0x5a6	CALLDATASIZE
0x5a7	BALANCE
0x5a8	ADDRESS
0x5a9	ORIGIN
0x5aa	CONST
0x5b0	ADDRESS
0x5b1	ADDRESS
0x5b2	CODESIZE
0x5b3	ADDRESS
0x5b4	CONST
0x5bc	CONST
0x5c3	CALLDATASIZE
0x5c4	CALLDATALOAD
0x5c5	CALLDATASIZE
0x5c6	CALLDATALOAD
0x5c7	CONST
0x5cb	ADDRESS
0x5cc	CALLDATALOAD
0x5cd	BALANCE
0x5cf	ADDRESS
0x5d0	CODESIZE
0x5d1	BALANCE
0x5d2	CALLDATALOAD
0x5d3	ORIGIN
0x5d4	CALLDATASIZE
0x5d5	ADDRESS
0x5d6	ORIGIN
0x5d7	ADDRESS
0x5d8	ADDRESS
0x5d9	BALANCE
0x5da	CALLDATASIZE
0x5db	ADDRESS
0x5dc	CALLVALUE
0x5dd	ADDRESS
0x5de	CALLDATALOAD
0x5df	BALANCE
0x5e0	CODESIZE
0x5e1	ADDRESS
0x5e3	BALANCE
0x5e4	ADDRESS
0x5e5	CALLER
0x5e7	ADDRESS
0x5e8	CONST
0x5f0	CALLDATASIZE
0x5f1	BALANCE
0x5f2	ADDRESS
0x5f3	CALLER
0x5f4	ADDRESS
0x5f5	ADDRESS
0x5f6	CALLDATALOAD
0x5f8	CALLDATASIZE
0x5f9	ADDRESS
0x5fa	ADDRESS
0x5fb	ADDRESS
0x5fc	CODESIZE
0x5fd	ADDRESS
0x5fe	CONST
0x606	CONST
0x60b	BALANCE
0x60c	CALLDATASIZE
0x60d	ADDRESS
0x60e	CONST
0x611	ADDRESS
0x612	ADDRESS
0x613	ORIGIN
0x614	ADDRESS
0x615	CONST
0x618	CALLDATASIZE
0x619	ADDRESS
0x61a	ADDRESS
0x61b	CALLVALUE
0x61c	CALLER
0x61d	CALLDATALOAD
0x61e	BALANCE
0x61f	CALLDATASIZE
0x620	CALLDATASIZE
0x621	BALANCE
0x622	ADDRESS
0x623	CONST
0x627	CALLDATASIZE
0x628	CALLDATALOAD
0x629	CONST
0x62d	CALLDATALOAD
0x62e	CALLDATASIZE
0x62f	BALANCE
0x630	ADDRESS
0x631	CALLER
0x632	BALANCE
0x633	CONST
0x63b	ADDRESS
0x63c	CONST
0x644	CONST
0x649	CALLVALUE
0x64a	CALLDATASIZE
0x64b	ADDRESS
0x64c	CONST
0x64f	BALANCE
0x650	CALLDATASIZE
0x651	ADDRESS
0x652	ADDRESS
0x653	CALLDATALOAD
0x654	CALLDATASIZE
0x655	ADDRESS
0x656	CONST
0x659	ADDRESS
0x65a	CALLVALUE
0x65b	ADDRESS
0x65c	CALLDATALOAD
0x65d	BALANCE
0x65f	ADDRESS
0x660	CODESIZE
0x661	BALANCE
0x662	ADDRESS
0x663	BALANCE
0x664	CALLDATASIZE
0x665	ADDRESS
0x666	CALLVALUE
0x667	ADDRESS
0x668	CALLDATALOAD
0x669	ORIGIN
0x66b	BALANCE
0x66d	ADDRESS
0x66e	CODESIZE
0x66f	ORIGIN
0x670	CODESIZE
0x671	ORIGIN
0x672	CALLDATASIZE
0x673	ADDRESS
0x674	CONST
0x677	ADDRESS
0x678	CODESIZE
0x679	ORIGIN
0x67a	CODESIZE
0x67b	CALLVALUE
0x67c	CALLER
0x67e	CODESIZE
0x67f	ORIGIN
0x680	ADDRESS
0x681	BALANCE
0x683	BALANCE
0x684	CALLDATALOAD
0x685	ADDRESS
0x686	CALLDATALOAD
0x687	ADDRESS
0x688	CALLDATALOAD
0x689	ADDRESS
0x68a	CALLDATALOAD
0x68b	ADDRESS
0x68c	CALLDATALOAD
0x68d	ADDRESS
0x68f	BALANCE
0x691	ADDRESS
0x692	CODESIZE
0x693	ADDRESS
0x694	CALLDATASIZE
0x695	ADDRESS
0x696	CONST
0x699	BALANCE
0x69b	ADDRESS
0x69c	CALLDATASIZE
0x69d	ADDRESS
0x69e	ADDRESS
0x69f	CALLDATALOAD
0x6a0	CODESIZE
0x6a1	ADDRESS
0x6a2	CALLDATASIZE
0x6a3	ADDRESS
0x6a4	ORIGIN
0x6a5	ADDRESS
0x6a6	ADDRESS
0x6a7	ORIGIN
0x6a8	CALLDATASIZE
0x6a9	ADDRESS
0x6aa	CALLVALUE
0x6ab	ADDRESS
0x6ac	CALLDATALOAD
0x6ad	BALANCE
0x6af	ADDRESS
0x6b0	CODESIZE
0x6b1	BALANCE
0x6b2	ADDRESS
0x6b3	BALANCE
0x6b4	CALLDATASIZE
0x6b5	ADDRESS
0x6b6	CALLVALUE
0x6b7	ADDRESS
0x6b8	CALLDATALOAD
0x6b9	ORIGIN
0x6bb	BALANCE
0x6bd	ADDRESS
0x6be	CODESIZE
0x6bf	ORIGIN
0x6c0	CODESIZE
0x6c1	ORIGIN
0x6c2	CALLDATASIZE
0x6c3	ADDRESS
0x6c4	CONST
0x6c7	ADDRESS
0x6c8	CODESIZE
0x6c9	ORIGIN
0x6ca	CODESIZE
0x6cb	CALLVALUE
0x6cc	CALLER
0x6ce	CALLDATALOAD
0x6cf	ADDRESS
0x6d1	CALLER
0x6d3	CALLDATALOAD
0x6d4	CALLDATALOAD
0x6d5	ADDRESS
0x6d6	CALLDATASIZE
0x6d7	BALANCE
0x6d8	ADDRESS
0x6d9	CONST
0x6dd	CALLVALUE
0x6de	CALLDATALOAD
0x6df	ADDRESS
0x6e0	CALLDATALOAD
0x6e1	ADDRESS
0x6e2	CALLDATALOAD
0x6e3	ADDRESS
0x6e4	CALLDATALOAD
0x6e5	ADDRESS
0x6e6	CALLDATALOAD
0x6e7	ADDRESS
0x6e8	CALLDATALOAD
0x6e9	CALLDATASIZE
0x6ea	CALLDATALOAD
0x6eb	CONST
0x6ef	CALLDATALOAD
0x6f0	CALLDATASIZE
0x6f1	BALANCE
0x6f2	ADDRESS
0x6f3	CALLER
0x6f4	CODESIZE
0x6f5	ADDRESS
0x6f6	CALLDATALOAD
0x6f8	CALLDATASIZE
0x6f9	ADDRESS
0x6fa	ADDRESS
0x6fb	ADDRESS
0x6fc	CODESIZE
0x6fd	ADDRESS
0x6fe	CONST
0x707	CALLVALUE
0x708	CALLDATASIZE
0x709	ADDRESS
0x70a	ADDRESS
0x70b	BALANCE
0x70c	CALLDATASIZE
0x70d	ADDRESS
0x70e	CONST
0x711	ADDRESS
0x712	ADDRESS
0x713	ORIGIN
0x714	ADDRESS
0x715	CONST
0x718	CALLDATASIZE
0x719	ADDRESS
0x71a	ADDRESS
0x71b	CALLVALUE
0x71c	CALLER
0x71d	CALLDATALOAD
0x71e	BALANCE
0x71f	CALLDATASIZE
0x720	CALLDATASIZE
0x721	BALANCE
0x722	ADDRESS
0x723	CONST
0x728	CALLDATALOAD
0x729	CONST
0x72d	ADDRESS
0x72e	CALLDATALOAD
0x72f	BALANCE
0x730	CALLDATASIZE
0x731	ADDRESS
0x732	ADDRESS
0x733	BALANCE
0x734	CALLDATASIZE
0x735	ADDRESS
0x736	CODESIZE
0x737	ADDRESS
0x738	CALLDATASIZE
0x739	ADDRESS
0x73a	ADDRESS
0x73b	ORIGIN
0x73c	ADDRESS
0x73d	CONST
0x741	ADDRESS
0x743	ORIGIN
0x744	BALANCE
0x745	CALLDATASIZE
0x746	CODESIZE
0x747	ORIGIN
0x748	CALLDATALOAD
0x749	ORIGIN
0x74a	CALLDATASIZE
0x74b	ADDRESS
0x74c	ADDRESS
0x74d	CONST
0x755	ADDRESS
0x756	ADDRESS
0x757	CONST
0x75b	ADDRESS
0x75c	CODESIZE
0x75d	ORIGIN
0x75e	ADDRESS
0x75f	BALANCE
0x760	CALLDATALOAD
0x761	ORIGIN
0x762	CALLDATASIZE
0x763	ADDRESS
0x764	CALLVALUE
0x765	ADDRESS
0x767	ADDRESS
0x768	CODESIZE
0x769	BALANCE
0x76a	ADDRESS
0x76b	BALANCE
0x76d	ADDRESS
0x76e	CALLDATALOAD
0x76f	BALANCE
0x770	CODESIZE
0x771	ADDRESS
0x773	BALANCE
0x774	ADDRESS
0x775	CALLER
0x777	ADDRESS
0x778	CONST
0x780	CALLDATASIZE
0x781	BALANCE
0x782	ADDRESS
0x783	CALLER
0x784	CONST
0x789	ADDRESS
0x78a	ADDRESS
0x78b	ADDRESS
0x78c	CODESIZE
0x78d	ADDRESS
0x78e	CONST
0x796	CONST
0x79b	BALANCE
0x79c	CALLDATASIZE
0x79d	ADDRESS
0x79e	CONST
0x7a1	ADDRESS
0x7a2	ADDRESS
0x7a3	ORIGIN
0x7a4	ADDRESS
0x7a5	CONST
0x7a8	CALLDATASIZE
0x7a9	ADDRESS
0x7aa	ADDRESS
0x7ab	CALLVALUE
0x7ac	CALLER
0x7ad	CALLDATALOAD
0x7ae	BALANCE
0x7af	CALLDATASIZE
0x7b0	CALLDATASIZE
0x7b1	BALANCE
0x7b2	ADDRESS
0x7b3	CONST
0x7b8	CALLDATALOAD
0x7b9	CONST
0x7bd	CALLDATALOAD
0x7be	CALLDATASIZE
0x7bf	BALANCE
0x7c0	ADDRESS
0x7c1	CALLER
0x7c2	CONST
0x7c9	ADDRESS
0x7ca	CODESIZE
0x7cb	ADDRESS
0x7cc	CONST
0x7d4	CONST
0x7d9	CALLVALUE
0x7da	CALLER
0x7db	CALLDATALOAD
0x7dc	CALLDATASIZE
0x7dd	BALANCE
0x7de	ADDRESS
0x7df	CONST
0x7e4	CALLDATALOAD
0x7e5	CONST
0x7e9	CALLDATALOAD
0x7ea	CALLDATASIZE
0x7eb	BALANCE
0x7ec	ADDRESS
0x7ed	CALLER
0x7ee	CONST
0x7f6	CODESIZE
0x7f7	ADDRESS
0x7f8	CONST
0x800	CONST
0x805	CALLVALUE
0x806	CALLER
0x807	CALLDATALOAD
0x808	CALLDATASIZE
0x809	BALANCE
0x80a	ADDRESS
0x80b	CONST
0x812	CALLER
0x813	CALLVALUE
0x814	BALANCE
0x815	CALLDATALOAD
0x816	CALLDATASIZE
0x817	BALANCE
0x818	ADDRESS
0x819	CALLVALUE
0x81a	BALANCE
0x81b	CALLER
0x81c	CALLDATALOAD
0x81e	CALLDATASIZE
0x81f	ADDRESS
0x820	ADDRESS
0x821	ADDRESS
0x822	CODESIZE
0x823	ADDRESS
0x824	CONST
0x82c	CONST
0x831	BALANCE
0x832	CALLDATASIZE
0x833	ADDRESS
0x834	CONST
0x837	ADDRESS
0x838	ADDRESS
0x839	ORIGIN
0x83a	ADDRESS
0x83b	CONST
0x83e	CALLDATASIZE
0x83f	ADDRESS
0x840	ADDRESS
0x841	CALLVALUE
0x842	CALLER
0x843	CALLDATALOAD
0x844	BALANCE
0x845	CALLDATASIZE
0x846	CALLDATASIZE
0x847	ADDRESS
0x848	ORIGIN
0x849	CALLVALUE
0x84a	CALLER
0x84b	CALLDATALOAD
0x84c	CALLDATASIZE
0x84d	ADDRESS
0x84e	CALLVALUE
0x84f	CALLVALUE
0x850	CALLER
0x851	CALLDATALOAD
0x852	BALANCE
0x853	CALLDATALOAD
0x854	BALANCE
0x855	CALLDATALOAD
0x856	CALLDATASIZE
0x857	BALANCE
0x858	ADDRESS
0x859	CONST
0x860	CALLER
0x861	CALLVALUE
0x862	BALANCE
0x863	CALLDATALOAD
0x864	CALLDATASIZE
0x865	BALANCE
0x866	ADDRESS
0x867	CALLVALUE
0x868	CALLER
0x869	CONST
0x86c	CALLDATASIZE
0x86d	ADDRESS
0x86e	ADDRESS
0x86f	ADDRESS
0x870	CODESIZE
0x871	ADDRESS
0x872	CONST
0x87a	CONST
0x87f	ADDRESS
0x880	CALLVALUE
0x881	CALLDATALOAD
0x882	CALLDATALOAD
0x883	CALLDATASIZE
0x884	CALLDATALOAD
0x885	CONST
0x889	CALLDATALOAD
0x88a	CALLDATASIZE
0x88b	BALANCE
0x88c	ADDRESS
0x88d	CALLVALUE
0x88e	CALLVALUE
0x88f	CONST
0x895	ADDRESS
0x896	CODESIZE
0x897	ADDRESS
0x898	CONST
0x8a0	CONST
0x8a7	ADDRESS
0x8a8	CONST
0x8ab	ADDRESS
0x8ac	ADDRESS
0x8ad	ORIGIN
0x8ae	ADDRESS
0x8af	CONST
0x8b2	CALLDATASIZE
0x8b3	ADDRESS
0x8b4	ADDRESS
0x8b5	CALLVALUE
0x8b6	CALLER
0x8b7	CALLDATALOAD
0x8b8	BALANCE
0x8b9	CALLDATASIZE
0x8ba	CALLDATASIZE
0x8bb	BALANCE
0x8bc	BALANCE
0x8bd	ADDRESS
0x8be	CALLDATASIZE
0x8bf	CONST
0x8c5	CALLVALUE
0x8c6	BALANCE
0x8c7	CALLDATALOAD
0x8c8	CALLDATASIZE
0x8c9	BALANCE
0x8ca	ADDRESS
0x8cb	CALLVALUE
0x8cc	CALLDATASIZE
0x8cd	CONST
0x8d2	ADDRESS
0x8d3	ADDRESS
0x8d4	CODESIZE
0x8d5	ADDRESS
0x8d6	CONST
0x8de	CONST
0x8e5	ADDRESS
0x8e6	CONST
0x8e9	ADDRESS
0x8ea	ADDRESS
0x8eb	ORIGIN
0x8ec	ADDRESS
0x8ed	CONST
0x8f0	CALLDATASIZE
0x8f1	ADDRESS
0x8f2	ADDRESS
0x8f3	CALLVALUE
0x8f4	CALLER
0x8f5	CALLDATALOAD
0x8f6	BALANCE
0x8f7	CALLDATASIZE
0x8f8	CALLDATASIZE
0x8f9	BALANCE
0x8fa	BALANCE
0x8fb	ADDRESS
0x8fd	CONST
0x905	CALLDATALOAD
0x906	CALLDATASIZE
0x907	BALANCE
0x908	ADDRESS
0x909	CALLVALUE
0x90a	CODESIZE
0x90b	CONST
0x90f	ADDRESS
0x910	ADDRESS
0x911	ADDRESS
0x912	CODESIZE
0x913	ADDRESS
0x914	CONST
0x91c	CONST
0x923	BALANCE
0x924	CALLDATALOAD
0x925	CALLDATASIZE
0x926	CALLDATALOAD
0x927	CONST
0x92b	CALLDATALOAD
0x92c	CALLDATASIZE
0x92d	BALANCE
0x92e	ADDRESS
0x92f	CALLVALUE
0x931	CONST
0x938	CODESIZE
0x939	ADDRESS
0x93a	CONST
0x942	CONST
0x94a	CALLDATALOAD
0x94b	CALLDATASIZE
0x94c	CALLDATALOAD
0x94d	CONST
0x951	CALLDATALOAD
0x952	CALLDATASIZE
0x953	BALANCE
0x954	ADDRESS
0x955	CALLVALUE
0x956	CONST
0x95a	CALLDATASIZE
0x95b	ADDRESS
0x95c	ADDRESS
0x95d	ADDRESS
0x95e	CODESIZE
0x95f	ADDRESS
0x960	CONST
0x968	CONST
0x96d	BALANCE
0x96e	CALLDATASIZE
0x96f	ADDRESS
0x970	CONST
0x973	ADDRESS
0x974	ADDRESS
0x975	ORIGIN
0x976	ADDRESS
0x977	CONST
0x97a	CALLDATASIZE
0x97b	ADDRESS
0x97c	ADDRESS
0x97d	CALLVALUE
0x97e	CALLER
0x97f	CALLDATALOAD
0x980	BALANCE
0x981	CALLDATASIZE
0x982	CALLDATASIZE
0x983	ADDRESS
0x984	CONST
0x98c	BALANCE
0x98d	CALLDATASIZE
0x98e	CALLDATASIZE
0x98f	ADDRESS
0x990	CALLVALUE
0x991	CALLVALUE
0x992	CALLER
0x993	CALLDATALOAD
0x994	CALLDATASIZE
0x995	ADDRESS
0x996	CALLDATASIZE
0x997	CALLVALUE
0x998	CALLER
0x999	CALLDATALOAD
0x99a	CALLDATASIZE
0x99b	ADDRESS
0x99c	CODESIZE
0x99d	CALLVALUE
0x99e	CALLER
0x99f	CALLDATALOAD
0x9a0	BALANCE
0x9a1	CALLDATALOAD
0x9a2	BALANCE
0x9a3	CALLDATALOAD
0x9a4	CALLDATASIZE
0x9a5	BALANCE
0x9a6	BALANCE
0x9a7	ADDRESS
0x9a9	CONST
0x9af	CALLVALUE
0x9b0	BALANCE
0x9b1	CALLDATALOAD
0x9b2	CALLDATASIZE
0x9b3	BALANCE
0x9b4	ADDRESS
0x9b5	CALLVALUE
0x9b6	CONST
0x9bd	ADDRESS
0x9be	CODESIZE
0x9bf	ADDRESS
0x9c0	CONST
0x9c8	CONST
0x9cf	ADDRESS
0x9d0	CONST
0x9d3	ADDRESS
0x9d4	ADDRESS
0x9d5	ORIGIN
0x9d6	ADDRESS
0x9d7	CONST
0x9da	CALLDATASIZE
0x9db	ADDRESS
0x9dc	ADDRESS
0x9dd	CALLVALUE
0x9de	CALLER
0x9df	CALLDATALOAD
0x9e0	BALANCE
0x9e1	CALLDATASIZE
0x9e2	CALLDATASIZE
0x9e3	BALANCE
0x9e4	BALANCE
0x9e5	CALLER
0x9e6	CALLDATALOAD
0x9e7	CONST
0x9ea	CALLDATALOAD
0x9eb	CONST
0x9ef	CALLDATALOAD
0x9f0	CALLDATASIZE
0x9f1	BALANCE
0x9f2	ADDRESS
0x9f3	CALLDATALOAD
0x9f4	ADDRESS
0x9f5	ADDRESS
0x9f6	CALLDATALOAD
0x9f8	CALLDATASIZE
0x9f9	ADDRESS
0x9fa	ADDRESS
0x9fb	ADDRESS
0x9fc	CODESIZE
0x9fd	ADDRESS
0x9fe	CONST
0xa06	CONST
0xa0d	CONST
0xa12	CALLER
0xa13	CALLVALUE
0xa14	BALANCE
0xa15	CALLDATALOAD
0xa16	CALLDATASIZE
0xa17	BALANCE
0xa18	ADDRESS
0xa19	CALLDATALOAD
0xa1a	BALANCE
0xa1b	CALLER
0xa1c	CALLDATALOAD
0xa1e	CALLDATASIZE
0xa1f	ADDRESS
0xa20	ADDRESS
0xa21	ADDRESS
0xa22	CODESIZE
0xa23	ADDRESS
0xa24	CONST
0xa2c	CONST
0xa33	CALLER
0xa34	CALLDATALOAD
0xa35	CALLDATASIZE
0xa36	CALLDATALOAD
0xa37	CONST
0xa3b	CALLDATALOAD
0xa3c	CALLDATASIZE
0xa3d	BALANCE
0xa3e	ADDRESS
0xa3f	CALLDATALOAD
0xa40	ORIGIN
0xa41	CALLDATASIZE
0xa42	CALLDATALOAD
0xa44	CALLDATASIZE
0xa45	ADDRESS
0xa46	ADDRESS
0xa47	ADDRESS
0xa48	CODESIZE
0xa49	ADDRESS
0xa4a	CONST
0xa52	ORIGIN
0xa53	CONST
0xa5a	CALLDATALOAD
0xa5b	CALLDATASIZE
0xa5c	CALLDATALOAD
0xa5d	CONST
0xa61	ADDRESS
0xa62	CALLDATALOAD
0xa63	BALANCE
0xa64	CALLDATASIZE
0xa65	ADDRESS
0xa66	ADDRESS
0xa67	BALANCE
0xa68	CALLDATASIZE
0xa69	ADDRESS
0xa6a	CONST
0xa6d	ADDRESS
0xa6e	ADDRESS
0xa6f	ORIGIN
0xa70	ADDRESS
0xa71	CONST
0xa75	ADDRESS
0xa77	BALANCE
0xa78	BALANCE
0xa79	CALLDATASIZE
0xa7a	CODESIZE
0xa7b	BALANCE
0xa7c	CALLDATALOAD
0xa7d	ORIGIN
0xa7e	CALLDATASIZE
0xa7f	ADDRESS
0xa80	ORIGIN
0xa81	ADDRESS
0xa82	ADDRESS
0xa83	BALANCE
0xa84	CALLDATASIZE
0xa85	ADDRESS
0xa86	CALLVALUE
0xa87	ADDRESS
0xa88	CALLDATALOAD
0xa89	BALANCE
0xa8a	CODESIZE
0xa8b	ADDRESS
0xa8d	BALANCE
0xa8e	ADDRESS
0xa8f	CALLER
0xa91	ADDRESS
0xa92	CONST
0xa9a	CALLDATASIZE
0xa9b	BALANCE
0xa9c	ADDRESS
0xa9d	CALLDATALOAD
0xa9e	CALLDATALOAD
0xa9f	CALLDATALOAD
0xaa0	CALLDATALOAD
0xaa2	CALLDATASIZE
0xaa3	ADDRESS
0xaa4	ADDRESS
0xaa5	ADDRESS
0xaa6	CODESIZE
0xaa7	ADDRESS
0xaa8	CONST
0xab0	CONST
0xab5	BALANCE
0xab6	CALLDATASIZE
0xab7	ADDRESS
0xab8	CONST
0xabb	ADDRESS
0xabc	ADDRESS
0xabd	ORIGIN
0xabe	ADDRESS
0xabf	CONST
0xac2	CALLDATASIZE
0xac3	ADDRESS
0xac4	ADDRESS
0xac5	CALLVALUE
0xac6	CALLER
0xac7	CALLDATALOAD
0xac8	BALANCE
0xac9	CALLDATASIZE
0xaca	CALLDATASIZE
0xacb	ADDRESS
0xacc	ORIGIN
0xacd	CALLVALUE
0xace	CALLER
0xacf	CALLDATALOAD
0xad0	CALLDATASIZE
0xad1	ADDRESS
0xad2	CONST
0xada	BALANCE
0xadb	CALLDATASIZE
0xadc	CALLDATASIZE
0xadd	ADDRESS
0xade	CALLDATASIZE
0xadf	CALLVALUE
0xae0	CALLER
0xae1	CALLDATALOAD
0xae2	CALLDATASIZE
0xae3	ADDRESS
0xae4	CODESIZE
0xae5	CALLVALUE
0xae6	CALLER
0xae7	CALLDATALOAD
0xae8	CALLDATASIZE
0xae9	BALANCE
0xaea	BALANCE
0xaeb	CALLER
0xaec	CODESIZE
0xaed	CODESIZE
0xaee	CALLDATALOAD
0xaef	CALLDATASIZE
0xaf0	CALLDATALOAD
0xaf1	CONST
0xaf5	CALLDATALOAD
0xaf6	CALLDATASIZE
0xaf7	BALANCE
0xaf8	ADDRESS
0xaf9	CALLDATALOAD
0xafa	CODESIZE
0xafb	CALLER
0xafc	CALLDATALOAD
0xafe	CALLDATASIZE
0xaff	ADDRESS
0xb00	ADDRESS
0xb01	ADDRESS
0xb02	CODESIZE
0xb03	ADDRESS
0xb04	CONST
0xb0c	CONST
0xb11	BALANCE
0xb12	CALLDATASIZE
0xb13	ADDRESS
0xb14	CONST
0xb17	ADDRESS
0xb18	ADDRESS
0xb19	ORIGIN
0xb1a	ADDRESS
0xb1b	CONST
0xb1e	CALLDATASIZE
0xb1f	ADDRESS
0xb20	ADDRESS
0xb21	CALLVALUE
0xb22	CALLER
0xb23	CALLDATALOAD
0xb24	BALANCE
0xb25	CALLDATASIZE
0xb26	CALLDATASIZE
0xb27	BALANCE
0xb28	BALANCE
0xb29	CALLDATALOAD
0xb2a	CONST
0xb32	BALANCE
0xb33	CALLDATALOAD
0xb34	CALLDATASIZE
0xb35	BALANCE
0xb36	ADDRESS
0xb37	CALLDATALOAD
0xb38	CONST
0xb3c	CALLDATASIZE
0xb3d	ADDRESS
0xb3e	ADDRESS
0xb3f	ADDRESS
0xb40	CODESIZE
0xb41	ADDRESS
0xb42	CONST
0xb4a	CONST
0xb51	CONST
0xb54	CALLDATALOAD
0xb55	CONST
0xb59	CALLDATALOAD
0xb5a	CALLDATASIZE
0xb5b	BALANCE
0xb5c	ADDRESS
0xb5d	CALLDATALOAD
0xb5e	CONST
0xb62	CALLDATASIZE
0xb63	ADDRESS
0xb64	ADDRESS
0xb65	ADDRESS
0xb66	CODESIZE
0xb67	ADDRESS
0xb68	CONST
0xb70	CONST
0xb77	ADDRESS
0xb78	CALLDATALOAD
0xb79	CALLDATASIZE
0xb7a	CALLDATALOAD
0xb7b	CONST
0xb7f	CALLDATALOAD
0xb80	CALLDATASIZE
0xb81	BALANCE
0xb82	ADDRESS
0xb83	CALLDATALOAD
0xb84	CONST
0xb89	ADDRESS
0xb8a	ADDRESS
0xb8b	ADDRESS
0xb8c	CODESIZE
0xb8d	ADDRESS
0xb8e	CONST
0xb96	CONST
0xb9d	CONST
0xba5	CONST
0xbad	CONST
0xbb5	CONST
0xbbd	CONST
0xbc5	CONST
0xbcd	CONST
0xbd5	ADDRESS
0xbd6	ADDRESS
0xbd7	CALLVALUE
0xbd8	CALLER
0xbd9	CALLDATALOAD
0xbda	BALANCE
0xbdb	CALLDATASIZE
0xbdc	CALLDATASIZE
0xbdd	BALANCE
0xbde	BALANCE
0xbdf	CALLDATASIZE
0xbe0	CODESIZE
0xbe1	CALLDATASIZE
0xbe2	CALLDATALOAD
0xbe3	CALLDATASIZE
0xbe4	CALLDATALOAD
0xbe5	CONST
0xbe9	CALLDATALOAD
0xbea	CALLDATASIZE
0xbeb	BALANCE
0xbec	ADDRESS
0xbed	CALLDATALOAD
0xbee	CONST
0xbf6	CODESIZE
0xbf7	ADDRESS
0xbf8	CONST
0xc00	BALANCE
0xc01	BALANCE
0xc02	CALLDATASIZE
0xc03	ADDRESS
0xc04	ADDRESS
0xc05	BALANCE
0xc06	CALLDATASIZE
0xc07	ADDRESS
0xc08	CONST
0xc0b	ADDRESS
0xc0c	ADDRESS
0xc0d	ORIGIN
0xc0e	ADDRESS
0xc0f	CONST
0xc12	CALLDATASIZE
0xc13	ADDRESS
0xc14	ADDRESS
0xc15	CALLVALUE
0xc16	CALLER
0xc17	CALLDATALOAD
0xc18	BALANCE
0xc19	CALLDATASIZE
0xc1a	CALLDATASIZE
0xc1b	BALANCE
0xc1c	BALANCE
0xc1d	CALLDATASIZE
0xc1f	CODESIZE
0xc20	CALLDATALOAD
0xc21	CALLDATASIZE
0xc22	CALLDATALOAD
0xc23	CONST
0xc27	ADDRESS
0xc28	CALLDATALOAD
0xc29	BALANCE
0xc2b	ADDRESS
0xc2c	BALANCE
0xc2d	CALLDATALOAD
0xc2e	BALANCE
0xc2f	CALLDATALOAD
0xc30	CODESIZE
0xc31	BALANCE
0xc32	CALLDATALOAD
0xc33	ORIGIN
0xc34	CALLDATASIZE
0xc35	ADDRESS
0xc36	ORIGIN
0xc37	ADDRESS
0xc38	ADDRESS
0xc39	BALANCE
0xc3a	CALLDATASIZE
0xc3b	ADDRESS
0xc3c	CALLVALUE
0xc3d	ADDRESS
0xc3e	CALLDATALOAD
0xc3f	BALANCE
0xc40	CODESIZE
0xc41	ADDRESS
0xc43	BALANCE
0xc44	ADDRESS
0xc45	CALLER
0xc47	ADDRESS
0xc48	CONST
0xc50	CALLDATASIZE
0xc51	BALANCE
0xc52	ADDRESS
0xc53	CALLDATASIZE
0xc54	CALLER
0xc55	ADDRESS
0xc56	CALLDATALOAD
0xc58	CALLDATASIZE
0xc59	ADDRESS
0xc5a	ADDRESS
0xc5b	ADDRESS
0xc5c	CODESIZE
0xc5d	ADDRESS
0xc5e	CONST
0xc66	CONST
0xc6b	BALANCE
0xc6c	CALLDATASIZE
0xc6d	ADDRESS
0xc6e	CONST
0xc71	ADDRESS
0xc72	ADDRESS
0xc73	ORIGIN
0xc74	ADDRESS
0xc75	CONST
0xc78	CALLDATASIZE
0xc79	ADDRESS
0xc7a	ADDRESS
0xc7b	CALLVALUE
0xc7c	CALLER
0xc7d	CALLDATALOAD
0xc7e	BALANCE
0xc7f	CALLDATASIZE
0xc80	CALLDATASIZE
0xc81	BALANCE
0xc82	BALANCE
0xc83	CALLDATASIZE
0xc84	CONST
0xc87	CALLDATASIZE
0xc88	CALLDATALOAD
0xc89	CONST
0xc8d	CALLDATALOAD
0xc8e	CALLDATASIZE
0xc8f	BALANCE
0xc90	ADDRESS
0xc91	CALLDATASIZE
0xc92	CALLVALUE
0xc93	CONST
0xc9b	ADDRESS
0xc9c	CONST
0xca4	ORIGIN
0xca5	CONST
0xcac	CALLDATALOAD
0xcad	CALLDATASIZE
0xcae	CALLDATALOAD
0xcaf	CONST
0xcb3	CALLDATALOAD
0xcb4	CALLDATASIZE
0xcb5	BALANCE
0xcb6	ADDRESS
0xcb7	CALLDATASIZE
0xcb8	CALLDATASIZE
0xcb9	ORIGIN
0xcba	CALLDATALOAD
0xcbc	CALLDATASIZE
0xcbd	ADDRESS
0xcbe	ADDRESS
0xcbf	ADDRESS
0xcc0	CODESIZE
0xcc1	ADDRESS
0xcc2	CONST
0xcca	BALANCE
0xccb	BALANCE
0xccc	CALLDATASIZE
0xccd	ADDRESS
0xcce	ADDRESS
0xccf	BALANCE
0xcd0	CALLDATASIZE
0xcd1	ADDRESS
0xcd2	CONST
0xcd5	ADDRESS
0xcd6	ADDRESS
0xcd7	ORIGIN
0xcd8	ADDRESS
0xcd9	CONST
0xcdc	CALLDATASIZE
0xcdd	ADDRESS
0xcde	ADDRESS
0xcdf	CALLVALUE
0xce0	CALLER
0xce1	CALLDATALOAD
0xce2	BALANCE
0xce3	CALLDATASIZE
0xce4	CALLDATASIZE
0xce5	BALANCE
0xce6	BALANCE
0xce7	CALLDATASIZE
0xce8	CONST
0xcf0	BALANCE
0xcf1	CALLDATALOAD
0xcf2	CALLDATASIZE
0xcf3	BALANCE
0xcf4	ADDRESS
0xcf5	CALLDATASIZE
0xcf6	CODESIZE
0xcf7	BALANCE
0xcf8	CALLDATALOAD
0xcfa	CALLDATASIZE
0xcfb	ADDRESS
0xcfc	ADDRESS
0xcfd	ADDRESS
0xcfe	CODESIZE
0xcff	ADDRESS
0xd00	CONST
0xd08	CONST
0xd0d	CALLVALUE
0xd0e	CALLER
0xd0f	CALLDATALOAD
0xd10	CALLDATASIZE
0xd11	BALANCE
0xd12	BALANCE
0xd14	BALANCE
0xd15	ADDRESS
0xd16	CALLDATALOAD
0xd17	CALLDATASIZE
0xd18	CALLDATALOAD
0xd19	CONST
0xd1d	CALLDATALOAD
0xd1e	CALLDATASIZE
0xd1f	BALANCE
0xd20	ADDRESS
0xd21	CALLDATASIZE
0xd24	CALLDATALOAD
0xd26	CALLDATASIZE
0xd27	ADDRESS
0xd28	ADDRESS
0xd29	ADDRESS
0xd2a	CODESIZE
0xd2b	ADDRESS
0xd2c	CONST
0xd34	CONST
0xd39	BALANCE
0xd3a	CALLDATASIZE
0xd3b	ADDRESS
0xd3c	CONST
0xd3f	ADDRESS
0xd40	ADDRESS
0xd41	ORIGIN
0xd42	ADDRESS
0xd43	CONST
0xd46	CALLDATASIZE
0xd47	ADDRESS
0xd48	ADDRESS
0xd49	CALLVALUE
0xd4a	CALLER
0xd4b	CALLDATALOAD
0xd4c	BALANCE
0xd4d	CALLDATASIZE
0xd4e	CALLDATASIZE
0xd4f	BALANCE
0xd50	BALANCE
0xd52	CALLVALUE
0xd53	BALANCE
0xd54	CALLDATALOAD
0xd55	CALLDATASIZE
0xd56	CALLDATALOAD
0xd57	CONST
0xd5b	CALLDATALOAD
0xd5c	CALLDATASIZE
0xd5d	BALANCE
0xd5e	ADDRESS
0xd5f	CALLDATASIZE
0xd60	CONST
0xd64	CALLDATASIZE
0xd65	ADDRESS
0xd66	ADDRESS
0xd67	ADDRESS
0xd68	CODESIZE
0xd69	ADDRESS
0xd6a	CONST
0xd72	CONST
0xd77	CALLVALUE
0xd78	CALLER
0xd79	CALLDATALOAD
0xd7a	CALLDATASIZE
0xd7b	BALANCE
0xd7c	BALANCE
0xd7e	CODESIZE
0xd7f	ADDRESS
0xd80	CALLDATALOAD
0xd81	CALLDATASIZE
0xd82	CALLDATALOAD
0xd83	CONST
0xd87	CALLDATALOAD
0xd88	CALLDATASIZE
0xd89	BALANCE
0xd8a	ADDRESS
0xd8b	CALLDATASIZE
0xd8c	CONST
0xd91	ADDRESS
0xd92	ADDRESS
0xd93	ADDRESS
0xd94	CODESIZE
0xd95	ADDRESS
0xd96	CONST
0xd9e	CONST
0xda3	CALLVALUE
0xda4	CALLDATASIZE
0xda5	ADDRESS
0xda6	ORIGIN
0xda7	CALLVALUE
0xda8	CODESIZE
0xda9	BALANCE
0xdaa	CALLER
0xdab	CALLDATALOAD
0xdac	CODESIZE
0xdad	BALANCE
0xdae	CODESIZE
0xdaf	BALANCE
0xdb0	ADDRESS
0xdb1	BALANCE
0xdb3	ADDRESS
0xdb4	CODESIZE
0xdb5	CALLER
0xdb6	ADDRESS
0xdb7	BALANCE
0xdb8	CALLER
0xdb9	CALLDATALOAD
0xdba	CODESIZE
0xdbb	ADDRESS
0xdbc	CALLDATASIZE
0xdbd	ADDRESS
0xdbe	ORIGIN
0xdbf	ADDRESS
0xdc0	CODESIZE
0xdc1	BALANCE
0xdc2	CODESIZE
0xdc3	BALANCE
0xdc4	ADDRESS
0xdc5	ORIGIN
0xdc6	ADDRESS
0xdc7	BALANCE
0xdc8	CALLDATASIZE
0xdc9	ADDRESS
0xdca	CALLVALUE
0xdcb	ADDRESS
0xdcc	CALLDATALOAD
0xdcd	BALANCE
0xdcf	ADDRESS
0xdd0	CODESIZE
0xdd1	BALANCE
0xdd2	ADDRESS
0xdd3	BALANCE
0xdd4	CALLDATASIZE
0xdd5	ADDRESS
0xdd6	CALLVALUE
0xdd7	ADDRESS
0xdd8	CALLDATALOAD
0xdd9	ORIGIN
0xdda	CODESIZE
0xddb	ADDRESS
0xddd	CALLER
0xddf	ORIGIN
0xde1	BALANCE
0xde3	ADDRESS
0xde4	CODESIZE
0xde5	BALANCE
0xde6	CODESIZE
0xde7	BALANCE
0xde8	CALLDATALOAD
0xde9	ORIGIN
0xdea	CALLDATASIZE
0xdeb	ADDRESS
0xdec	ORIGIN
0xded	ADDRESS
0xdee	ADDRESS
0xdef	BALANCE
0xdf0	CODESIZE
0xdf1	CALLER
0xdf2	CODESIZE
0xdf3	CALLER
0xdf4	CALLDATASIZE
0xdf5	ADDRESS
0xdf6	ORIGIN
0xdf7	ADDRESS
0xdf8	ADDRESS
0xdf9	ORIGIN
0xdfa	CODESIZE
0xdfb	ADDRESS
0xdfc	CODESIZE
0xdfd	ORIGIN
0xdfe	CODESIZE
0xdff	CALLVALUE
0xe00	CALLER
0xe02	CODESIZE
0xe03	ORIGIN
0xe04	ADDRESS
0xe05	BALANCE
0xe07	BALANCE
0xe08	CALLDATALOAD
0xe09	ADDRESS
0xe0a	CALLDATALOAD
0xe0b	ADDRESS
0xe0c	CALLDATALOAD
0xe0d	ADDRESS
0xe0e	CALLDATALOAD
0xe0f	ADDRESS
0xe10	CALLDATALOAD
0xe11	ADDRESS
0xe12	CALLDATALOAD
0xe13	ADDRESS
0xe15	BALANCE
0xe17	ADDRESS
0xe18	CODESIZE
0xe19	ADDRESS
0xe1a	CALLER
0xe1b	CALLDATALOAD
0xe1d	ADDRESS
0xe1e	CALLDATASIZE
0xe1f	ADDRESS
0xe20	ORIGIN
0xe21	ADDRESS
0xe22	ADDRESS
0xe23	BALANCE
0xe25	ADDRESS
0xe26	CODESIZE
0xe27	ORIGIN
0xe28	ADDRESS
0xe29	BALANCE
0xe2a	CODESIZE
0xe2b	ADDRESS
0xe2c	CALLER
0xe2d	CALLDATALOAD
0xe2f	ADDRESS
0xe30	CALLDATASIZE
0xe31	ADDRESS
0xe32	ORIGIN
0xe33	ADDRESS
0xe34	ADDRESS
0xe35	BALANCE
0xe37	ADDRESS
0xe38	CODESIZE
0xe39	ADDRESS
0xe3a	CODESIZE
0xe3b	ADDRESS
0xe3c	CALLDATASIZE
0xe3d	ADDRESS
0xe3e	ORIGIN
0xe3f	ADDRESS
0xe40	ADDRESS
0xe41	ORIGIN
0xe42	CALLDATASIZE
0xe43	ADDRESS
0xe44	ORIGIN
0xe45	ADDRESS
0xe46	ADDRESS
0xe47	BALANCE
0xe48	CALLDATASIZE
0xe49	ADDRESS
0xe4a	CALLVALUE
0xe4b	ADDRESS
0xe4c	CALLDATALOAD
0xe4d	BALANCE
0xe4f	ADDRESS
0xe50	CODESIZE
0xe51	BALANCE
0xe52	ADDRESS
0xe53	BALANCE
0xe54	CALLDATASIZE
0xe55	ADDRESS
0xe56	CALLVALUE
0xe57	ADDRESS
0xe58	CALLDATALOAD
0xe59	ORIGIN
0xe5a	CODESIZE
0xe5b	ADDRESS
0xe5d	CALLER
0xe5f	ORIGIN
0xe61	BALANCE
0xe63	ADDRESS
0xe64	CODESIZE
0xe65	BALANCE
0xe66	CODESIZE
0xe67	BALANCE
0xe68	CALLDATALOAD
0xe69	ORIGIN
0xe6a	CALLDATASIZE
0xe6b	ADDRESS
0xe6c	ORIGIN
0xe6d	ADDRESS
0xe6e	ADDRESS
0xe6f	BALANCE
0xe70	CODESIZE
0xe71	CALLER
0xe72	CODESIZE
0xe73	CALLER
0xe74	CALLDATASIZE
0xe75	ADDRESS
0xe76	ORIGIN
0xe77	ADDRESS
0xe78	ADDRESS
0xe79	ORIGIN
0xe7a	CODESIZE
0xe7b	ADDRESS
0xe7c	CODESIZE
0xe7d	ORIGIN
0xe7e	CODESIZE
0xe7f	CALLVALUE
0xe80	CALLER
0xe82	CODESIZE
0xe83	ORIGIN
0xe84	ADDRESS
0xe85	BALANCE
0xe87	BALANCE
0xe88	CALLDATALOAD
0xe89	ADDRESS
0xe8a	CALLDATALOAD
0xe8b	ADDRESS
0xe8c	CALLDATALOAD
0xe8d	ADDRESS
0xe8e	CALLDATALOAD
0xe8f	ADDRESS
0xe90	CALLDATALOAD
0xe91	ADDRESS
0xe92	CALLDATALOAD
0xe93	ADDRESS
0xe95	BALANCE
0xe97	ADDRESS
0xe98	CODESIZE
0xe99	ADDRESS
0xe9a	CALLER
0xe9b	CALLDATALOAD
0xe9d	ADDRESS
0xe9e	CALLDATASIZE
0xe9f	ADDRESS
0xea0	ORIGIN
0xea1	ADDRESS
0xea2	ADDRESS
0xea3	BALANCE
0xea5	ADDRESS
0xea6	CODESIZE
0xea7	ORIGIN
0xea8	ADDRESS
0xea9	BALANCE
0xeaa	CODESIZE
0xeab	ADDRESS
0xeac	CALLER
0xead	CALLDATALOAD
0xeaf	ADDRESS
0xeb0	CALLDATASIZE
0xeb1	ADDRESS
0xeb2	ORIGIN
0xeb3	ADDRESS
0xeb4	ADDRESS
0xeb5	BALANCE
0xeb7	ADDRESS
0xeb8	CODESIZE
0xeb9	ADDRESS
0xeba	CODESIZE
0xebb	ADDRESS
0xebc	CALLDATASIZE
0xebd	ADDRESS
0xebe	ORIGIN
0xebf	ADDRESS
0xec0	ADDRESS
0xec1	ORIGIN
0xec2	CALLDATASIZE
0xec3	ADDRESS
0xec4	ORIGIN
0xec5	ADDRESS
0xec6	ADDRESS
0xec7	BALANCE
0xec8	CALLDATASIZE
0xec9	ADDRESS
0xeca	CALLVALUE
0xecb	ADDRESS
0xecc	CALLDATALOAD
0xecd	BALANCE
0xecf	ADDRESS
0xed0	CODESIZE
0xed1	BALANCE
0xed2	ADDRESS
0xed3	BALANCE
0xed4	CALLDATASIZE
0xed5	ADDRESS
0xed6	CALLVALUE
0xed7	ADDRESS
0xed8	CALLDATALOAD
0xed9	ORIGIN
0xeda	CODESIZE
0xedb	ADDRESS
0xedd	CALLER
0xedf	ORIGIN
0xee1	BALANCE
0xee3	ADDRESS
0xee4	CODESIZE
0xee5	BALANCE
0xee6	CODESIZE
0xee7	BALANCE
0xee8	CALLDATALOAD
0xee9	ORIGIN
0xeea	CALLDATASIZE
0xeeb	ADDRESS
0xeec	ORIGIN
0xeed	ADDRESS
0xeee	ADDRESS
0xeef	BALANCE
0xef0	CODESIZE
0xef1	CALLER
0xef2	CODESIZE
0xef3	CALLER
0xef4	CALLDATASIZE
0xef5	ADDRESS
0xef6	ORIGIN
0xef7	ADDRESS
0xef8	ADDRESS
0xef9	ORIGIN
0xefa	CODESIZE
0xefb	ADDRESS
0xefc	CODESIZE
0xefd	ORIGIN
0xefe	CODESIZE
0xeff	CALLVALUE
0xf00	CALLER
0xf02	CODESIZE
0xf03	ORIGIN
0xf04	ADDRESS
0xf05	BALANCE
0xf07	BALANCE
0xf08	CALLDATALOAD
0xf09	ADDRESS
0xf0a	CALLDATALOAD
0xf0b	ADDRESS
0xf0c	CALLDATALOAD
0xf0d	ADDRESS
0xf0e	CALLDATALOAD
0xf0f	ADDRESS
0xf10	CALLDATALOAD
0xf11	ADDRESS
0xf12	CALLDATALOAD
0xf13	ADDRESS
0xf15	BALANCE
0xf17	ADDRESS
0xf18	CODESIZE
0xf19	ADDRESS
0xf1a	CALLER
0xf1b	CALLDATALOAD
0xf1d	ADDRESS
0xf1e	CALLDATASIZE
0xf1f	ADDRESS
0xf20	ORIGIN
0xf21	ADDRESS
0xf22	ADDRESS
0xf23	BALANCE
0xf25	ADDRESS
0xf26	CODESIZE
0xf27	ORIGIN
0xf28	ADDRESS
0xf29	BALANCE
0xf2a	CODESIZE
0xf2b	ADDRESS
0xf2c	CALLER
0xf2d	CALLDATALOAD
0xf2f	ADDRESS
0xf30	CALLDATASIZE
0xf31	ADDRESS
0xf32	ORIGIN
0xf33	ADDRESS
0xf34	ADDRESS
0xf35	BALANCE
0xf37	ADDRESS
0xf38	CODESIZE
0xf39	ADDRESS
0xf3a	CODESIZE
0xf3b	ADDRESS
0xf3c	CALLDATASIZE
0xf3d	ADDRESS
0xf3e	ORIGIN
0xf3f	ADDRESS
0xf40	ADDRESS
0xf41	ORIGIN
0xf42	CALLDATASIZE
0xf43	ADDRESS
0xf44	ORIGIN
0xf45	ADDRESS
0xf46	ADDRESS
0xf47	BALANCE
0xf48	CALLDATASIZE
0xf49	ADDRESS
0xf4a	CALLVALUE
0xf4b	ADDRESS
0xf4c	CALLDATALOAD
0xf4d	BALANCE
0xf4f	ADDRESS
0xf50	CODESIZE
0xf51	BALANCE
0xf52	ADDRESS
0xf53	BALANCE
0xf54	CALLDATASIZE
0xf55	ADDRESS
0xf56	CALLVALUE
0xf57	ADDRESS
0xf58	CALLDATALOAD
0xf59	ORIGIN
0xf5a	CODESIZE
0xf5b	ADDRESS
0xf5d	CALLER
0xf5f	ORIGIN
0xf61	BALANCE
0xf63	ADDRESS
0xf64	CODESIZE
0xf65	BALANCE
0xf66	CODESIZE
0xf67	BALANCE
0xf68	CALLDATALOAD
0xf69	ORIGIN
0xf6a	CALLDATASIZE
0xf6b	ADDRESS
0xf6c	ORIGIN
0xf6d	ADDRESS
0xf6e	ADDRESS
0xf6f	BALANCE
0xf70	CODESIZE
0xf71	CALLER
0xf72	CODESIZE
0xf73	CALLER
0xf74	CALLDATASIZE
0xf75	ADDRESS
0xf76	ORIGIN
0xf77	ADDRESS
0xf78	ADDRESS
0xf79	ORIGIN
0xf7a	CODESIZE
0xf7b	ADDRESS
0xf7c	CODESIZE
0xf7d	ORIGIN
0xf7e	CODESIZE
0xf7f	CALLVALUE
0xf80	CALLER
0xf82	CODESIZE
0xf83	ORIGIN
0xf84	ADDRESS
0xf85	BALANCE
0xf87	BALANCE
0xf88	CALLDATALOAD
0xf89	ADDRESS
0xf8a	CALLDATALOAD
0xf8b	ADDRESS
0xf8c	CALLDATALOAD
0xf8d	ADDRESS
0xf8e	CALLDATALOAD
0xf8f	ADDRESS
0xf90	CALLDATALOAD
0xf91	ADDRESS
0xf92	CALLDATALOAD
0xf93	ADDRESS
0xf95	BALANCE
0xf97	ADDRESS
0xf98	CODESIZE
0xf99	ADDRESS
0xf9a	CALLER
0xf9b	CALLDATALOAD
0xf9d	ADDRESS
0xf9e	CALLDATASIZE
0xf9f	ADDRESS
0xfa0	ORIGIN
0xfa1	ADDRESS
0xfa2	ADDRESS
0xfa3	BALANCE
0xfa5	ADDRESS
0xfa6	CODESIZE
0xfa7	ORIGIN
0xfa8	ADDRESS
0xfa9	BALANCE
0xfaa	CODESIZE
0xfab	ADDRESS
0xfac	CALLER
0xfad	CALLDATALOAD
0xfaf	ADDRESS
0xfb0	CALLDATASIZE
0xfb1	ADDRESS
0xfb2	ORIGIN
0xfb3	ADDRESS
0xfb4	ADDRESS
0xfb5	BALANCE
0xfb7	ADDRESS
0xfb8	CODESIZE
0xfb9	ADDRESS
0xfba	CODESIZE
0xfbb	ADDRESS
0xfbc	CALLDATASIZE
0xfbd	ADDRESS
0xfbe	ORIGIN
0xfbf	ADDRESS
0xfc0	ADDRESS
0xfc1	ORIGIN
0xfc2	CALLDATASIZE
0xfc3	ADDRESS
0xfc4	ORIGIN
0xfc5	ADDRESS
0xfc6	ADDRESS
0xfc7	BALANCE
0xfc8	CALLDATASIZE
0xfc9	ADDRESS
0xfca	CALLVALUE
0xfcb	ADDRESS
0xfcc	CALLDATALOAD
0xfcd	BALANCE
0xfcf	ADDRESS
0xfd0	CODESIZE
0xfd1	BALANCE
0xfd2	ADDRESS
0xfd3	BALANCE
0xfd4	CALLDATASIZE
0xfd5	ADDRESS
0xfd6	CALLVALUE
0xfd7	ADDRESS
0xfd8	CALLDATALOAD
0xfd9	ORIGIN
0xfda	CODESIZE
0xfdb	ADDRESS
0xfdd	CALLER
0xfdf	ORIGIN
0xfe1	BALANCE
0xfe3	ADDRESS
0xfe4	CODESIZE
0xfe5	BALANCE
0xfe6	CODESIZE
0xfe7	BALANCE
0xfe8	CALLDATALOAD
0xfe9	ORIGIN
0xfea	CALLDATASIZE
0xfeb	ADDRESS
0xfec	ORIGIN
0xfed	ADDRESS
0xfee	ADDRESS
0xfef	BALANCE
0xff0	CODESIZE
0xff1	CALLER
0xff2	CODESIZE
0xff3	CALLER
0xff4	CALLDATASIZE
0xff5	ADDRESS
0xff6	ORIGIN
0xff7	ADDRESS
0xff8	ADDRESS
0xff9	ORIGIN
0xffa	CODESIZE
0xffb	ADDRESS
0xffc	CODESIZE
0xffd	ORIGIN
0xffe	CODESIZE
0xfff	CALLVALUE
0x1000	CALLER
0x1002	CALLDATALOAD
0x1003	ADDRESS
0x1005	CALLVALUE
0x1007	CALLDATASIZE
0x1008	CALLDATALOAD
0x1009	ADDRESS
0x100a	CALLDATALOAD
0x100b	ADDRESS
0x100c	CALLDATALOAD
0x100d	ADDRESS
0x100e	CALLDATALOAD
0x100f	ADDRESS
0x1011	BALANCE
0x1012	CALLER
0x1013	CALLDATALOAD
0x1014	BALANCE
0x1015	CALLDATALOAD
0x1016	BALANCE
0x1017	CALLDATALOAD
0x1019	BALANCE
0x101a	CALLDATALOAD
0x101b	ADDRESS
0x101c	CALLDATASIZE
0x101d	BALANCE
0x101e	BALANCE
0x1020	CONST
0x1024	CALLDATALOAD
0x1025	ADDRESS
0x1026	CALLDATALOAD
0x1027	CALLDATASIZE
0x1028	CALLDATALOAD
0x1029	CONST
0x102d	CALLDATALOAD
0x102e	CALLDATASIZE
0x102f	BALANCE
0x1030	ADDRESS
0x1031	CODESIZE
0x1032	BALANCE
0x1033	CONST
0x103b	ADDRESS
0x103c	CONST
0x1044	CONST
0x104a	CONST
0x104e	CALLDATALOAD
0x104f	CONST
0x1053	CALLDATALOAD
0x1054	CALLDATASIZE
0x1055	BALANCE
0x1056	ADDRESS
0x1057	CODESIZE
0x1058	CALLER
0x1059	ORIGIN
0x105a	CALLDATALOAD
0x105c	CALLDATASIZE
0x105d	ADDRESS
0x105e	ADDRESS
0x105f	ADDRESS
0x1060	CODESIZE
0x1061	ADDRESS
0x1062	CONST
0x106a	CONST
0x106f	CALLVALUE
0x1070	CALLER
0x1071	CALLDATALOAD
0x1072	CALLDATASIZE
0x1073	ADDRESS
0x1074	ADDRESS
0x1075	CONST
0x107d	ADDRESS
0x107e	CODESIZE
0x107f	ADDRESS
0x1080	CALLDATASIZE
0x1081	ADDRESS
0x1082	ADDRESS
0x1083	ORIGIN
0x1084	ADDRESS
0x1085	CONST
0x1088	CALLDATASIZE
0x1089	ADDRESS
0x108a	ORIGIN
0x108b	CALLVALUE
0x108c	CALLER
0x108d	CALLDATALOAD
0x108e	BALANCE
0x108f	CALLDATASIZE
0x1090	CALLDATASIZE
0x1091	ADDRESS
0x1092	CONST
0x109a	BALANCE
0x109b	CALLDATASIZE
0x109c	CALLDATASIZE
0x109d	ADDRESS
0x109e	CALLDATASIZE
0x109f	CALLVALUE
0x10a0	CALLER
0x10a1	CALLDATALOAD
0x10a2	CALLDATASIZE
0x10a3	ADDRESS
0x10a4	CODESIZE
0x10a5	CALLVALUE
0x10a6	CALLER
0x10a7	CALLDATALOAD
0x10a8	CALLDATASIZE
0x10a9	ADDRESS
0x10aa	CONST
0x10ad	CALLDATALOAD
0x10ae	BALANCE
0x10af	CALLDATALOAD
0x10b0	BALANCE
0x10b1	CALLDATALOAD
0x10b2	CALLDATASIZE
0x10b3	BALANCE
0x10b4	BALANCE
0x10b6	CONST
0x10bc	CALLER
0x10bd	CALLVALUE
0x10be	BALANCE
0x10bf	CALLDATALOAD
0x10c0	CALLDATASIZE
0x10c1	BALANCE
0x10c2	ADDRESS
0x10c3	CODESIZE
0x10c4	CALLDATASIZE
0x10c5	CODESIZE
0x10c6	CALLDATALOAD
0x10c8	CALLDATASIZE
0x10c9	ADDRESS
0x10ca	ADDRESS
0x10cb	ADDRESS
0x10cc	CODESIZE
0x10cd	ADDRESS
0x10ce	CONST
0x10d6	CONST
0x10de	CALLDATALOAD
0x10df	CALLDATASIZE
0x10e0	CALLDATALOAD
0x10e1	CONST
0x10e5	CALLDATALOAD
0x10e6	CALLDATASIZE
0x10e7	BALANCE
0x10e8	ADDRESS
0x10e9	CODESIZE
0x10eb	CONST
0x10ef	ADDRESS
0x10f0	ADDRESS
0x10f1	ADDRESS
0x10f2	CODESIZE
0x10f3	ADDRESS
0x10f4	CONST
0x10fc	CONST
0x1101	CONST
0x1105	CALLDATASIZE
0x1106	CALLDATALOAD
0x1107	CONST
0x110b	CALLDATALOAD
0x110c	CALLDATASIZE
0x110d	BALANCE
0x110e	ADDRESS
0x110f	CODESIZE
0x1110	CODESIZE
0x1111	CONST
0x1118	CODESIZE
0x1119	ADDRESS
0x111a	CONST
0x1122	CONST
0x1127	BALANCE
0x1128	CALLDATASIZE
0x1129	ADDRESS
0x112a	CONST
0x112d	ADDRESS
0x112e	ADDRESS
0x112f	ORIGIN
0x1130	ADDRESS
0x1131	CONST
0x1134	CALLDATASIZE
0x1135	ADDRESS
0x1136	ADDRESS
0x1137	CALLVALUE
0x1138	CALLER
0x1139	CALLDATALOAD
0x113a	BALANCE
0x113b	CALLDATASIZE
0x113c	CALLDATASIZE
0x113d	ADDRESS
0x113e	ORIGIN
0x113f	CALLVALUE
0x1140	CALLER
0x1141	CALLDATALOAD
0x1142	CALLDATASIZE
0x1143	BALANCE
0x1144	BALANCE
0x1145	CONST
0x1149	CALLDATASIZE
0x114a	CALLDATALOAD
0x114b	CONST
0x114f	CALLDATALOAD
0x1150	CALLDATASIZE
0x1151	BALANCE
0x1152	ADDRESS
0x1153	CODESIZE
0x1154	CONST
0x1158	CALLDATASIZE
0x1159	ADDRESS
0x115a	ADDRESS
0x115b	ADDRESS
0x115c	CODESIZE
0x115d	ADDRESS
0x115e	CONST
0x1166	CONST
0x116b	CALLVALUE
0x116c	CALLER
0x116d	CALLDATALOAD
0x116e	CALLDATASIZE
0x116f	BALANCE
0x1170	BALANCE
0x1171	CONST
0x1176	CALLDATALOAD
0x1177	CONST
0x117b	CALLDATALOAD
0x117c	CALLDATASIZE
0x117d	BALANCE
0x117e	ADDRESS
0x117f	CODESIZE
0x1180	CONST
0x1185	ADDRESS
0x1186	ADDRESS
0x1187	ADDRESS
0x1188	CODESIZE
0x1189	ADDRESS
0x118a	CONST
0x1192	BALANCE
0x1193	BALANCE
0x1194	CALLDATASIZE
0x1195	ADDRESS
0x1196	ADDRESS
0x1197	BALANCE
0x1198	CALLDATASIZE
0x1199	ADDRESS
0x119a	CONST
0x119d	ADDRESS
0x119e	ADDRESS
0x119f	ORIGIN
0x11a0	ADDRESS
0x11a1	CONST
0x11a4	CALLDATASIZE
0x11a5	ADDRESS
0x11a6	ADDRESS
0x11a7	CALLVALUE
0x11a8	CALLER
0x11a9	CALLDATALOAD
0x11aa	BALANCE
0x11ab	CALLDATASIZE
0x11ac	CALLDATASIZE
0x11ad	ADDRESS
0x11ae	ORIGIN
0x11af	CALLVALUE
0x11b0	CALLER
0x11b1	CALLDATALOAD
0x11b2	CALLDATASIZE
0x11b3	BALANCE
0x11b4	BALANCE
0x11b5	CONST
0x11ba	CALLDATALOAD
0x11bb	CONST
0x11bf	CALLDATALOAD
0x11c0	CALLDATASIZE
0x11c1	BALANCE
0x11c2	ADDRESS
0x11c3	CODESIZE
0x11c4	CONST
0x11cb	ADDRESS
0x11cc	CODESIZE
0x11cd	ADDRESS
0x11ce	CONST
0x11d6	CONST
0x11db	CONST
0x11e1	CONST
0x11e5	CALLDATALOAD
0x11e6	CALLDATASIZE
0x11e7	BALANCE
0x11e8	ADDRESS
0x11e9	CODESIZE
0x11ea	CONST
0x11f2	CODESIZE
0x11f3	ADDRESS
0x11f4	CONST
0x11fc	CONST
0x1201	CONST
0x1208	CALLER
0x1209	CALLVALUE
0x120a	BALANCE
0x120b	CALLDATALOAD
0x120c	CALLDATASIZE
0x120d	BALANCE
0x120e	ADDRESS
0x1210	ADDRESS
0x1211	CONST
0x1218	CODESIZE
0x1219	ADDRESS
0x121a	CONST
0x1222	CONST
0x1229	BALANCE
0x122a	CALLDATALOAD
0x122b	CALLDATASIZE
0x122c	CALLDATALOAD
0x122d	CONST
0x1231	ADDRESS
0x1232	CODESIZE
0x1233	ADDRESS
0x1234	CALLDATASIZE
0x1235	BALANCE
0x1236	ADDRESS
0x1238	ORIGIN
0x123a	CODESIZE
0x123b	CODESIZE
0x123c	CODESIZE
0x123d	CODESIZE
0x123e	CODESIZE
0x123f	CODESIZE
0x1240	CODESIZE
0x1241	CODESIZE
0x1242	CODESIZE
0x1243	CODESIZE
0x1244	CODESIZE
0x1245	CODESIZE
0x1246	CALLDATASIZE
0x1247	BALANCE
0x1248	BALANCE
0x1249	CONST
0x1251	BALANCE
0x1252	CALLDATALOAD
0x1253	ADDRESS
0x1254	CALLER
0x1255	CALLER
0x1256	CALLDATASIZE
0x1257	ADDRESS
0x1258	ADDRESS
0x1259	BALANCE
0x125a	CALLDATASIZE
0x125b	ADDRESS
0x125c	CONST
0x125f	ADDRESS
0x1260	ADDRESS
0x1261	ORIGIN
0x1262	ADDRESS
0x1263	CONST
0x1266	BALANCE
0x1267	CALLDATASIZE
0x1268	CODESIZE
0x1269	ORIGIN
0x126a	CALLDATASIZE
0x126b	ADDRESS
0x126c	ADDRESS
0x126d	BALANCE
0x126e	CALLDATASIZE
0x126f	ADDRESS
0x1270	CONST
0x1273	ADDRESS
0x1274	ADDRESS
0x1275	ORIGIN
0x1276	ADDRESS
0x1277	CONST
0x127a	BALANCE
0x127b	CALLDATASIZE
0x127c	BALANCE
0x127d	CALLVALUE
0x127e	BALANCE
0x127f	CALLDATALOAD
0x1280	BALANCE
0x1281	CALLDATALOAD
0x1282	CALLDATASIZE
0x1283	BALANCE
0x1284	ADDRESS
0x1286	CONST
0x128b	ADDRESS
0x128c	ADDRESS
0x128d	CALLDATALOAD
0x128e	CALLDATALOAD
0x128f	CALLVALUE
0x1290	CALLDATASIZE
0x1291	BALANCE
0x1292	ADDRESS
0x1293	CALLER
0x1294	CONST
0x129b	BALANCE
0x129c	ADDRESS
0x129d	CALLER
0x129e	ADDRESS
0x129f	ADDRESS
0x12a0	ADDRESS
0x12a1	ORIGIN
0x12a2	CODESIZE
0x12a3	BALANCE
0x12a4	BALANCE
0x12a5	CALLDATALOAD
0x12a6	BALANCE
0x12a7	CALLDATALOAD
0x12a8	CALLDATASIZE
0x12a9	BALANCE
0x12aa	ADDRESS
0x12ac	CALLDATALOAD
0x12ae	CALLDATALOAD
0x12b0	CONST
0x12b8	CALLER
0x12ba	ADDRESS
0x12bb	BALANCE
0x12bc	ADDRESS
0x12bd	ORIGIN
0x12bf	ADDRESS
0x12c0	CALLDATALOAD
0x12c1	ADDRESS
0x12c2	CALLDATASIZE
0x12c3	BALANCE
0x12c4	ADDRESS
0x12c6	CODESIZE
0x12c7	CONST
0x12cf	ADDRESS
0x12d0	CODESIZE
0x12d1	CALLVALUE
0x12d2	CALLDATASIZE
0x12d3	ADDRESS
0x12d4	ADDRESS
0x12d5	BALANCE
0x12d6	CALLDATASIZE
0x12d7	ADDRESS
0x12d8	CONST
0x12db	ADDRESS
0x12dc	ADDRESS
0x12dd	ORIGIN
0x12de	ADDRESS
0x12df	CONST
0x12e2	BALANCE
0x12e3	CALLDATASIZE
0x12e4	CALLDATASIZE
0x12e5	ADDRESS
0x12e6	ADDRESS
0x12e7	BALANCE
0x12e8	CALLDATASIZE
0x12e9	ADDRESS
0x12ea	CONST
0x12ed	ADDRESS
0x12ee	ADDRESS
0x12ef	ORIGIN
0x12f0	ADDRESS
0x12f1	CONST
0x12f4	BALANCE
0x12f5	CALLDATASIZE
0x12f6	CODESIZE
0x12f7	BALANCE
0x12f8	CALLDATALOAD
0x12f9	ORIGIN
0x12fa	CALLDATASIZE
0x12fb	ADDRESS
0x12fc	ORIGIN
0x12fd	ADDRESS
0x12fe	ADDRESS
0x12ff	BALANCE
0x1301	ADDRESS
0x1302	CODESIZE
0x1303	BALANCE
0x1304	CALLDATALOAD
0x1305	ORIGIN
0x1306	CALLDATASIZE
0x1307	ADDRESS
0x1308	ORIGIN
0x1309	ADDRESS
0x130a	ADDRESS
0x130b	BALANCE
0x130c	CALLDATASIZE
0x130d	ADDRESS
0x130e	ADDRESS
0x130f	ADDRESS
0x1310	ORIGIN
0x1311	ADDRESS
0x1312	CALLDATALOAD
0x1313	CALLVALUE
0x1314	CODESIZE
0x1315	ORIGIN
0x1316	CALLDATASIZE
0x1317	BALANCE
0x1318	BALANCE
0x1319	CONST
0x1321	ADDRESS
0x1322	ADDRESS
0x1323	BALANCE
0x1324	CALLDATASIZE
0x1325	ADDRESS
0x1326	CONST
0x1329	ADDRESS
0x132a	ADDRESS
0x132b	ORIGIN
0x132c	ADDRESS
0x132d	CONST
0x1330	CODESIZE
0x1331	CALLER
0x1332	BALANCE
0x1333	CALLDATASIZE
0x1334	CALLDATASIZE
0x1335	ADDRESS
0x1336	ADDRESS
0x1337	ADDRESS
0x1339	ADDRESS
0x133a	CODESIZE
0x133b	BALANCE
0x133c	CALLDATALOAD
0x133d	ORIGIN
0x133e	CALLDATASIZE
0x133f	ADDRESS
0x1340	ADDRESS
0x1342	CALLDATASIZE
0x1343	ADDRESS
0x1344	ORIGIN
0x1345	ADDRESS
0x1346	CALLDATALOAD
0x1347	ORIGIN
0x1348	CALLDATASIZE
0x1349	ADDRESS
0x134a	CALLVALUE
0x134b	ADDRESS
0x134d	ADDRESS
0x134e	ORIGIN
0x134f	ADDRESS
0x1350	CALLDATALOAD
0x1351	CALLDATALOAD
0x1352	CALLDATASIZE
0x1353	ADDRESS
0x1354	ADDRESS
0x1355	CODESIZE
0x1356	CALLDATALOAD
0x1357	CALLVALUE
0x1358	CALLDATASIZE
0x1359	BALANCE
0x135a	ADDRESS
0x135c	CONST
0x1360	CODESIZE
0x1361	ORIGIN
0x1362	CALLDATASIZE
0x1363	BALANCE
0x1364	BALANCE
0x1365	CONST
0x136d	ADDRESS
0x136e	ADDRESS
0x136f	CODESIZE
0x1370	CALLDATALOAD
0x1371	CALLDATALOAD
0x1372	CALLDATASIZE
0x1373	ADDRESS
0x1374	ADDRESS
0x1376	CALLDATALOAD
0x1377	CALLVALUE
0x1378	CALLDATASIZE
0x1379	BALANCE
0x137a	ADDRESS
0x137c	CONST
0x1381	ORIGIN
0x1382	CALLDATASIZE
0x1383	BALANCE
0x1384	BALANCE
0x1385	CONST
0x138d	ADDRESS
0x138e	ADDRESS
0x1390	CALLDATALOAD
0x1391	CALLDATALOAD
0x1392	CALLDATALOAD
0x1393	CONST
0x1397	BALANCE
0x1398	CALLER
0x139a	CONST
0x13a1	ADDRESS
0x13a2	CONST
0x13a6	CONST
0x13ad	ADDRESS
0x13af	ORIGIN
0x13b0	CONST
0x13b6	ORIGIN
0x13b7	CODESIZE
0x13b8	CONST
0x13be	CONST
0x13c4	CONST
0x13c9	CONST
0x13cd	CALLVALUE
0x13ce	CALLDATASIZE
0x13cf	CALLVALUE
0x13d0	CONST
0x13d4	ADDRESS
0x13d5	ADDRESS
0x13d6	CODESIZE
0x13d7	ORIGIN
0x13d8	CODESIZE
0x13da	CODESIZE
0x13dc	CODESIZE
0x13de	CODESIZE
0x13df	CALLDATALOAD
0x13e0	CALLDATASIZE
0x13e1	ADDRESS
0x13e2	CALLVALUE
0x13e3	ADDRESS
0x13e4	CALLDATALOAD
0x13e5	BALANCE
0x13e6	CODESIZE
0x13e7	ADDRESS
0x13e8	CODESIZE
0x13e9	CALLDATASIZE
0x13ea	CALLDATASIZE
0x13eb	ADDRESS
0x13ec	ADDRESS
0x13ed	BALANCE
0x13ee	CALLDATASIZE
0x13ef	ADDRESS
0x13f0	CONST
0x13f3	ADDRESS
0x13f4	ADDRESS
0x13f5	ORIGIN
0x13f6	ADDRESS
0x13f7	CONST
0x13fa	BALANCE
0x13fb	CALLDATASIZE
0x13fc	CALLDATASIZE
0x13fd	ADDRESS
0x13fe	ADDRESS
0x13ff	BALANCE
0x1400	CALLDATASIZE
0x1401	ADDRESS
0x1402	CONST
0x1405	ADDRESS
0x1406	ADDRESS
0x1407	ORIGIN
0x1408	ADDRESS
0x1409	CONST
0x140c	BALANCE
0x140d	CALLDATASIZE
0x140e	CODESIZE
0x140f	BALANCE
0x1410	CALLDATALOAD
0x1411	ORIGIN
0x1412	CALLDATASIZE
0x1413	ADDRESS
0x1414	ORIGIN
0x1415	ADDRESS
0x1416	ADDRESS
0x1417	BALANCE
0x1418	CODESIZE
0x1419	ADDRESS
0x141a	CALLDATASIZE
0x141b	ADDRESS
0x141c	ORIGIN
0x141d	ADDRESS
0x141e	ADDRESS
0x141f	BALANCE
0x1420	CODESIZE
0x1421	ADDRESS
0x1422	CALLDATASIZE
0x1423	ADDRESS
0x1424	ORIGIN
0x1425	ADDRESS
0x1426	ADDRESS
0x1427	BALANCE
0x1428	CODESIZE
0x1429	ADDRESS
0x142a	CALLDATASIZE
0x142b	ADDRESS
0x142c	ORIGIN
0x142d	ADDRESS
0x142e	ADDRESS
0x142f	BALANCE
0x1430	CODESIZE
0x1431	CALLDATALOAD
0x1432	CODESIZE
0x1433	BALANCE
0x1434	CALLDATALOAD
0x1435	ORIGIN
0x1436	CALLDATASIZE
0x1437	ADDRESS
0x1438	ORIGIN
0x1439	ADDRESS
0x143a	ADDRESS
0x143b	BALANCE
0x143c	CODESIZE
0x143d	CALLVALUE
0x143e	CODESIZE
0x143f	BALANCE
0x1440	ADDRESS
0x1441	CALLER
0x1442	CODESIZE
0x1443	CALLVALUE
0x1444	CALLDATALOAD
0x1445	ORIGIN
0x1446	CODESIZE
0x1447	CODESIZE
0x1448	CODESIZE
0x1449	BALANCE
0x144a	CODESIZE
0x144b	BALANCE
0x144c	CALLDATALOAD
0x144d	BALANCE
0x144e	CODESIZE
0x144f	BALANCE
0x1450	CALLDATALOAD
0x1451	ORIGIN
0x1452	CALLDATASIZE
0x1453	ADDRESS
0x1454	ORIGIN
0x1455	ADDRESS
0x1456	ADDRESS
0x1457	BALANCE
0x1459	BALANCE
0x145a	CALLDATALOAD
0x145b	ADDRESS
0x145c	CODESIZE
0x145d	ADDRESS
0x145e	CALLDATALOAD
0x145f	BALANCE
0x1461	ADDRESS
0x1462	CALLDATASIZE
0x1463	ADDRESS
0x1464	ORIGIN
0x1465	ADDRESS
0x1466	ADDRESS
0x1467	BALANCE
0x1469	ADDRESS
0x146a	CALLDATASIZE
0x146b	ADDRESS
0x146c	ORIGIN
0x146d	ADDRESS
0x146e	ADDRESS
0x146f	ORIGIN
0x1470	CODESIZE
0x1471	ADDRESS
0x1472	CODESIZE
0x1473	CALLER
0x1474	CODESIZE
0x1475	CALLER
0x1476	CALLDATASIZE
0x1477	ADDRESS
0x1478	ADDRESS
0x1479	ADDRESS
0x147a	CALLDATALOAD
0x147b	CONST
0x147f	BALANCE
0x1480	BALANCE
0x1481	ADDRESS
0x1482	BALANCE
0x1483	CALLDATALOAD
0x1484	CALLDATASIZE
0x1485	BALANCE
0x1486	ADDRESS
0x1487	CONST
0x148a	CALLDATALOAD
0x148c	CODESIZE
0x148d	ADDRESS
0x148e	CODESIZE
0x148f	ORIGIN
0x1490	ADDRESS
0x1491	BALANCE
0x1492	CALLDATALOAD
0x1493	BALANCE
0x1494	CODESIZE
0x1495	CALLER
0x1496	CODESIZE
0x1497	ORIGIN
0x1498	ADDRESS
0x1499	BALANCE
0x149a	CALLDATALOAD
0x149b	ORIGIN
0x149c	CALLDATASIZE
0x149d	ADDRESS
0x149e	ORIGIN
0x149f	ADDRESS
0x14a0	ADDRESS
0x14a1	BALANCE
0x14a2	CALLDATASIZE
0x14a3	BALANCE
0x14a4	ADDRESS
0x14a5	CONST
0x14a8	CALLDATALOAD
0x14a9	CALLDATASIZE
0x14aa	CALLDATALOAD
0x14ab	CONST
0x14af	ADDRESS
0x14b0	CALLDATALOAD
0x14b1	ADDRESS
0x14b2	CALLDATALOAD
0x14b3	ADDRESS
0x14b5	ADDRESS
0x14b6	CALLDATALOAD
0x14b7	ADDRESS
0x14b8	ADDRESS
0x14b9	BALANCE
0x14ba	CODESIZE
0x14bb	CALLVALUE
0x14bc	CODESIZE
0x14bd	BALANCE
0x14be	ADDRESS
0x14bf	CALLER
0x14c0	CODESIZE
0x14c1	CALLER
0x14c2	CALLDATALOAD
0x14c3	ORIGIN
0x14c4	CODESIZE
0x14c6	CODESIZE
0x14c7	BALANCE
0x14c8	CODESIZE
0x14c9	BALANCE
0x14ca	CALLDATALOAD
0x14cb	BALANCE
0x14cc	CODESIZE
0x14cd	BALANCE
0x14ce	CALLDATALOAD
0x14cf	ORIGIN
0x14d0	CALLDATASIZE
0x14d1	ADDRESS
0x14d2	ORIGIN
0x14d3	ADDRESS
0x14d4	ADDRESS
0x14d5	BALANCE
0x14d7	BALANCE
0x14d8	CALLDATALOAD
0x14d9	ADDRESS
0x14da	CODESIZE
0x14db	ADDRESS
0x14dc	CALLDATALOAD
0x14dd	BALANCE
0x14df	ADDRESS
0x14e0	CALLDATASIZE
0x14e1	ADDRESS
0x14e2	ORIGIN
0x14e3	ADDRESS
0x14e4	ADDRESS
0x14e5	BALANCE
0x14e7	ADDRESS
0x14e8	CALLDATASIZE
0x14e9	ADDRESS
0x14ea	ORIGIN
0x14eb	ADDRESS
0x14ec	ADDRESS
0x14ed	ORIGIN
0x14ee	CODESIZE
0x14ef	ADDRESS
0x14f0	CODESIZE
0x14f1	CALLER
0x14f2	CODESIZE
0x14f3	CALLER
0x14f4	CALLDATASIZE
0x14f5	ADDRESS
0x14f6	ADDRESS
0x14f7	ADDRESS
0x14f8	CALLDATALOAD
0x14f9	CONST
0x14fd	BALANCE
0x14fe	BALANCE
0x14ff	ADDRESS
0x1500	BALANCE
0x1501	CALLDATALOAD
0x1502	CALLDATASIZE
0x1503	BALANCE
0x1504	ADDRESS
0x1505	CONST
0x1508	CALLDATALOAD
0x150a	CODESIZE
0x150b	ADDRESS
0x150c	CODESIZE
0x150d	ORIGIN
0x150e	ADDRESS
0x150f	BALANCE
0x1510	CALLDATALOAD
0x1511	BALANCE
0x1512	CODESIZE
0x1513	CALLER
0x1514	CODESIZE
0x1515	ORIGIN
0x1516	ADDRESS
0x1517	BALANCE
0x1518	CALLDATALOAD
0x1519	ORIGIN
0x151a	CALLDATASIZE
0x151b	ADDRESS
0x151c	ORIGIN
0x151d	ADDRESS
0x151e	ADDRESS
0x151f	BALANCE
0x1520	CALLDATASIZE
0x1521	BALANCE
0x1522	ADDRESS
0x1523	CONST
0x1526	CALLDATALOAD
0x1527	CALLDATASIZE
0x1528	CALLDATALOAD
0x1529	CONST
0x152d	ADDRESS
0x152e	CALLDATALOAD
0x152f	ADDRESS
0x1530	CALLDATALOAD
0x1531	ADDRESS
0x1533	ADDRESS
0x1534	CALLDATALOAD
0x1535	ADDRESS
0x1536	ADDRESS
0x1537	BALANCE
0x1538	CODESIZE
0x1539	CALLVALUE
0x153a	CODESIZE
0x153b	BALANCE
0x153c	ADDRESS
0x153d	CALLER
0x153e	CODESIZE
0x153f	ORIGIN
0x1540	CALLDATALOAD
0x1541	ORIGIN
0x1542	CODESIZE
0x1543	CALLDATASIZE
0x1544	CODESIZE
0x1545	BALANCE
0x1546	CODESIZE
0x1547	BALANCE
0x1548	CALLDATALOAD
0x1549	BALANCE
0x154a	CODESIZE
0x154b	BALANCE
0x154c	CALLDATALOAD
0x154d	ORIGIN
0x154e	CALLDATASIZE
0x154f	ADDRESS
0x1550	ORIGIN
0x1551	ADDRESS
0x1552	ADDRESS
0x1553	BALANCE
0x1555	BALANCE
0x1556	CALLDATALOAD
0x1557	ADDRESS
0x1558	CODESIZE
0x1559	ADDRESS
0x155a	CALLDATALOAD
0x155b	BALANCE
0x155d	ADDRESS
0x155e	CALLDATASIZE
0x155f	ADDRESS
0x1560	ORIGIN
0x1561	ADDRESS
0x1562	ADDRESS
0x1563	BALANCE
0x1565	ADDRESS
0x1566	CALLDATASIZE
0x1567	ADDRESS
0x1568	ORIGIN
0x1569	ADDRESS
0x156a	ADDRESS
0x156b	ORIGIN
0x156c	CODESIZE
0x156d	ADDRESS
0x156e	CODESIZE
0x156f	CALLER
0x1570	CODESIZE
0x1571	CALLER
0x1572	CALLDATASIZE
0x1573	ADDRESS
0x1574	ADDRESS
0x1575	ADDRESS
0x1576	CALLDATALOAD
0x1577	CONST
0x157b	BALANCE
0x157c	BALANCE
0x157d	ADDRESS
0x157e	BALANCE
0x157f	CALLDATALOAD
0x1580	CALLDATASIZE
0x1581	BALANCE
0x1582	ADDRESS
0x1583	CONST
0x1586	CALLDATALOAD
0x1588	CODESIZE
0x1589	ADDRESS
0x158a	CODESIZE
0x158b	ORIGIN
0x158c	ADDRESS
0x158d	BALANCE
0x158e	CALLDATALOAD
0x158f	BALANCE
0x1590	CODESIZE
0x1591	CALLER
0x1592	CODESIZE
0x1593	ORIGIN
0x1594	ADDRESS
0x1595	BALANCE
0x1596	CALLDATALOAD
0x1597	ORIGIN
0x1598	CALLDATASIZE
0x1599	ADDRESS
0x159a	ORIGIN
0x159b	ADDRESS
0x159c	ADDRESS
0x159d	BALANCE
0x159e	CALLDATASIZE
0x159f	BALANCE
0x15a0	ADDRESS
0x15a1	CONST
0x15a4	CALLDATALOAD
0x15a5	CALLDATASIZE
0x15a6	CALLDATALOAD
0x15a7	CONST
0x15ab	ADDRESS
0x15ac	CALLDATALOAD
0x15ad	ADDRESS
0x15ae	CALLDATALOAD
0x15af	ADDRESS
0x15b1	ADDRESS
0x15b2	CALLDATALOAD
0x15b3	ADDRESS
0x15b4	ADDRESS
0x15b5	BALANCE
0x15b7	CODESIZE
0x15b8	CALLDATALOAD
0x15b9	ADDRESS
0x15ba	CALLDATALOAD
0x15bb	ADDRESS
0x15bc	CALLDATALOAD
0x15bd	ADDRESS
0x15be	CALLDATALOAD
0x15bf	ADDRESS
0x15c0	CALLDATALOAD
0x15c1	ADDRESS
0x15c2	CALLDATALOAD
0x15c3	ADDRESS
0x15c4	CALLDATALOAD
0x15c5	ADDRESS
0x15c6	CALLDATALOAD
0x15c7	ADDRESS
0x15c8	CALLDATALOAD
0x15c9	ADDRESS
0x15ca	CALLDATASIZE
0x15cb	ADDRESS
0x15cc	CALLVALUE
0x15cd	ADDRESS
0x15ce	CALLDATALOAD
0x15cf	BALANCE
0x15d0	CODESIZE
0x15d1	ADDRESS
0x15d3	BALANCE
0x15d4	ADDRESS
0x15d5	CALLER
0x15d7	ADDRESS
0x15d8	CONST
0x15db	ADDRESS
0x15dc	CALLDATALOAD
0x15dd	ADDRESS
0x15de	CALLDATALOAD
0x15df	ADDRESS
0x15e0	CALLDATALOAD
0x15e1	ADDRESS
0x15e2	CALLDATALOAD
0x15e3	ADDRESS
0x15e4	CALLDATALOAD
0x15e5	ADDRESS
0x15e6	CALLDATALOAD
0x15e7	ADDRESS
0x15e8	CALLDATALOAD
0x15e9	ADDRESS
0x15ea	CALLDATALOAD
0x15eb	CALLDATASIZE
0x15ec	CALLDATALOAD
0x15ed	CONST
0x15f1	ORIGIN
0x15f2	CALLDATALOAD
0x15f3	CALLVALUE
0x15f4	CALLDATASIZE
0x15f5	ADDRESS
0x15f6	ADDRESS
0x15f7	ADDRESS
0x15f9	ADDRESS
0x15fa	CALLDATASIZE
0x15fb	BALANCE
0x15fc	ADDRESS
0x15fd	CONST
0x1601	ADDRESS
0x1602	CALLDATASIZE
0x1603	ADDRESS
0x1604	ADDRESS
0x1605	BALANCE
0x1606	CALLDATASIZE
0x1607	ADDRESS
0x1608	CONST
0x160b	ADDRESS
0x160c	ADDRESS
0x160d	ORIGIN
0x160e	ADDRESS
0x160f	CONST
0x1612	BALANCE
0x1613	CALLDATASIZE
0x1614	CALLDATASIZE
0x1615	CALLER
0x1617	ADDRESS
0x1618	CONST
0x161b	ORIGIN
0x161c	CALLER
0x161d	BALANCE
0x161e	CALLER
0x161f	ADDRESS
0x1620	CALLDATASIZE
0x1621	ADDRESS
0x1622	CALLVALUE
0x1623	ADDRESS
0x1624	CALLDATALOAD
0x1625	BALANCE
0x1626	CALLDATASIZE
0x1627	ADDRESS
0x1628	CONST
0x162f	CONST
0x1632	CONST
0x163a	CODESIZE
0x163b	CALLVALUE
0x163c	BALANCE
0x163d	CALLDATASIZE
0x163e	ADDRESS
0x163f	ORIGIN
0x1640	CODESIZE
0x1641	BALANCE
0x1642	CALLDATALOAD
0x1643	ORIGIN
0x1644	CALLDATASIZE
0x1645	ADDRESS
0x1646	ADDRESS
0x1647	BALANCE
0x1648	CALLDATASIZE
0x1649	ADDRESS
0x164a	CONST
0x164d	ADDRESS
0x164e	ADDRESS
0x164f	ORIGIN
0x1650	ADDRESS
0x1651	CONST
0x1655	ADDRESS
0x1657	BALANCE
0x1658	BALANCE
0x1659	CALLDATASIZE
0x165a	CALLDATASIZE
0x165b	ADDRESS
0x165c	ADDRESS
0x165d	CALLVALUE
0x165e	CODESIZE
0x165f	ORIGIN
0x1660	ADDRESS
0x1661	BALANCE
0x1662	CALLDATALOAD
0x1663	ORIGIN
0x1664	CALLDATASIZE
0x1665	ADDRESS
0x1666	ORIGIN
0x1667	CALLVALUE
0x1668	ADDRESS
0x1669	BALANCE
0x166a	CALLDATASIZE
0x166b	ADDRESS
0x166c	ORIGIN
0x166d	ADDRESS
0x166e	CALLDATASIZE
0x166f	ADDRESS
0x1670	CALLVALUE
0x1671	ADDRESS
0x1672	CALLDATALOAD
0x1673	BALANCE
0x1674	CODESIZE
0x1675	ADDRESS
0x1676	CODESIZE
0x1677	CALLER
0x1678	ADDRESS
0x1679	CALLER
0x167a	CODESIZE
0x167b	BALANCE
0x167c	CALLDATASIZE
0x167d	ADDRESS
0x167e	ADDRESS
0x167f	ADDRESS
0x1680	CODESIZE
0x1682	CODESIZE
0x1683	ADDRESS
0x1684	CALLER
0x1685	CONST
0x1689	CALLDATALOAD
0x168a	CALLDATASIZE
0x168b	BALANCE
0x168c	ADDRESS
0x168d	CONST
0x1692	CALLDATASIZE
0x1693	ADDRESS
0x1694	ADDRESS
0x1695	ADDRESS
0x1696	CODESIZE
0x1697	ADDRESS
0x1698	CONST
0x16a0	BALANCE
0x16a1	CALLDATALOAD
0x16a2	BALANCE
0x16a3	CALLDATALOAD
0x16a4	CALLDATASIZE
0x16a5	BALANCE
0x16a6	ADDRESS
0x16a7	CONST
0x16ac	CALLDATASIZE
0x16ad	ADDRESS
0x16ae	ADDRESS
0x16af	ADDRESS
0x16b0	CODESIZE
0x16b1	ADDRESS
0x16b2	CONST
0x16ba	CALLDATALOAD
0x16bb	ADDRESS
0x16bc	CALLDATASIZE
0x16bd	ADDRESS
0x16be	CALLVALUE
0x16bf	ADDRESS
0x16c0	CALLDATALOAD
0x16c1	BALANCE
0x16c2	CODESIZE
0x16c3	ADDRESS
0x16c4	CALLDATALOAD
0x16c5	BALANCE
0x16c7	ADDRESS
0x16c8	CALLDATALOAD
0x16c9	ADDRESS
0x16ca	CALLDATASIZE
0x16cb	ORIGIN
0x16cc	ADDRESS
0x16cd	BALANCE
0x16ce	CODESIZE
0x16cf	CALLDATASIZE
0x16d0	CONST
0x16d3	BALANCE
0x16d4	ADDRESS
0x16d5	CONST
0x16d9	ADDRESS
0x16da	ADDRESS
0x16db	CODESIZE
0x16dc	CALLDATALOAD
0x16dd	CALLVALUE
0x16de	CALLDATASIZE
0x16df	ADDRESS
0x16e0	ADDRESS
0x16e2	CALLDATALOAD
0x16e3	CALLVALUE
0x16e4	CALLDATASIZE
0x16e5	BALANCE
0x16e6	BALANCE
0x16e7	CONST
0x16ef	BALANCE
0x16f0	BALANCE
0x16f1	CALLDATALOAD
0x16f2	BALANCE
0x16f3	CALLDATALOAD
0x16f4	CALLDATASIZE
0x16f5	BALANCE
0x16f6	ADDRESS
0x16f7	CONST
0x16fc	CONST
0x1704	BALANCE
0x1705	CONST
0x170d	ADDRESS
0x170e	CALLDATALOAD
0x170f	ADDRESS
0x1711	ADDRESS
0x1712	CALLDATALOAD
0x1713	CALLDATASIZE
0x1714	CALLDATALOAD
0x1715	CONST
0x1719	ADDRESS
0x171a	CALLDATALOAD
0x171b	CALLVALUE
0x171c	CALLER
0x171d	CALLER
0x171e	CALLDATASIZE
0x171f	ADDRESS
0x1720	ADDRESS
0x1721	BALANCE
0x1722	CALLDATASIZE
0x1723	ADDRESS
0x1724	CONST
0x1727	ADDRESS
0x1728	ADDRESS
0x1729	ORIGIN
0x172a	ADDRESS
0x172b	CONST
0x172f	ADDRESS
0x1730	CODESIZE
0x1731	BALANCE
0x1732	BALANCE
0x1733	CALLDATASIZE
0x1735	BALANCE
0x1736	BALANCE
0x1737	CALLDATASIZE
0x1738	BALANCE
0x1739	CALLVALUE
0x173a	CALLDATASIZE
0x173b	BALANCE
0x173c	ADDRESS
0x173d	CONST
0x1742	CALLDATASIZE
0x1743	ADDRESS
0x1744	ADDRESS
0x1745	ADDRESS
0x1746	CODESIZE
0x1747	ADDRESS
0x1748	CONST
0x1750	CALLDATASIZE
0x1751	ADDRESS
0x1752	CONST
0x1755	ADDRESS
0x1756	ADDRESS
0x1757	ORIGIN
0x1758	ADDRESS
0x1759	CONST
0x175c	BALANCE
0x175d	CALLDATASIZE
0x175e	CALLDATASIZE
0x175f	ADDRESS
0x1760	ADDRESS
0x1761	ADDRESS
0x1763	ADDRESS
0x1764	CODESIZE
0x1765	BALANCE
0x1766	CALLDATALOAD
0x1767	ORIGIN
0x1768	CALLDATASIZE
0x1769	ADDRESS
0x176a	ADDRESS
0x176b	CALLVALUE
0x176c	CALLDATASIZE
0x176d	ADDRESS
0x176e	ORIGIN
0x176f	ADDRESS
0x1770	CALLDATALOAD
0x1771	ORIGIN
0x1772	CALLDATASIZE
0x1773	ADDRESS
0x1774	CALLVALUE
0x1775	ADDRESS
0x1777	ADDRESS
0x1778	ORIGIN
0x1779	ADDRESS
0x177a	CODESIZE
0x177b	ADDRESS
0x177c	CALLDATALOAD
0x177d	CALLVALUE
0x177e	CALLDATASIZE
0x177f	ADDRESS
0x1780	CONST
0x1788	CALLDATALOAD
0x1789	CALLDATALOAD
0x178a	CALLDATALOAD
0x178b	CALLDATASIZE
0x178c	CALLDATALOAD
0x178d	CONST
0x1791	ADDRESS
0x1792	CODESIZE
0x1793	ADDRESS
0x1794	CALLDATALOAD
0x1795	CALLVALUE
0x1796	CALLER
0x1797	CALLER
0x1798	CALLDATASIZE
0x1799	ADDRESS
0x179a	ADDRESS
0x179b	BALANCE
0x179c	CALLDATASIZE
0x179d	ADDRESS
0x179e	CONST
0x17a1	ADDRESS
0x17a2	ADDRESS
0x17a3	ORIGIN
0x17a4	ADDRESS
0x17a5	CONST
0x17a9	ADDRESS
0x17aa	CODESIZE
0x17ab	BALANCE
0x17ac	BALANCE
0x17ad	CALLDATASIZE
0x17af	BALANCE
0x17b0	BALANCE
0x17b1	CALLDATASIZE
0x17b2	BALANCE
0x17b3	CALLVALUE
0x17b4	CALLDATASIZE
0x17b5	BALANCE
0x17b6	ADDRESS
0x17b7	CONST
0x17bc	CALLDATASIZE
0x17bd	ADDRESS
0x17be	ADDRESS
0x17bf	ADDRESS
0x17c0	CODESIZE
0x17c1	ADDRESS
0x17c2	CONST
0x17ca	ADDRESS
0x17cb	ADDRESS
0x17cc	CALLDATALOAD
0x17cd	CONST
0x17d1	CALLDATALOAD
0x17d2	CODESIZE
0x17d3	BALANCE
0x17d4	CALLDATASIZE
0x17d5	ADDRESS
0x17d6	CONST
0x17de	CALLDATASIZE
0x17df	BALANCE
0x17e0	ADDRESS
0x17e1	CONST
0x17e6	CODESIZE
0x17e7	BALANCE
0x17e8	CALLDATASIZE
0x17e9	ADDRESS
0x17ea	CONST
0x17f2	ADDRESS
0x17f3	CALLDATALOAD
0x17f4	CODESIZE
0x17f5	BALANCE
0x17f6	BALANCE
0x17f7	ADDRESS
0x17f8	CALLDATASIZE
0x17f9	BALANCE
0x17fa	ADDRESS
0x17fb	CONST
0x1800	CONST
0x1808	ADDRESS
0x1809	ORIGIN
0x180a	ADDRESS
0x180b	BALANCE
0x180c	CALLDATALOAD
0x180d	BALANCE
0x180e	CALLDATASIZE
0x180f	ADDRESS
0x1810	ADDRESS
0x1811	CALLDATASIZE
0x1812	CALLDATASIZE
0x1813	ADDRESS
0x1814	ADDRESS
0x1815	ADDRESS
0x1816	CODESIZE
0x1817	CALLDATALOAD
0x1818	CALLDATASIZE
0x1819	ADDRESS
0x181a	CONST
0x1822	ADDRESS
0x1823	CALLDATALOAD
0x1824	CODESIZE
0x1825	BALANCE
0x1826	BALANCE
0x1827	ADDRESS
0x1828	CALLDATASIZE
0x1829	BALANCE
0x182a	ADDRESS
0x182b	CONST
0x1830	CONST
0x1838	ADDRESS
0x1839	ORIGIN
0x183a	ADDRESS
0x183b	BALANCE
0x183c	CALLDATALOAD
0x183d	BALANCE
0x183f	CONST
0x1843	CONST
0x184b	CONST
0x1853	CONST
0x185b	CONST
0x1863	CONST
0x186b	CONST
0x1873	CONST
0x187b	CALLDATASIZE
0x187c	CODESIZE
0x187d	BALANCE
0x187e	CALLDATALOAD
0x187f	ORIGIN
0x1880	CALLDATASIZE
0x1881	ADDRESS
0x1882	ORIGIN
0x1883	ADDRESS
0x1884	CODESIZE
0x1885	BALANCE
0x1886	ADDRESS
0x1887	BALANCE
0x1889	BALANCE
0x188b	ADDRESS
0x188d	BALANCE
0x188e	CALLDATALOAD
0x188f	ORIGIN
0x1890	CALLDATASIZE
0x1891	ADDRESS
0x1892	CALLVALUE
0x1893	ADDRESS
0x1894	ADDRESS
0x1895	BALANCE
0x1896	CALLDATASIZE
0x1897	ADDRESS
0x1898	ADDRESS
0x1899	ADDRESS
0x189a	ORIGIN
0x189b	ADDRESS
0x189c	CALLDATALOAD
0x189d	CALLDATALOAD
0x189e	CALLDATASIZE
0x189f	ADDRESS
0x18a0	ADDRESS
0x18a1	BALANCE
0x18a2	ADDRESS
0x18a3	BALANCE
0x18a4	CALLDATASIZE
0x18a5	BALANCE
0x18a6	ADDRESS
0x18a7	CONST
0x18ab	CALLDATASIZE
0x18ac	CALLDATALOAD
0x18ad	CONST
0x18b1	ADDRESS
0x18b2	CALLDATALOAD
0x18b3	ADDRESS
0x18b4	CALLDATALOAD
0x18b5	CALLDATASIZE
0x18b6	CALLDATALOAD
0x18b7	CONST
0x18bb	ADDRESS
0x18bc	CALLDATASIZE
0x18bd	ADDRESS
0x18be	ORIGIN
0x18bf	ADDRESS
0x18c0	CALLDATALOAD
0x18c1	ORIGIN
0x18c2	CALLDATASIZE
0x18c3	ADDRESS
0x18c4	ADDRESS
0x18c5	ADDRESS
0x18c7	ADDRESS
0x18c8	CODESIZE
0x18c9	BALANCE
0x18ca	CALLDATALOAD
0x18cb	ORIGIN
0x18cc	CALLDATASIZE
0x18cd	ADDRESS
0x18ce	CALLVALUE
0x18cf	ADDRESS
0x18d1	ADDRESS
0x18d2	ORIGIN
0x18d3	ADDRESS
0x18d4	CALLDATALOAD
0x18d5	CALLVALUE
0x18d6	CALLDATASIZE
0x18d7	ADDRESS
0x18d8	ADDRESS
0x18d9	BALANCE
0x18da	CALLDATASIZE
0x18db	ADDRESS
0x18dc	CODESIZE
0x18dd	ADDRESS
0x18de	CALLDATASIZE
0x18df	ADDRESS
0x18e0	ADDRESS
0x18e1	ORIGIN
0x18e2	ADDRESS
0x18e3	CONST
0x18e6	CODESIZE
0x18e7	BALANCE
0x18e8	BALANCE
0x18e9	CALLDATASIZE
0x18eb	ADDRESS
0x18ec	CALLDATASIZE
0x18ed	ADDRESS
0x18ee	CODESIZE
0x18ef	ADDRESS
0x18f0	CALLDATASIZE
0x18f1	ADDRESS
0x18f2	ADDRESS
0x18f3	ORIGIN
0x18f4	ADDRESS
0x18f5	CONST
0x18f8	ADDRESS
0x18f9	CALLVALUE
0x18fa	CALLDATASIZE
0x18fb	ADDRESS
0x18fc	ADDRESS
0x18fd	CONST
0x1905	CONST
0x1909	ADDRESS
0x190a	CALLDATALOAD
0x190b	CALLVALUE
0x190c	CALLER
0x190d	CALLER
0x190e	CALLDATASIZE
0x190f	ADDRESS
0x1910	ADDRESS
0x1911	BALANCE
0x1912	CALLDATASIZE
0x1913	ADDRESS
0x1914	CONST
0x1917	ADDRESS
0x1918	ADDRESS
0x1919	ORIGIN
0x191a	ADDRESS
0x191b	CONST
0x191f	ADDRESS
0x1920	CODESIZE
0x1921	BALANCE
0x1922	BALANCE
0x1923	CALLDATASIZE
0x1925	BALANCE
0x1926	BALANCE
0x1927	CALLDATASIZE
0x1928	BALANCE
0x1929	CALLVALUE
0x192a	CALLDATASIZE
0x192b	BALANCE
0x192c	ADDRESS
0x192d	CONST
0x1932	CALLDATASIZE
0x1933	ADDRESS
0x1934	ADDRESS
0x1935	ADDRESS
0x1936	CODESIZE
0x1937	ADDRESS
0x1938	CONST
0x1940	CALLDATASIZE
0x1941	ADDRESS
0x1942	CONST
0x1945	ADDRESS
0x1946	ADDRESS
0x1947	ORIGIN
0x1948	ADDRESS
0x1949	CONST
0x194c	BALANCE
0x194d	CALLDATASIZE
0x194e	CALLDATASIZE
0x194f	ADDRESS
0x1950	ADDRESS
0x1951	ADDRESS
0x1953	ADDRESS
0x1954	CODESIZE
0x1955	BALANCE
0x1956	CALLDATALOAD
0x1957	ORIGIN
0x1958	CALLDATASIZE
0x1959	ADDRESS
0x195a	ADDRESS
0x195b	CALLER
0x195c	CALLDATASIZE
0x195d	ADDRESS
0x195e	ORIGIN
0x195f	ADDRESS
0x1960	CALLDATALOAD
0x1961	ORIGIN
0x1962	CALLDATASIZE
0x1963	ADDRESS
0x1964	CALLVALUE
0x1965	ADDRESS
0x1967	ADDRESS
0x1968	ORIGIN
0x1969	ADDRESS
0x196a	CODESIZE
0x196b	ADDRESS
0x196c	CALLDATALOAD
0x196d	CALLVALUE
0x196e	CALLDATASIZE
0x196f	ADDRESS
0x1970	CONST
0x1978	CALLDATALOAD
0x1979	CALLDATALOAD
0x197a	CALLDATALOAD
0x197b	CALLDATASIZE
0x197c	CALLDATALOAD
0x197d	CONST
0x1981	ADDRESS
0x1982	CODESIZE
0x1983	ADDRESS
0x1984	CALLDATASIZE
0x1985	ADDRESS
0x1986	ADDRESS
0x1987	BALANCE
0x1988	CALLDATALOAD
0x1989	CALLVALUE
0x198a	BALANCE
0x198b	BALANCE
0x198c	BALANCE
0x198d	CALLDATALOAD
0x198e	CALLDATASIZE
0x198f	BALANCE
0x1990	ADDRESS
0x1991	CONST
0x1996	CALLDATASIZE
0x1997	ORIGIN
0x1998	ORIGIN
0x199a	CODESIZE
0x199b	CONST
0x19a1	BALANCE
0x19a2	CALLDATASIZE
0x19a3	ADDRESS
0x19a4	ADDRESS
0x19a5	BALANCE
0x19a6	CALLDATALOAD
0x19a7	CALLDATALOAD
0x19a8	CALLDATALOAD
0x19a9	CONST
0x19ad	CONST
0x19b3	BALANCE
0x19b4	BALANCE
0x19b5	CALLDATALOAD
0x19b6	CALLDATASIZE
0x19b7	BALANCE
0x19b8	ADDRESS
0x19b9	CONST
0x19be	CALLDATASIZE
0x19bf	ADDRESS
0x19c0	ADDRESS
0x19c1	ADDRESS
0x19c2	CODESIZE
0x19c3	ADDRESS
0x19c4	CONST
0x19cc	CALLDATASIZE
0x19cd	ADDRESS
0x19ce	CONST
0x19d1	ADDRESS
0x19d2	ADDRESS
0x19d3	ORIGIN
0x19d4	ADDRESS
0x19d5	CONST
0x19d8	CALLER
0x19d9	CALLER
0x19da	BALANCE
0x19db	CALLDATASIZE
0x19dc	CALLDATASIZE
0x19dd	ADDRESS
0x19de	ADDRESS
0x19df	ADDRESS
0x19e1	ADDRESS
0x19e2	CODESIZE
0x19e3	BALANCE
0x19e4	CALLDATALOAD
0x19e5	ORIGIN
0x19e6	CALLDATASIZE
0x19e7	ADDRESS
0x19e8	ADDRESS
0x19e9	CONST
0x19ec	ORIGIN
0x19ed	ADDRESS
0x19ee	CALLDATALOAD
0x19ef	ORIGIN
0x19f0	CALLDATASIZE
0x19f1	ADDRESS
0x19f2	CALLVALUE
0x19f3	ADDRESS
0x19f4	CODESIZE
0x19f5	BALANCE
0x19f6	ORIGIN
0x19f7	ADDRESS
0x19f8	CALLDATALOAD
0x19f9	CALLVALUE
0x19fa	BALANCE
0x19fb	BALANCE
0x19fc	CODESIZE
0x19fd	ADDRESS
0x19fe	BALANCE
0x19ff	CALLDATALOAD
0x1a00	CALLDATASIZE
0x1a01	BALANCE
0x1a02	ADDRESS
0x1a03	CONST
0x1a09	ADDRESS
0x1a0a	CALLDATASIZE
0x1a0b	ADDRESS
0x1a0c	ADDRESS
0x1a0d	BALANCE
0x1a0e	CALLDATASIZE
0x1a0f	ADDRESS
0x1a10	CONST
0x1a13	ADDRESS
0x1a14	ADDRESS
0x1a15	ORIGIN
0x1a16	ADDRESS
0x1a17	CONST
0x1a1a	CALLER
0x1a1b	CALLER
0x1a1c	BALANCE
0x1a1d	CALLDATASIZE
0x1a1e	CALLDATASIZE
0x1a1f	ADDRESS
0x1a20	ADDRESS
0x1a21	ADDRESS
0x1a23	ADDRESS
0x1a24	CODESIZE
0x1a25	BALANCE
0x1a26	CALLDATALOAD
0x1a27	ORIGIN
0x1a28	CALLDATASIZE
0x1a29	ADDRESS
0x1a2a	ADDRESS
0x1a2b	CONST
0x1a2e	ORIGIN
0x1a2f	ADDRESS
0x1a30	CALLDATALOAD
0x1a31	ORIGIN
0x1a32	CALLDATASIZE
0x1a33	ADDRESS
0x1a34	CALLVALUE
0x1a35	ADDRESS
0x1a37	ADDRESS
0x1a38	ORIGIN
0x1a39	ADDRESS
0x1a3a	CALLDATALOAD
0x1a3b	CALLVALUE
0x1a3c	CALLVALUE
0x1a3d	ORIGIN
0x1a3e	BALANCE
0x1a3f	BALANCE
0x1a40	CALLDATALOAD
0x1a41	CONST
0x1a45	CALLDATALOAD
0x1a46	CALLDATASIZE
0x1a47	BALANCE
0x1a48	ADDRESS
0x1a49	CONST
0x1a4f	ADDRESS
0x1a50	ADDRESS
0x1a51	ADDRESS
0x1a52	CODESIZE
0x1a53	ADDRESS
0x1a54	CONST
0x1a5c	CALLDATASIZE
0x1a5d	ADDRESS
0x1a5e	CONST
0x1a61	ADDRESS
0x1a62	ADDRESS
0x1a63	ORIGIN
0x1a64	ADDRESS
0x1a65	CONST
0x1a68	CALLER
0x1a69	CALLER
0x1a6a	BALANCE
0x1a6b	CALLDATASIZE
0x1a6c	CALLDATASIZE
0x1a6d	ADDRESS
0x1a6e	ADDRESS
0x1a6f	ADDRESS
0x1a71	ADDRESS
0x1a72	CODESIZE
0x1a73	BALANCE
0x1a74	CALLDATALOAD
0x1a75	ORIGIN
0x1a76	CALLDATASIZE
0x1a77	ADDRESS
0x1a78	ADDRESS
0x1a79	CONST
0x1a7c	ORIGIN
0x1a7d	ADDRESS
0x1a7e	CALLDATALOAD
0x1a7f	ORIGIN
0x1a80	CALLDATASIZE
0x1a81	ADDRESS
0x1a82	CALLVALUE
0x1a83	ADDRESS
0x1a84	CODESIZE
0x1a85	BALANCE
0x1a86	ORIGIN
0x1a87	ADDRESS
0x1a88	CALLDATALOAD
0x1a89	CALLDATALOAD
0x1a8a	CALLDATASIZE
0x1a8b	BALANCE
0x1a8c	ADDRESS
0x1a8d	CONST
0x1a93	ORIGIN
0x1a94	ADDRESS
0x1a95	BALANCE
0x1a96	CODESIZE
0x1a97	CALLDATASIZE
0x1a98	CONST
0x1a9b	BALANCE
0x1a9c	BALANCE
0x1a9d	CONST
0x1aa5	ADDRESS
0x1aa6	ADDRESS
0x1aa7	BALANCE
0x1aa8	CALLDATASIZE
0x1aa9	ADDRESS
0x1aaa	CONST
0x1aad	ADDRESS
0x1aae	ADDRESS
0x1aaf	ORIGIN
0x1ab0	ADDRESS
0x1ab1	CONST
0x1ab4	CALLER
0x1ab5	CALLER
0x1ab6	BALANCE
0x1ab7	CALLDATASIZE
0x1ab8	CALLDATASIZE
0x1ab9	ADDRESS
0x1aba	ADDRESS
0x1abb	ADDRESS
0x1abd	ADDRESS
0x1abe	CODESIZE
0x1abf	BALANCE
0x1ac0	CALLDATALOAD
0x1ac1	ORIGIN
0x1ac2	CALLDATASIZE
0x1ac3	ADDRESS
0x1ac4	ADDRESS
0x1ac6	CALLDATASIZE
0x1ac7	ADDRESS
0x1ac8	ORIGIN
0x1ac9	ADDRESS
0x1aca	CALLDATALOAD
0x1acb	ORIGIN
0x1acc	CALLDATASIZE
0x1acd	ADDRESS
0x1ace	CALLVALUE
0x1acf	ADDRESS
0x1ad1	ADDRESS
0x1ad2	ORIGIN
0x1ad3	ADDRESS
0x1ad4	CALLDATALOAD
0x1ad5	CALLVALUE
0x1ad7	ADDRESS
0x1ad9	BALANCE
0x1ada	CALLDATALOAD
0x1adb	ADDRESS
0x1adc	CALLDATASIZE
0x1add	BALANCE
0x1ade	ADDRESS
0x1adf	CONST
0x1ae5	ORIGIN
0x1ae6	CALLDATASIZE
0x1ae7	BALANCE
0x1ae8	BALANCE
0x1ae9	CONST
0x1af1	ADDRESS
0x1af2	ADDRESS
0x1af3	BALANCE
0x1af4	CALLDATASIZE
0x1af5	ADDRESS
0x1af6	CONST
0x1af9	ADDRESS
0x1afa	ADDRESS
0x1afb	ORIGIN
0x1afc	ADDRESS
0x1afd	CONST
0x1b00	CALLER
0x1b01	CALLER
0x1b02	BALANCE
0x1b03	CALLDATASIZE
0x1b04	CALLDATASIZE
0x1b05	ADDRESS
0x1b06	ADDRESS
0x1b07	ADDRESS
0x1b09	ADDRESS
0x1b0a	CODESIZE
0x1b0b	BALANCE
0x1b0c	CALLDATALOAD
0x1b0d	ORIGIN
0x1b0e	CALLDATASIZE
0x1b0f	ADDRESS
0x1b10	ADDRESS
0x1b12	CALLDATASIZE
0x1b13	ADDRESS
0x1b14	ORIGIN
0x1b15	ADDRESS
0x1b16	CALLDATALOAD
0x1b17	ORIGIN
0x1b18	CALLDATASIZE
0x1b19	ADDRESS
0x1b1a	CALLVALUE
0x1b1b	ADDRESS
0x1b1d	ADDRESS
0x1b1e	ORIGIN
0x1b1f	ADDRESS
0x1b20	CALLDATALOAD
0x1b21	CALLDATALOAD
0x1b22	CALLDATASIZE
0x1b23	ADDRESS
0x1b24	ADDRESS
0x1b25	CODESIZE
0x1b26	CALLDATALOAD
0x1b27	CALLVALUE
0x1b28	CALLDATASIZE
0x1b29	BALANCE
0x1b2a	ADDRESS
0x1b2b	CONST
0x1b31	ORIGIN
0x1b32	CALLDATASIZE
0x1b33	BALANCE
0x1b34	BALANCE
0x1b35	CONST
0x1b3d	ADDRESS
0x1b3e	ADDRESS
0x1b3f	CODESIZE
0x1b40	CALLDATALOAD
0x1b41	CALLDATALOAD
0x1b42	CALLDATASIZE
0x1b43	ADDRESS
0x1b44	ADDRESS
0x1b45	ORIGIN
0x1b46	CALLDATALOAD
0x1b47	CALLVALUE
0x1b48	CALLDATASIZE
0x1b49	ADDRESS
0x1b4a	ADDRESS
0x1b4b	BALANCE
0x1b4c	CALLDATASIZE
0x1b4d	ADDRESS
0x1b4e	CONST
0x1b51	ADDRESS
0x1b52	ADDRESS
0x1b53	ORIGIN
0x1b54	ADDRESS
0x1b55	CONST
0x1b58	BALANCE
0x1b59	CALLDATASIZE
0x1b5a	CALLDATASIZE
0x1b5b	CALLER
0x1b5c	CONST
0x1b5f	CALLDATALOAD
0x1b61	CONST
0x1b66	CODESIZE
0x1b67	CALLVALUE
0x1b68	CALLDATASIZE
0x1b69	ADDRESS
0x1b6a	CALLVALUE
0x1b6b	ADDRESS
0x1b6c	CALLDATALOAD
0x1b6d	BALANCE
0x1b6e	CALLDATASIZE
0x1b6f	ADDRESS
0x1b70	CONST
0x1b77	CONST
0x1b7a	CONST
0x1b82	CODESIZE
0x1b83	CALLDATALOAD
0x1b84	BALANCE
0x1b85	CALLDATASIZE
0x1b86	ADDRESS
0x1b87	ORIGIN
0x1b88	CODESIZE
0x1b89	BALANCE
0x1b8a	CALLDATALOAD
0x1b8b	ORIGIN
0x1b8c	CALLDATASIZE
0x1b8d	ADDRESS
0x1b8e	ADDRESS
0x1b8f	BALANCE
0x1b90	CALLDATASIZE
0x1b91	ADDRESS
0x1b92	CONST
0x1b95	ADDRESS
0x1b96	ADDRESS
0x1b97	ORIGIN
0x1b98	ADDRESS
0x1b99	CONST
0x1b9d	ADDRESS
0x1b9f	ORIGIN
0x1ba0	BALANCE
0x1ba1	CALLDATASIZE
0x1ba2	CALLDATASIZE
0x1ba3	ADDRESS
0x1ba4	ADDRESS
0x1ba5	CALLVALUE
0x1ba6	CODESIZE
0x1ba7	CALLER
0x1ba8	ADDRESS
0x1ba9	BALANCE
0x1baa	CALLDATALOAD
0x1bab	ORIGIN
0x1bac	CALLDATASIZE
0x1bad	ADDRESS
0x1bae	ORIGIN
0x1baf	CALLVALUE
0x1bb0	CODESIZE
0x1bb1	ORIGIN
0x1bb2	ADDRESS
0x1bb3	BALANCE
0x1bb4	CALLDATALOAD
0x1bb5	ORIGIN
0x1bb6	CALLDATASIZE
0x1bb7	ADDRESS
0x1bb8	CALLVALUE
0x1bb9	CALLVALUE
0x1bba	ADDRESS
0x1bbb	BALANCE
0x1bbc	CALLDATASIZE
0x1bbd	ADDRESS
0x1bbe	ORIGIN
0x1bbf	ADDRESS
0x1bc0	CALLDATASIZE
0x1bc1	ADDRESS
0x1bc2	CALLVALUE
0x1bc3	ADDRESS
0x1bc4	CALLDATALOAD
0x1bc5	BALANCE
0x1bc6	CODESIZE
0x1bc7	ADDRESS
0x1bc8	CODESIZE
0x1bc9	CALLER
0x1bca	ADDRESS
0x1bcb	CALLER
0x1bcc	CODESIZE
0x1bcd	BALANCE
0x1bce	CALLDATASIZE
0x1bcf	ADDRESS
0x1bd0	ADDRESS
0x1bd1	ADDRESS
0x1bd2	CODESIZE
0x1bd4	CODESIZE
0x1bd5	ADDRESS
0x1bd6	CALLER
0x1bd7	CONST
0x1bdb	CALLDATALOAD
0x1bdc	CALLDATASIZE
0x1bdd	BALANCE
0x1bde	ADDRESS
0x1bdf	CONST
0x1be5	ADDRESS
0x1be6	ADDRESS
0x1be7	ADDRESS
0x1be8	CODESIZE
0x1be9	ADDRESS
0x1bea	CONST
0x1bf2	BALANCE
0x1bf3	CALLDATALOAD
0x1bf4	BALANCE
0x1bf5	CALLDATALOAD
0x1bf6	CALLDATASIZE
0x1bf7	BALANCE
0x1bf8	ADDRESS
0x1bf9	CONST
0x1c00	ADDRESS
0x1c01	ADDRESS
0x1c02	CODESIZE
0x1c03	ADDRESS
0x1c04	CONST
0x1c0c	CALLDATALOAD
0x1c0d	ADDRESS
0x1c0e	CALLDATASIZE
0x1c0f	ADDRESS
0x1c10	CALLVALUE
0x1c11	ADDRESS
0x1c12	CALLDATALOAD
0x1c13	BALANCE
0x1c14	CODESIZE
0x1c15	ADDRESS
0x1c16	CALLDATALOAD
0x1c17	BALANCE
0x1c19	ADDRESS
0x1c1a	CALLDATALOAD
0x1c1b	ADDRESS
0x1c1c	BALANCE
0x1c1d	CALLDATALOAD
0x1c1e	BALANCE
0x1c1f	CALLDATALOAD
0x1c20	CALLDATASIZE
0x1c21	BALANCE
0x1c22	ADDRESS
0x1c23	CONST
0x1c2a	CALLDATALOAD
0x1c2b	CONST
0x1c2f	ORIGIN
0x1c30	CONST
0x1c35	ADDRESS
0x1c36	CONST
0x1c3b	ORIGIN
0x1c3c	CODESIZE
0x1c3e	CALLER
0x1c40	CONST
0x1c46	ORIGIN
0x1c47	CALLDATALOAD
0x1c48	BALANCE
0x1c49	CALLVALUE
0x1c4a	CONST
0x1c52	CALLER
0x1c53	CONST
0x1c58	CONST
0x1c60	CALLDATALOAD
0x1c61	ADDRESS
0x1c62	CONST
0x1c67	BALANCE
0x1c68	CONST
0x1c6e	CALLER
0x1c6f	CALLER
0x1c70	CALLER
0x1c71	CALLER
0x1c72	CODESIZE
0x1c73	CALLVALUE
0x1c74	CALLDATASIZE
0x1c75	ADDRESS
0x1c76	ADDRESS
0x1c77	ADDRESS
0x1c78	CALLDATASIZE
0x1c79	ADDRESS
0x1c7a	CALLVALUE
0x1c7b	ADDRESS
0x1c7c	CALLDATALOAD
0x1c7d	BALANCE
0x1c7e	CALLDATASIZE
0x1c7f	ADDRESS
0x1c80	ADDRESS
0x1c81	BALANCE
0x1c82	CALLDATASIZE
0x1c83	ADDRESS
0x1c84	CONST
0x1c87	ADDRESS
0x1c88	ADDRESS
0x1c89	ORIGIN
0x1c8a	ADDRESS
0x1c8b	CONST
0x1c8f	CALLVALUE
0x1c90	CODESIZE
0x1c91	CALLDATALOAD
0x1c92	BALANCE
0x1c93	CALLDATASIZE
0x1c94	CODESIZE
0x1c95	BALANCE
0x1c96	CALLDATALOAD
0x1c97	ORIGIN
0x1c99	ORIGIN
0x1c9b	ADDRESS
0x1c9d	CALLER
0x1c9e	BALANCE
0x1c9f	CALLDATASIZE
0x1ca0	CALLDATASIZE
0x1ca1	ADDRESS
0x1ca2	ORIGIN
0x1ca3	ADDRESS
0x1ca4	CODESIZE
0x1ca5	CALLER
0x1ca6	ADDRESS
0x1ca7	BALANCE
0x1ca8	CALLDATALOAD
0x1ca9	ORIGIN
0x1caa	CALLDATASIZE
0x1cab	ADDRESS
0x1cac	CALLVALUE
0x1cad	ADDRESS
0x1cae	CODESIZE
0x1caf	ADDRESS
0x1cb0	CODESIZE
0x1cb1	CALLER
0x1cb2	ADDRESS
0x1cb3	BALANCE
0x1cb5	BALANCE
0x1cb7	ADDRESS
0x1cb9	BALANCE
0x1cba	CALLDATALOAD
0x1cbb	ORIGIN
0x1cbc	CALLDATASIZE
0x1cbd	ADDRESS
0x1cbe	CALLDATASIZE
0x1cbf	ADDRESS
0x1cc0	CODESIZE
0x1cc1	ORIGIN
0x1cc2	ADDRESS
0x1cc3	BALANCE
0x1cc5	ORIGIN
0x1cc7	ADDRESS
0x1cc9	ORIGIN
0x1cca	CALLDATALOAD
0x1ccb	ORIGIN
0x1ccc	CALLDATASIZE
0x1ccd	ADDRESS
0x1cce	CODESIZE
0x1ccf	ADDRESS
0x1cd0	ADDRESS
0x1cd1	BALANCE
0x1cd3	ADDRESS
0x1cd4	CALLDATALOAD
0x1cd5	BALANCE
0x1cd6	CODESIZE
0x1cd7	ADDRESS
0x1cd9	BALANCE
0x1cda	ADDRESS
0x1cdb	CALLER
0x1cdd	ADDRESS
0x1cde	CONST
0x1ce1	ADDRESS
0x1ce2	CALLDATALOAD
0x1ce3	ADDRESS
0x1ce4	CALLDATALOAD
0x1ce5	CALLDATASIZE
0x1ce6	CALLDATALOAD
0x1ce7	CONST
0x1ceb	BALANCE
0x1cec	CALLDATASIZE
0x1ced	ADDRESS
0x1cee	CONST
0x1cf1	ADDRESS
0x1cf2	ADDRESS
0x1cf3	ORIGIN
0x1cf4	ADDRESS
0x1cf5	CONST
0x1cf8	CALLER
0x1cf9	CALLER
0x1cfa	BALANCE
0x1cfb	CALLDATASIZE
0x1cfc	CALLDATASIZE
0x1cfd	ADDRESS
0x1cfe	ADDRESS
0x1cff	ADDRESS
0x1d01	ADDRESS
0x1d02	CODESIZE
0x1d03	BALANCE
0x1d04	CALLDATALOAD
0x1d05	ORIGIN
0x1d06	CALLDATASIZE
0x1d07	ADDRESS
0x1d08	ADDRESS
0x1d09	CALLER
0x1d0a	CALLDATASIZE
0x1d0b	ADDRESS
0x1d0c	ORIGIN
0x1d0d	ADDRESS
0x1d0e	CALLDATALOAD
0x1d0f	ORIGIN
0x1d10	CALLDATASIZE
0x1d11	ADDRESS
0x1d12	CALLVALUE
0x1d13	ADDRESS
0x1d15	ADDRESS
0x1d16	ORIGIN
0x1d17	ADDRESS
0x1d18	CALLDATALOAD
0x1d19	CALLVALUE
0x1d1a	CALLDATASIZE
0x1d1b	ADDRESS
0x1d1c	CONST
0x1d24	CALLDATASIZE
0x1d25	BALANCE
0x1d26	ADDRESS
0x1d27	CONST
0x1d2e	ADDRESS
0x1d2f	ADDRESS
0x1d30	CODESIZE
0x1d31	ADDRESS
0x1d32	CONST
0x1d3a	CODESIZE
0x1d3b	CALLDATASIZE
0x1d3c	CONST
0x1d3f	ORIGIN
0x1d40	CALLDATASIZE
0x1d41	ADDRESS
0x1d42	ADDRESS
0x1d43	CONST
0x1d49	CONST
0x1d4d	ADDRESS
0x1d4e	CODESIZE
0x1d4f	ADDRESS
0x1d50	CALLDATASIZE
0x1d51	ADDRESS
0x1d52	ADDRESS
0x1d53	ADDRESS
0x1d54	CALLDATASIZE
0x1d55	ADDRESS
0x1d56	ADDRESS
0x1d57	BALANCE
0x1d58	CALLDATALOAD
0x1d59	CALLVALUE
0x1d5a	CALLDATASIZE
0x1d5b	ADDRESS
0x1d5c	ADDRESS
0x1d5d	ADDRESS
0x1d5e	BALANCE
0x1d5f	CALLVALUE
0x1d60	BALANCE
0x1d61	CALLDATALOAD
0x1d62	BALANCE
0x1d63	CALLDATALOAD
0x1d64	CALLDATASIZE
0x1d65	BALANCE
0x1d66	ADDRESS
0x1d67	CONST
0x1d6e	ADDRESS
0x1d6f	ADDRESS
0x1d70	CODESIZE
0x1d71	ADDRESS
0x1d72	CONST
0x1d7a	CODESIZE
0x1d7b	CALLDATALOAD
0x1d7c	BALANCE
0x1d7d	BALANCE
0x1d7e	CALLDATASIZE
0x1d7f	BALANCE
0x1d80	ADDRESS
0x1d81	CONST
0x1d88	ADDRESS
0x1d89	ADDRESS
0x1d8a	CODESIZE
0x1d8b	ADDRESS
0x1d8c	CONST
0x1d94	CONST
0x1d9a	ADDRESS
0x1d9b	BALANCE
0x1d9c	CODESIZE
0x1d9d	CALLDATASIZE
0x1d9e	CONST
0x1da1	BALANCE
0x1da2	BALANCE
0x1da3	CONST
0x1dab	ORIGIN
0x1dac	CALLDATALOAD
0x1dad	ADDRESS
0x1dae	CODESIZE
0x1daf	CALLER
0x1db0	BALANCE
0x1db1	CALLDATALOAD
0x1db2	CALLDATASIZE
0x1db3	BALANCE
0x1db4	ADDRESS
0x1db5	CONST
0x1dbd	CONST
0x1dc4	CONST
0x1dcc	CALLDATALOAD
0x1dcd	ADDRESS
0x1dce	CALLDATASIZE
0x1dcf	BALANCE
0x1dd0	ADDRESS
0x1dd1	CONST
0x1dd8	CALLDATASIZE
0x1dd9	BALANCE
0x1dda	BALANCE
0x1ddb	CONST
0x1de3	ORIGIN
0x1de4	CALLDATALOAD
0x1de5	ADDRESS
0x1de6	CALLDATASIZE
0x1de7	BALANCE
0x1de8	ADDRESS
0x1de9	CONST
0x1df0	CALLDATALOAD
0x1df1	CALLVALUE
0x1df2	CODESIZE
0x1df3	CALLER
0x1df4	CALLDATASIZE
0x1df5	BALANCE
0x1df6	BALANCE
0x1df7	CONST
0x1dff	ADDRESS
0x1e00	ADDRESS
0x1e02	CALLDATALOAD
0x1e03	CALLDATALOAD
0x1e04	CALLDATALOAD
0x1e05	CONST
0x1e09	BALANCE
0x1e0a	CALLDATASIZE
0x1e0b	ADDRESS
0x1e0c	CONST
0x1e0f	ADDRESS
0x1e10	ADDRESS
0x1e11	ORIGIN
0x1e12	ADDRESS
0x1e13	CONST
0x1e16	CODESIZE
0x1e17	CALLDATASIZE
0x1e18	BALANCE
0x1e19	CALLDATASIZE
0x1e1a	CALLDATASIZE
0x1e1b	ADDRESS
0x1e1c	ADDRESS
0x1e1d	ADDRESS
0x1e1f	ADDRESS
0x1e20	CODESIZE
0x1e21	BALANCE
0x1e22	CALLDATALOAD
0x1e23	ORIGIN
0x1e24	CALLDATASIZE
0x1e25	ADDRESS
0x1e26	ADDRESS
0x1e28	CALLDATASIZE
0x1e29	ADDRESS
0x1e2a	ORIGIN
0x1e2b	ADDRESS
0x1e2c	CALLDATALOAD
0x1e2d	ORIGIN
0x1e2e	CALLDATASIZE
0x1e2f	ADDRESS
0x1e30	CALLVALUE
0x1e31	ADDRESS
0x1e33	ADDRESS
0x1e34	ORIGIN
0x1e35	ADDRESS
0x1e36	CALLDATALOAD
0x1e37	CALLVALUE
0x1e38	CALLDATASIZE
0x1e39	BALANCE
0x1e3a	ADDRESS
0x1e3b	CONST
0x1e43	BALANCE
0x1e44	BALANCE
0x1e45	CONST
0x1e4d	ADDRESS
0x1e4e	ADDRESS
0x1e4f	CONST
0x1e55	BALANCE
0x1e56	CALLDATALOAD
0x1e57	ADDRESS
0x1e58	CODESIZE
0x1e59	BALANCE
0x1e5a	BALANCE
0x1e5b	BALANCE
0x1e5c	BALANCE
0x1e5d	CALLDATALOAD
0x1e5e	CALLDATASIZE
0x1e5f	BALANCE
0x1e60	ADDRESS
0x1e61	CONST
0x1e69	ADDRESS
0x1e6a	CODESIZE
0x1e6b	ADDRESS
0x1e6c	CONST
0x1e74	CALLDATALOAD
0x1e75	CALLVALUE
0x1e76	CALLDATASIZE
0x1e77	ADDRESS
0x1e78	ADDRESS
0x1e79	BALANCE
0x1e7a	CALLDATASIZE
0x1e7b	ADDRESS
0x1e7c	CONST
0x1e7f	ADDRESS
0x1e80	ADDRESS
0x1e81	ORIGIN
0x1e82	ADDRESS
0x1e83	CONST
0x1e86	BALANCE
0x1e87	CALLDATASIZE
0x1e88	CALLDATASIZE
0x1e89	CALLER
0x1e8a	ORIGIN
0x1e8b	CALLER
0x1e8c	CONST
0x1e90	CONST
0x1e96	CODESIZE
0x1e97	CODESIZE
0x1e98	CALLDATASIZE
0x1e99	ADDRESS
0x1e9a	CALLVALUE
0x1e9b	ADDRESS
0x1e9c	CALLDATALOAD
0x1e9d	BALANCE
0x1e9e	CALLDATASIZE
0x1e9f	ADDRESS
0x1ea0	CONST
0x1ea7	CONST
0x1eaa	CONST
0x1eb2	CODESIZE
0x1eb3	CALLDATASIZE
0x1eb4	BALANCE
0x1eb5	CALLDATASIZE
0x1eb6	ADDRESS
0x1eb7	ORIGIN
0x1eb8	CODESIZE
0x1eb9	BALANCE
0x1eba	CALLDATALOAD
0x1ebb	ORIGIN
0x1ebc	CALLDATASIZE
0x1ebd	ADDRESS
0x1ebe	ADDRESS
0x1ebf	BALANCE
0x1ec0	CALLDATASIZE
0x1ec1	ADDRESS
0x1ec2	CONST
0x1ec5	ADDRESS
0x1ec6	ADDRESS
0x1ec7	ORIGIN
0x1ec8	ADDRESS
0x1ec9	CONST
0x1ecd	CALLER
0x1ece	CODESIZE
0x1ecf	CALLVALUE
0x1ed0	BALANCE
0x1ed1	CALLDATASIZE
0x1ed2	CALLDATASIZE
0x1ed3	ADDRESS
0x1ed4	ADDRESS
0x1ed5	CALLVALUE
0x1ed6	CODESIZE
0x1ed7	ORIGIN
0x1ed8	ADDRESS
0x1ed9	BALANCE
0x1eda	CALLDATALOAD
0x1edb	ORIGIN
0x1edd	BALANCE
0x1edf	ADDRESS
0x1ee1	ORIGIN
0x1ee2	BALANCE
0x1ee3	CALLDATASIZE
0x1ee4	CALLDATASIZE
0x1ee5	ADDRESS
0x1ee6	ORIGIN
0x1ee7	CALLVALUE
0x1ee8	CODESIZE
0x1ee9	ORIGIN
0x1eea	ADDRESS
0x1eeb	BALANCE
0x1eec	CALLDATALOAD
0x1eed	ORIGIN
0x1eee	CALLDATASIZE
0x1eef	ADDRESS
0x1ef0	CALLVALUE
0x1ef1	CALLVALUE
0x1ef2	CODESIZE
0x1ef3	BALANCE
0x1ef4	ADDRESS
0x1ef5	BALANCE
0x1ef7	BALANCE
0x1ef9	ADDRESS
0x1efb	BALANCE
0x1efc	CALLDATALOAD
0x1efd	ORIGIN
0x1efe	CALLDATASIZE
0x1eff	ADDRESS
0x1f00	CALLDATASIZE
0x1f01	CALLVALUE
0x1f02	ADDRESS
0x1f03	BALANCE
0x1f04	CALLDATASIZE
0x1f05	ADDRESS
0x1f06	ORIGIN
0x1f07	ADDRESS
0x1f08	CALLDATASIZE
0x1f09	ADDRESS
0x1f0a	CALLVALUE
0x1f0b	ADDRESS
0x1f0c	CALLDATALOAD
0x1f0d	BALANCE
0x1f0e	CODESIZE
0x1f0f	ADDRESS
0x1f10	CODESIZE
0x1f11	CALLER
0x1f12	ADDRESS
0x1f13	CALLER
0x1f14	CODESIZE
0x1f15	BALANCE
0x1f16	CALLDATASIZE
0x1f17	ADDRESS
0x1f18	ADDRESS
0x1f19	ADDRESS
0x1f1a	CODESIZE
0x1f1c	CODESIZE
0x1f1d	ADDRESS
0x1f1e	CALLER
0x1f1f	CONST
0x1f23	CALLDATALOAD
0x1f24	CALLDATASIZE
0x1f25	BALANCE
0x1f26	ADDRESS
0x1f27	CONST
0x1f2f	ADDRESS
0x1f30	CODESIZE
0x1f31	ADDRESS
0x1f32	CONST
0x1f3a	BALANCE
0x1f3b	CALLDATALOAD
0x1f3c	BALANCE
0x1f3d	CALLDATALOAD
0x1f3e	CALLDATASIZE
0x1f3f	BALANCE
0x1f40	ADDRESS
0x1f41	CONST
0x1f49	ADDRESS
0x1f4a	CODESIZE
0x1f4b	ADDRESS
0x1f4c	CONST
0x1f54	CALLDATALOAD
0x1f55	ADDRESS
0x1f56	CALLDATASIZE
0x1f57	ADDRESS
0x1f58	CALLVALUE
0x1f59	ADDRESS
0x1f5a	CALLDATALOAD
0x1f5b	BALANCE
0x1f5c	CODESIZE
0x1f5d	ADDRESS
0x1f5e	CALLDATALOAD
0x1f5f	BALANCE
0x1f61	ADDRESS
0x1f62	CALLDATALOAD
0x1f63	ADDRESS
0x1f64	BALANCE
0x1f65	CALLDATALOAD
0x1f66	BALANCE
0x1f67	CALLDATALOAD
0x1f68	CALLDATASIZE
0x1f69	BALANCE
0x1f6a	ADDRESS
0x1f6b	CONST
0x1f73	CONST
0x1f77	BALANCE
0x1f78	CALLDATASIZE
0x1f79	ADDRESS
0x1f7a	CONST
0x1f7d	ADDRESS
0x1f7e	ADDRESS
0x1f7f	ORIGIN
0x1f80	ADDRESS
0x1f81	CONST
0x1f84	CODESIZE
0x1f85	CALLDATASIZE
0x1f86	BALANCE
0x1f87	CALLDATASIZE
0x1f88	CALLDATASIZE
0x1f89	ADDRESS
0x1f8a	ADDRESS
0x1f8b	ADDRESS
0x1f8d	ADDRESS
0x1f8e	CODESIZE
0x1f8f	BALANCE
0x1f90	CALLDATALOAD
0x1f91	ORIGIN
0x1f92	CALLDATASIZE
0x1f93	ADDRESS
0x1f94	ADDRESS
0x1f96	CALLDATASIZE
0x1f97	ADDRESS
0x1f98	ORIGIN
0x1f99	ADDRESS
0x1f9a	CALLDATALOAD
0x1f9b	ORIGIN
0x1f9c	CALLDATASIZE
0x1f9d	ADDRESS
0x1f9e	CALLVALUE
0x1f9f	ADDRESS
0x1fa1	ADDRESS
0x1fa2	ORIGIN
0x1fa3	ADDRESS
0x1fa4	CODESIZE
0x1fa5	BALANCE
0x1fa7	ADDRESS
0x1fa8	CALLDATALOAD
0x1fa9	CALLDATALOAD
0x1faa	CALLDATASIZE
0x1fab	ADDRESS
0x1fac	ADDRESS
0x1fad	CODESIZE
0x1fae	CALLDATALOAD
0x1faf	CALLVALUE
0x1fb0	CALLDATASIZE
0x1fb1	BALANCE
0x1fb2	ADDRESS
0x1fb3	CONST
0x1fbb	BALANCE
0x1fbc	BALANCE
0x1fbd	CONST
0x1fc5	ADDRESS
0x1fc6	ADDRESS
0x1fc7	CODESIZE
0x1fc8	CALLDATALOAD
0x1fc9	CALLDATALOAD
0x1fcb	CONST
0x1fd4	CONST
0x1fd9	BALANCE
0x1fda	BALANCE
0x1fdb	CONST
0x1fe1	ORIGIN
0x1fe2	CODESIZE
0x1fe3	CONST
0x1fec	ADDRESS
0x1fed	CONST
0x1ff0	BALANCE
0x1ff1	BALANCE
0x1ff2	CONST
0x1ff9	BALANCE
0x1ffb	CONST
0x2001	CONST
0x2005	CALLVALUE
0x2006	CONST
0x200d	CALLDATASIZE
0x200e	CODESIZE
0x200f	CALLDATASIZE
0x2010	CODESIZE
0x2011	CALLVALUE
0x2012	CALLDATASIZE
0x2013	ADDRESS
0x2014	CALLVALUE
0x2015	ADDRESS
0x2016	CALLDATALOAD
0x2017	BALANCE
0x2018	CODESIZE
0x2019	ADDRESS
0x201a	CODESIZE
0x201b	CALLVALUE
0x201c	CALLDATASIZE
0x201d	ADDRESS
0x201e	ADDRESS
0x201f	BALANCE
0x2020	CALLDATASIZE
0x2021	ADDRESS
0x2022	CONST
0x2025	ADDRESS
0x2026	ADDRESS
0x2027	ORIGIN
0x2028	ADDRESS
0x2029	CONST
0x202c	BALANCE
0x202d	CALLDATASIZE
0x202e	CALLDATASIZE
0x202f	ADDRESS
0x2030	ADDRESS
0x2031	BALANCE
0x2032	CALLDATASIZE
0x2033	ADDRESS
0x2034	CONST
0x2037	ADDRESS
0x2038	ADDRESS
0x2039	ORIGIN
0x203a	ADDRESS
0x203b	CONST
0x203e	BALANCE
0x203f	CALLDATASIZE
0x2040	CODESIZE
0x2041	BALANCE
0x2042	CALLDATALOAD
0x2043	ORIGIN
0x2044	CALLDATASIZE
0x2045	ADDRESS
0x2046	ORIGIN
0x2047	ADDRESS
0x2048	ADDRESS
0x2049	BALANCE
0x204a	CODESIZE
0x204b	CALLER
0x204c	CODESIZE
0x204d	BALANCE
0x204e	CALLDATALOAD
0x204f	ORIGIN
0x2050	CALLDATASIZE
0x2051	ADDRESS
0x2052	ORIGIN
0x2053	ADDRESS
0x2054	ADDRESS
0x2055	BALANCE
0x2056	CODESIZE
0x2057	ORIGIN
0x2058	CODESIZE
0x2059	BALANCE
0x205a	CALLDATALOAD
0x205b	ORIGIN
0x205c	CALLDATASIZE
0x205d	ADDRESS
0x205e	ORIGIN
0x205f	ADDRESS
0x2060	ADDRESS
0x2061	BALANCE
0x2063	CALLER
0x2064	CALLDATALOAD
0x2065	ADDRESS
0x2066	CALLDATALOAD
0x2067	ADDRESS
0x2068	CALLDATALOAD
0x2069	ADDRESS
0x206a	CALLDATALOAD
0x206b	ADDRESS
0x206c	CALLDATASIZE
0x206d	ADDRESS
0x206e	CALLVALUE
0x206f	ADDRESS
0x2070	CALLDATALOAD
0x2071	BALANCE
0x2072	CODESIZE
0x2073	ADDRESS
0x2075	BALANCE
0x2076	ADDRESS
0x2077	CALLER
0x2079	ADDRESS
0x207a	CONST
0x207d	ADDRESS
0x207e	CALLDATALOAD
0x207f	ADDRESS
0x2080	CALLDATALOAD
0x2081	ADDRESS
0x2082	CALLDATALOAD
0x2083	ADDRESS
0x2084	CALLDATALOAD
0x2085	ADDRESS
0x2086	CALLDATALOAD
0x2087	ADDRESS
0x2088	CALLDATALOAD
0x2089	CALLDATASIZE
0x208a	CALLDATALOAD
0x208b	CONST
0x208f	ADDRESS
0x2090	CALLDATALOAD
0x2091	CALLVALUE
0x2092	CALLER
0x2093	CALLER
0x2094	CALLDATASIZE
0x2095	ADDRESS
0x2096	ADDRESS
0x2097	BALANCE
0x2098	CALLDATASIZE
0x2099	ADDRESS
0x209a	CONST
0x209d	ADDRESS
0x209e	ADDRESS
0x209f	ORIGIN
0x20a0	ADDRESS
0x20a1	CONST
0x20a5	ADDRESS
0x20a6	CODESIZE
0x20a7	BALANCE
0x20a8	BALANCE
0x20a9	CALLDATASIZE
0x20ab	BALANCE
0x20ac	BALANCE
0x20ad	CALLDATASIZE
0x20ae	BALANCE
0x20af	CALLVALUE
0x20b0	CALLDATASIZE
0x20b1	BALANCE
0x20b2	BALANCE
0x20b3	ADDRESS
0x20b4	CALLDATASIZE
0x20b5	ADDRESS
0x20b6	CALLDATALOAD
0x20b8	CALLDATASIZE
0x20b9	ADDRESS
0x20ba	ADDRESS
0x20bb	ADDRESS
0x20bc	CODESIZE
0x20bd	ADDRESS
0x20be	CONST
0x20c6	CALLDATASIZE
0x20c7	CONST
0x20cb	CODESIZE
0x20cc	CALLDATALOAD
0x20cd	CALLVALUE
0x20ce	CALLDATASIZE
0x20cf	BALANCE
0x20d0	ORIGIN
0x20d1	ADDRESS
0x20d2	CALLVALUE
0x20d3	CONST
0x20d8	CALLDATALOAD
0x20d9	CALLDATASIZE
0x20da	CALLDATALOAD
0x20db	CONST
0x20df	CONST
0x20e2	ORIGIN
0x20e3	ADDRESS
0x20e4	CALLDATALOAD
0x20e5	ORIGIN
0x20e6	CALLDATASIZE
0x20e7	ADDRESS
0x20e8	ADDRESS
0x20e9	ADDRESS
0x20eb	ADDRESS
0x20ec	CODESIZE
0x20ed	BALANCE
0x20ee	CALLDATALOAD
0x20ef	ORIGIN
0x20f0	CALLDATASIZE
0x20f1	ADDRESS
0x20f2	CALLVALUE
0x20f3	ADDRESS
0x20f5	ADDRESS
0x20f6	ORIGIN
0x20f7	ADDRESS
0x20f8	CALLDATALOAD
0x20f9	CALLVALUE
0x20fa	CODESIZE
0x20fb	BALANCE
0x20fc	CALLDATALOAD
0x20fd	CALLDATASIZE
0x20fe	CALLDATALOAD
0x20ff	CONST
0x2103	CONST
0x2107	ADDRESS
0x2108	CALLDATALOAD
0x2109	ORIGIN
0x210a	CALLDATASIZE
0x210b	ADDRESS
0x210c	ADDRESS
0x210d	ADDRESS
0x210f	ADDRESS
0x2110	CODESIZE
0x2111	BALANCE
0x2112	CALLDATALOAD
0x2113	ORIGIN
0x2114	CALLDATASIZE
0x2115	ADDRESS
0x2116	CALLVALUE
0x2117	ADDRESS
0x2119	ADDRESS
0x211a	ORIGIN
0x211b	ADDRESS
0x211c	CALLDATALOAD
0x211d	CALLVALUE
0x211e	CODESIZE
0x211f	BALANCE
0x2120	CALLDATALOAD
0x2121	CALLDATASIZE
0x2122	CALLDATALOAD
0x2123	CONST
0x2127	CONST
0x212c	CALLDATALOAD
0x212d	CALLDATASIZE
0x212e	CALLDATALOAD
0x212f	CONST
0x2133	CODESIZE
0x2134	CALLDATALOAD
0x2135	CALLVALUE
0x2136	CODESIZE
0x2137	BALANCE
0x2138	CALLDATALOAD
0x2139	CALLDATASIZE
0x213a	CALLDATALOAD
0x213b	CONST
0x213f	BALANCE
0x2140	CALLDATASIZE
0x2141	ADDRESS
0x2142	CONST
0x2145	ADDRESS
0x2146	ADDRESS
0x2147	ORIGIN
0x2148	ADDRESS
0x2149	CONST
0x214c	CALLER
0x214d	CALLER
0x214e	BALANCE
0x214f	CALLDATASIZE
0x2150	CALLDATASIZE
0x2151	ADDRESS
0x2152	ADDRESS
0x2153	ADDRESS
0x2155	ADDRESS
0x2156	CODESIZE
0x2157	BALANCE
0x2158	CALLDATALOAD
0x2159	ORIGIN
0x215a	CALLDATASIZE
0x215b	ADDRESS
0x215c	ADDRESS
0x215d	CALLER
0x215e	CALLDATASIZE
0x215f	ADDRESS
0x2160	ORIGIN
0x2161	ADDRESS
0x2162	CALLDATALOAD
0x2163	ORIGIN
0x2164	CALLDATASIZE
0x2165	ADDRESS
0x2166	CALLVALUE
0x2167	ADDRESS
0x2168	CODESIZE
0x2169	BALANCE
0x216a	ORIGIN
0x216b	ADDRESS
0x216c	CALLDATALOAD
0x216d	CALLVALUE
0x216e	CODESIZE
0x216f	BALANCE
0x2171	ADDRESS
0x2172	CODESIZE
0x2173	BALANCE
0x2175	ADDRESS
0x2176	CODESIZE
0x2177	BALANCE
0x2179	ADDRESS
0x217a	CALLDATASIZE
0x217b	ADDRESS
0x217c	CONST
0x2184	CALLDATASIZE
0x2185	BALANCE
0x2186	BALANCE
0x2187	ADDRESS
0x2188	CONST
0x218d	ADDRESS
0x218e	ADDRESS
0x218f	ADDRESS
0x2190	CODESIZE
0x2191	ADDRESS
0x2192	CONST
0x219a	CALLDATASIZE
0x219b	ADDRESS
0x219c	ADDRESS
0x219d	BALANCE
0x219e	CALLDATALOAD
0x219f	CALLVALUE
0x21a0	BALANCE
0x21a1	BALANCE
0x21a2	BALANCE
0x21a3	CALLDATALOAD
0x21a4	CALLDATASIZE
0x21a5	BALANCE
0x21a6	BALANCE
0x21a7	ADDRESS
0x21a8	CONST
0x21ae	ORIGIN
0x21b0	CODESIZE
0x21b1	CONST
0x21b7	BALANCE
0x21b8	CALLDATASIZE
0x21b9	ADDRESS
0x21ba	ADDRESS
0x21bb	BALANCE
0x21bc	CALLDATALOAD
0x21bd	CALLDATALOAD
0x21be	CALLDATALOAD
0x21bf	CONST
0x21c3	BALANCE
0x21c4	CALLER
0x21c5	ADDRESS
0x21c6	CODESIZE
0x21c7	CONST
0x21ca	CALLVALUE
0x21cb	ADDRESS
0x21cc	CALLDATALOAD
0x21cd	BALANCE
0x21ce	CALLDATASIZE
0x21cf	CONST
0x21d4	ADDRESS
0x21d5	ADDRESS
0x21d6	ADDRESS
0x21d7	ADDRESS
0x21d8	ADDRESS
0x21d9	ADDRESS
0x21da	ADDRESS
0x21db	ADDRESS
0x21dc	ADDRESS
0x21dd	ADDRESS
0x21de	ADDRESS
0x21df	ADDRESS
0x21e0	ADDRESS
0x21e1	ADDRESS
0x21e2	ADDRESS
0x21e3	ADDRESS
0x21e4	ADDRESS
0x21e5	ADDRESS
0x21e6	ADDRESS
0x21e7	ADDRESS
0x21e8	ADDRESS
0x21e9	ADDRESS
0x21ea	CALLDATASIZE
0x21eb	ADDRESS
0x21ec	ADDRESS
0x21ed	BALANCE
0x21ee	CALLDATASIZE
0x21ef	ADDRESS
0x21f0	CONST
0x21f3	ADDRESS
0x21f4	ADDRESS
0x21f5	ORIGIN
0x21f6	ADDRESS
0x21f7	CONST
0x21fb	CALLER
0x21fc	CODESIZE
0x21fd	CALLVALUE
0x21fe	BALANCE
0x21ff	CALLDATASIZE
0x2200	CODESIZE
0x2201	BALANCE
0x2202	ADDRESS
0x2203	ORIGIN
0x2204	CODESIZE
0x2205	ORIGIN
0x2206	CALLDATALOAD
0x2207	ORIGIN
0x2209	BALANCE
0x220b	ADDRESS
0x220d	ORIGIN
0x220e	BALANCE
0x220f	CALLDATASIZE
0x2210	ADDRESS
0x2211	ORIGIN
0x2212	CALLDATASIZE
0x2213	ADDRESS
0x2214	BALANCE
0x2215	CALLVALUE
0x2216	CODESIZE
0x2217	ORIGIN
0x2218	ADDRESS
0x2219	BALANCE
0x221a	CALLDATALOAD
0x221b	ORIGIN
0x221c	CALLDATASIZE
0x221d	ADDRESS
0x221e	ORIGIN
0x221f	CODESIZE
0x2220	ADDRESS
0x2221	BALANCE
0x2222	CALLDATASIZE
0x2223	ADDRESS
0x2224	CALLVALUE
0x2225	ADDRESS
0x2226	CALLDATALOAD
0x2227	BALANCE
0x2228	CODESIZE
0x2229	ADDRESS
0x222b	BALANCE
0x222c	ADDRESS
0x222d	CALLER
0x222f	ADDRESS
0x2230	ORIGIN
0x2231	ADDRESS
0x2232	CODESIZE
0x2234	CODESIZE
0x2236	CODESIZE
0x2238	CALLDATASIZE
0x2239	ADDRESS
0x223a	CALLVALUE
0x223b	ADDRESS
0x223c	CALLDATALOAD
0x223d	BALANCE
0x223e	CALLDATASIZE
0x223f	ADDRESS
0x2240	ADDRESS
0x2241	ADDRESS
0x2242	CODESIZE
0x2243	BALANCE
0x2244	CALLDATALOAD
0x2245	ORIGIN
0x2246	CALLDATASIZE
0x2247	ADDRESS
0x2248	ORIGIN
0x2249	ADDRESS
0x224a	ADDRESS
0x224b	BALANCE
0x224c	CALLDATASIZE
0x224d	ADDRESS
0x224e	CALLVALUE
0x224f	ADDRESS
0x2250	CALLDATALOAD
0x2251	ORIGIN
0x2252	CALLDATASIZE
0x2253	ADDRESS
0x2254	CALLVALUE
0x2255	ADDRESS
0x2256	CALLDATALOAD
0x2257	BALANCE
0x2259	CALLER
0x225a	CODESIZE
0x225b	CALLVALUE
0x225c	CALLDATALOAD
0x225d	ORIGIN
0x225e	CALLDATASIZE
0x225f	ADDRESS
0x2260	CONST
0x2268	CALLDATASIZE
0x2269	ADDRESS
0x226a	ORIGIN
0x226b	ADDRESS
0x226c	CODESIZE
0x226d	ADDRESS
0x226e	CODESIZE
0x226f	CALLDATALOAD
0x2270	ADDRESS
0x2271	BALANCE
0x2273	BALANCE
0x2275	ADDRESS
0x2277	BALANCE
0x2278	CALLDATALOAD
0x2279	ORIGIN
0x227a	CALLDATASIZE
0x227b	ADDRESS
0x227c	CALLVALUE
0x227d	ADDRESS
0x227e	CODESIZE
0x227f	ADDRESS
0x2280	CODESIZE
0x2281	CALLDATALOAD
0x2282	ADDRESS
0x2283	BALANCE
0x2285	ORIGIN
0x2287	ADDRESS
0x2289	ORIGIN
0x228a	CALLDATALOAD
0x228b	ORIGIN
0x228c	CALLDATASIZE
0x228d	ADDRESS
0x228e	CALLDATASIZE
0x228f	ADDRESS
0x2290	CODESIZE
0x2291	CALLVALUE
0x2292	ADDRESS
0x2293	BALANCE
0x2295	ORIGIN
0x2297	ADDRESS
0x2299	ORIGIN
0x229a	CALLDATALOAD
0x229b	ORIGIN
0x229c	CALLDATASIZE
0x229d	ADDRESS
0x229e	CODESIZE
0x229f	ADDRESS
0x22a1	ADDRESS
0x22a3	ORIGIN
0x22a4	ADDRESS
0x22a5	BALANCE
0x22a7	BALANCE
0x22a8	CALLDATALOAD
0x22a9	BALANCE
0x22aa	CALLDATASIZE
0x22ab	ADDRESS
0x22ac	ORIGIN
0x22ad	ADDRESS
0x22ae	CODESIZE
0x22af	BALANCE
0x22b0	ADDRESS
0x22b1	CALLER
0x22b3	ADDRESS
0x22b4	CODESIZE
0x22b5	ADDRESS
0x22b6	CODESIZE
0x22b7	CALLVALUE
0x22b8	ADDRESS
0x22b9	CALLER
0x22bb	ADDRESS
0x22bc	CALLDATASIZE
0x22bd	ADDRESS
0x22be	ADDRESS
0x22bf	ADDRESS
0x22c0	CODESIZE
0x22c1	CALLDATASIZE
0x22c2	CALLDATALOAD
0x22c3	CONST
0x22c6	BALANCE
0x22c7	CALLDATALOAD
0x22c8	BALANCE
0x22c9	CALLDATALOAD
0x22ca	CALLDATASIZE
0x22cb	BALANCE
0x22cc	BALANCE
0x22cd	BALANCE
0x22ce	CALLDATASIZE
0x22cf	CONST
0x22d5	ADDRESS
0x22d6	CODESIZE
0x22d7	ADDRESS
0x22d8	CONST
0x22e0	CALLDATASIZE
0x22e1	ADDRESS
0x22e2	ORIGIN
0x22e3	ADDRESS
0x22e4	CALLDATASIZE
0x22e5	ADDRESS
0x22e6	CALLVALUE
0x22e7	ADDRESS
0x22e8	CALLDATALOAD
0x22e9	BALANCE
0x22ea	ADDRESS
0x22eb	CALLER
0x22ec	CALLDATALOAD
0x22ed	BALANCE
0x22ef	CALLER
0x22f0	CALLDATALOAD
0x22f1	ADDRESS
0x22f2	CALLDATASIZE
0x22f3	ADDRESS
0x22f4	ADDRESS
0x22f5	ADDRESS
0x22f7	ORIGIN
0x22f8	CALLDATALOAD
0x22f9	ADDRESS
0x22fa	CODESIZE
0x22fb	CALLVALUE
0x22fc	BALANCE
0x22fd	CALLDATALOAD
0x22fe	CALLDATASIZE
0x22ff	BALANCE
0x2300	BALANCE
0x2301	BALANCE
0x2302	CODESIZE
0x2303	CONST
0x2309	BALANCE
0x230a	CODESIZE
0x230b	CONST
0x230e	BALANCE
0x230f	CONST
0x2317	ORIGIN
0x2318	CALLDATALOAD
0x2319	ADDRESS
0x231a	CALLDATALOAD
0x231b	CONST
0x231f	BALANCE
0x2320	CALLDATASIZE
0x2321	ADDRESS
0x2322	CONST
0x2325	ADDRESS
0x2326	ADDRESS
0x2327	ORIGIN
0x2328	ADDRESS
0x2329	CONST
0x232c	CODESIZE
0x232d	CALLVALUE
0x232e	BALANCE
0x232f	CALLDATASIZE
0x2330	CALLDATASIZE
0x2331	ADDRESS
0x2332	ADDRESS
0x2333	ADDRESS
0x2335	ADDRESS
0x2336	CODESIZE
0x2337	BALANCE
0x2338	CALLDATALOAD
0x2339	ORIGIN
0x233a	CALLDATASIZE
0x233b	ADDRESS
0x233c	ADDRESS
0x233e	CALLDATASIZE
0x233f	ADDRESS
0x2340	ORIGIN
0x2341	ADDRESS
0x2342	CALLDATALOAD
0x2343	ORIGIN
0x2344	CALLDATASIZE
0x2345	ADDRESS
0x2346	CALLVALUE
0x2347	ADDRESS
0x2349	ADDRESS
0x234a	ORIGIN
0x234b	ADDRESS
0x234c	CALLDATALOAD
0x234d	CALLVALUE
0x234e	CALLDATASIZE
0x234f	BALANCE
0x2350	BALANCE
0x2351	BALANCE
0x2352	CONST
0x2356	CODESIZE
0x2357	CALLVALUE
0x2358	CALLDATASIZE
0x2359	BALANCE
0x235a	BALANCE
0x235b	CONST
0x2363	BALANCE
0x2364	CALLDATALOAD
0x2365	ADDRESS
0x2366	CALLDATASIZE
0x2367	ORIGIN
0x2368	ADDRESS
0x2369	BALANCE
0x236a	CODESIZE
0x236b	CALLDATASIZE
0x236c	CONST
0x236f	ORIGIN
0x2370	BALANCE
0x2371	BALANCE
0x2372	CALLDATASIZE
0x2373	BALANCE
0x2374	BALANCE
0x2375	BALANCE
0x2376	CONST
0x237b	ADDRESS
0x237c	ADDRESS
0x237d	ADDRESS
0x237e	CODESIZE
0x237f	ADDRESS
0x2380	CONST
0x2388	CALLDATALOAD
0x2389	CALLVALUE
0x238a	CALLDATASIZE
0x238b	ADDRESS
0x238c	ADDRESS
0x238d	BALANCE
0x238e	CALLDATASIZE
0x238f	ADDRESS
0x2390	CONST
0x2393	ADDRESS
0x2394	ADDRESS
0x2395	ORIGIN
0x2396	ADDRESS
0x2397	CONST
0x239a	CODESIZE
0x239b	CALLDATALOAD
0x239c	BALANCE
0x239d	CALLDATASIZE
0x239e	CALLDATASIZE
0x239f	ADDRESS
0x23a0	ADDRESS
0x23a1	ADDRESS
0x23a3	ADDRESS
0x23a4	CODESIZE
0x23a5	BALANCE
0x23a6	CALLDATALOAD
0x23a7	ORIGIN
0x23a8	CALLDATASIZE
0x23a9	ADDRESS
0x23aa	ADDRESS
0x23ac	CALLDATASIZE
0x23ad	ADDRESS
0x23ae	ORIGIN
0x23af	ADDRESS
0x23b0	CALLDATALOAD
0x23b1	ORIGIN
0x23b2	CALLDATASIZE
0x23b3	ADDRESS
0x23b4	CALLVALUE
0x23b5	ADDRESS
0x23b7	ADDRESS
0x23b8	ORIGIN
0x23b9	ADDRESS
0x23ba	CALLDATALOAD
0x23bb	CALLVALUE
0x23bc	CALLDATASIZE
0x23bd	ORIGIN
0x23be	ADDRESS
0x23bf	BALANCE
0x23c0	CODESIZE
0x23c1	CALLDATASIZE
0x23c2	CONST
0x23c5	ADDRESS
0x23c7	CALLER
0x23c8	ADDRESS
0x23c9	CALLVALUE
0x23cb	ORIGIN
0x23cc	CALLDATASIZE
0x23cd	BALANCE
0x23ce	BALANCE
0x23cf	BALANCE
0x23d0	CONST
0x23d7	BALANCE
0x23d8	BALANCE
0x23d9	CONST
0x23e1	ADDRESS
0x23e2	ADDRESS
0x23e3	CODESIZE
0x23e4	CALLDATALOAD
0x23e5	CALLDATALOAD
0x23e6	CALLDATASIZE
0x23e7	ADDRESS
0x23e8	ADDRESS
0x23e9	BALANCE
0x23ea	CALLDATASIZE
0x23eb	ADDRESS
0x23ec	CONST
0x23ef	ADDRESS
0x23f0	ADDRESS
0x23f1	ORIGIN
0x23f2	ADDRESS
0x23f3	CONST
0x23f6	CODESIZE
0x23f7	ADDRESS
0x23f8	CODESIZE
0x23f9	CALLDATALOAD
0x23fa	BALANCE
0x23fb	CALLDATASIZE
0x23fc	CALLDATASIZE
0x23fd	ADDRESS
0x23fe	ADDRESS
0x23ff	ADDRESS
0x2401	ADDRESS
0x2402	CODESIZE
0x2403	BALANCE
0x2404	CALLDATALOAD
0x2405	ORIGIN
0x2406	CALLDATASIZE
0x2407	ADDRESS
0x2408	ADDRESS
0x240a	CALLDATASIZE
0x240b	ADDRESS
0x240c	ORIGIN
0x240d	ADDRESS
0x240e	CALLDATALOAD
0x240f	ORIGIN
0x2410	CALLDATASIZE
0x2411	ADDRESS
0x2412	CALLVALUE
0x2413	ADDRESS
0x2414	CODESIZE
0x2415	ADDRESS
0x2416	CODESIZE
0x2417	ORIGIN
0x2418	ORIGIN
0x2419	ADDRESS
0x241b	BALANCE
0x241d	ADDRESS
0x241f	BALANCE
0x2420	CALLDATALOAD
0x2421	CALLDATALOAD
0x2422	CALLDATASIZE
0x2423	ADDRESS
0x2424	ADDRESS
0x2425	ORIGIN
0x2426	CALLDATALOAD
0x2427	CALLVALUE
0x2429	ADDRESS
0x242b	BALANCE
0x242c	BALANCE
0x242d	CALLDATASIZE
0x242f	ADDRESS
0x2430	CALLDATASIZE
0x2431	CALLER
0x2432	CONST
0x2435	CALLDATALOAD
0x2437	CONST
0x243c	CODESIZE
0x243d	CONST
0x2441	CALLDATALOAD
0x2443	ADDRESS
0x2444	CALLDATALOAD
0x2445	BALANCE
0x2446	CALLDATASIZE
0x2447	ADDRESS
0x2448	CONST
0x244f	CONST
0x2452	CONST
0x245a	CODESIZE
0x245b	CALLDATALOAD
0x245c	BALANCE
0x245d	CALLDATASIZE
0x245e	ADDRESS
0x245f	ORIGIN
0x2460	CODESIZE
0x2461	BALANCE
0x2462	CALLDATALOAD
0x2463	ORIGIN
0x2464	CALLDATASIZE
0x2465	ADDRESS
0x2466	ADDRESS
0x2467	BALANCE
0x2468	CALLDATASIZE
0x2469	ADDRESS
0x246a	CONST
0x246d	ADDRESS
0x246e	ADDRESS
0x246f	ORIGIN
0x2470	ADDRESS
0x2471	CONST
0x2475	ADDRESS
0x2477	ORIGIN
0x2478	BALANCE
0x2479	CALLDATASIZE
0x247a	CALLDATASIZE
0x247b	ADDRESS
0x247c	ADDRESS
0x247d	CALLVALUE
0x247e	CODESIZE
0x247f	CALLER
0x2480	ADDRESS
0x2481	BALANCE
0x2482	CALLDATALOAD
0x2483	ORIGIN
0x2484	CALLDATASIZE
0x2485	ADDRESS
0x2486	ORIGIN
0x2487	CALLVALUE
0x2488	CODESIZE
0x2489	ORIGIN
0x248a	ADDRESS
0x248b	BALANCE
0x248c	CALLDATALOAD
0x248d	ORIGIN
0x248e	CALLDATASIZE
0x248f	ADDRESS
0x2490	CALLVALUE
0x2491	CALLVALUE
0x2492	ADDRESS
0x2493	BALANCE
0x2494	CALLDATASIZE
0x2495	ADDRESS
0x2496	ORIGIN
0x2497	ADDRESS
0x2498	CALLDATASIZE
0x2499	ADDRESS
0x249a	CALLVALUE
0x249b	ADDRESS
0x249c	CALLDATALOAD
0x249d	BALANCE
0x249e	CODESIZE
0x249f	ADDRESS
0x24a0	CODESIZE
0x24a1	CALLER
0x24a2	ADDRESS
0x24a3	CALLER
0x24a4	CODESIZE
0x24a5	BALANCE
0x24a6	CALLDATASIZE
0x24a7	ADDRESS
0x24a8	ADDRESS
0x24a9	ADDRESS
0x24aa	CODESIZE
0x24ac	CODESIZE
0x24ad	ADDRESS
0x24ae	CALLER
0x24af	CONST
0x24b3	CALLDATALOAD
0x24b4	CALLDATASIZE
0x24b5	BALANCE
0x24b6	BALANCE
0x24b7	ORIGIN
0x24b8	CALLDATASIZE
0x24b9	ORIGIN
0x24ba	CALLDATALOAD
0x24bc	CALLDATASIZE
0x24bd	ADDRESS
0x24be	ADDRESS
0x24bf	ADDRESS
0x24c0	CODESIZE
0x24c1	ADDRESS
0x24c2	CONST
0x24ca	BALANCE
0x24cb	CALLDATALOAD
0x24cc	BALANCE
0x24cd	CALLDATALOAD
0x24ce	CALLDATASIZE
0x24cf	BALANCE
0x24d0	BALANCE
0x24d1	ORIGIN
0x24d2	CALLDATASIZE
0x24d3	CONST
0x24db	ADDRESS
0x24dc	CONST
0x24e4	CALLDATALOAD
0x24e5	ADDRESS
0x24e6	CALLDATASIZE
0x24e7	ADDRESS
0x24e8	CALLVALUE
0x24e9	ADDRESS
0x24ea	CALLDATALOAD
0x24eb	BALANCE
0x24ec	CODESIZE
0x24ed	ADDRESS
0x24ee	CALLDATALOAD
0x24ef	BALANCE
0x24f1	ADDRESS
0x24f2	CALLDATALOAD
0x24f3	ADDRESS
0x24f4	BALANCE
0x24f5	CALLDATALOAD
0x24f6	BALANCE
0x24f7	CALLDATALOAD
0x24f8	CALLDATASIZE
0x24f9	BALANCE
0x24fa	BALANCE
0x24fb	ORIGIN
0x24fc	CODESIZE
0x24fd	BALANCE
0x24fe	CALLDATALOAD
0x2500	CONST
0x2508	CONST
0x250d	ADDRESS
0x250e	CONST
0x2513	ORIGIN
0x2514	CODESIZE
0x2516	CALLER
0x2518	CONST
0x251e	ORIGIN
0x251f	CALLDATALOAD
0x2520	BALANCE
0x2521	CALLVALUE
0x2522	CONST
0x252a	CALLER
0x252b	CONST
0x2530	CONST
0x2538	CALLDATALOAD
0x2539	ADDRESS
0x253a	CONST
0x253f	BALANCE
0x2540	CONST
0x2546	CODESIZE
0x2547	CALLVALUE
0x2548	CODESIZE
0x2549	CONST
0x254c	CODESIZE
0x254d	CALLDATASIZE
0x254e	CALLDATASIZE
0x254f	ADDRESS
0x2550	CALLVALUE
0x2551	ADDRESS
0x2552	CALLDATALOAD
0x2553	BALANCE
0x2554	CALLDATASIZE
0x2555	ADDRESS
0x2556	ADDRESS
0x2557	BALANCE
0x2558	CALLDATASIZE
0x2559	ADDRESS
0x255a	CONST
0x255d	ADDRESS
0x255e	ADDRESS
0x255f	ORIGIN
0x2560	ADDRESS
0x2561	CONST
0x2565	CALLVALUE
0x2566	CODESIZE
0x2567	CALLDATALOAD
0x2568	BALANCE
0x2569	CALLDATASIZE
0x256a	CODESIZE
0x256b	BALANCE
0x256c	CALLDATALOAD
0x256d	ORIGIN
0x256f	ORIGIN
0x2571	ADDRESS
0x2573	CALLER
0x2574	BALANCE
0x2575	CALLDATASIZE
0x2576	CALLDATASIZE
0x2577	ADDRESS
0x2578	ORIGIN
0x2579	ADDRESS
0x257a	CODESIZE
0x257b	CALLER
0x257c	ADDRESS
0x257d	BALANCE
0x257e	CALLDATALOAD
0x257f	ORIGIN
0x2580	CALLDATASIZE
0x2581	ADDRESS
0x2582	CALLVALUE
0x2583	ADDRESS
0x2584	CODESIZE
0x2585	ADDRESS
0x2586	CODESIZE
0x2587	CALLER
0x2588	ADDRESS
0x2589	BALANCE
0x258b	BALANCE
0x258d	ADDRESS
0x258f	BALANCE
0x2590	CALLDATALOAD
0x2591	ORIGIN
0x2592	CALLDATASIZE
0x2593	ADDRESS
0x2594	CALLDATASIZE
0x2595	ADDRESS
0x2596	CODESIZE
0x2597	ORIGIN
0x2598	ADDRESS
0x2599	BALANCE
0x259b	ORIGIN
0x259d	ADDRESS
0x259f	ORIGIN
0x25a0	CALLDATALOAD
0x25a1	ORIGIN
0x25a2	CALLDATASIZE
0x25a3	ADDRESS
0x25a4	CODESIZE
0x25a5	ADDRESS
0x25a6	ADDRESS
0x25a7	BALANCE
0x25a9	ADDRESS
0x25aa	CALLDATALOAD
0x25ab	BALANCE
0x25ac	CODESIZE
0x25ad	ADDRESS
0x25af	BALANCE
0x25b0	ADDRESS
0x25b1	CALLER
0x25b3	ADDRESS
0x25b4	CONST
0x25b7	ADDRESS
0x25b8	CODESIZE
0x25ba	CALLDATASIZE
0x25bb	ADDRESS
0x25bc	ADDRESS
0x25bd	BALANCE
0x25be	CALLDATASIZE
0x25bf	ADDRESS
0x25c0	CONST
0x25c3	ADDRESS
0x25c4	ADDRESS
0x25c5	ORIGIN
0x25c6	ADDRESS
0x25c7	CONST
0x25ca	CODESIZE
0x25cb	BALANCE
0x25cc	BALANCE
0x25cd	CALLDATASIZE
0x25ce	CALLDATASIZE
0x25cf	CALLER
0x25d0	CONST
0x25d7	CONST
0x25db	CALLVALUE
0x25dc	CALLDATASIZE
0x25dd	ADDRESS
0x25de	CALLVALUE
0x25df	ADDRESS
0x25e0	CALLDATALOAD
0x25e1	BALANCE
0x25e2	CALLDATASIZE
0x25e3	ADDRESS
0x25e4	CONST
0x25eb	CONST
0x25ee	CONST
0x25f6	CODESIZE
0x25f7	CALLDATALOAD
0x25f8	BALANCE
0x25f9	CALLDATASIZE
0x25fa	ADDRESS
0x25fb	ORIGIN
0x25fc	CODESIZE
0x25fd	BALANCE
0x25fe	CALLDATALOAD
0x25ff	ORIGIN
0x2600	CALLDATASIZE
0x2601	ADDRESS
0x2602	ADDRESS
0x2603	BALANCE
0x2604	CALLDATASIZE
0x2605	ADDRESS
0x2606	CONST
0x2609	ADDRESS
0x260a	ADDRESS
0x260b	ORIGIN
0x260c	ADDRESS
0x260d	CONST
0x2611	ADDRESS
0x2613	ORIGIN
0x2614	BALANCE
0x2615	CALLDATASIZE
0x2616	CALLDATASIZE
0x2617	ADDRESS
0x2618	ADDRESS
0x2619	CALLVALUE
0x261a	CODESIZE
0x261b	CALLER
0x261c	ADDRESS
0x261d	BALANCE
0x261e	CALLDATALOAD
0x261f	ORIGIN
0x2620	CALLDATASIZE
0x2621	ADDRESS
0x2622	ORIGIN
0x2623	CALLVALUE
0x2624	CODESIZE
0x2625	ORIGIN
0x2626	ADDRESS
0x2627	BALANCE
0x2628	CALLDATALOAD
0x2629	ORIGIN
0x262a	CALLDATASIZE
0x262b	ADDRESS
0x262c	CALLVALUE
0x262d	CALLVALUE
0x262e	ADDRESS
0x262f	BALANCE
0x2630	CALLDATASIZE
0x2631	ADDRESS
0x2632	ORIGIN
0x2633	ADDRESS
0x2634	CALLDATASIZE
0x2635	ADDRESS
0x2636	CALLVALUE
0x2637	ADDRESS
0x2638	CALLDATALOAD
0x2639	BALANCE
0x263a	CODESIZE
0x263b	ADDRESS
0x263c	CODESIZE
0x263d	CALLER
0x263e	ADDRESS
0x263f	CALLER
0x2640	CODESIZE
0x2641	BALANCE
0x2642	CALLDATASIZE
0x2643	ADDRESS
0x2644	ADDRESS
0x2645	ADDRESS
0x2646	CODESIZE
0x2648	CODESIZE
0x2649	ADDRESS
0x264a	CALLER
0x264b	CONST
0x264f	CALLDATALOAD
0x2650	CALLDATASIZE
0x2651	BALANCE
0x2652	BALANCE
0x2653	CALLER
0x2654	CALLER
0x2655	ADDRESS
0x2656	CALLDATALOAD
0x2658	CALLDATASIZE
0x2659	ADDRESS
0x265a	ADDRESS
0x265b	ADDRESS
0x265c	CODESIZE
0x265d	ADDRESS
0x265e	CONST
0x2666	BALANCE
0x2667	CALLDATALOAD
0x2668	BALANCE
0x2669	CALLDATALOAD
0x266a	CALLDATASIZE
0x266b	BALANCE
0x266c	BALANCE
0x266d	CALLER
0x266e	CALLER
0x266f	CONST
0x2675	ADDRESS
0x2676	CODESIZE
0x2677	ADDRESS
0x2678	CONST
0x2680	CALLDATALOAD
0x2681	ADDRESS
0x2682	CALLDATASIZE
0x2683	ADDRESS
0x2684	CALLVALUE
0x2685	ADDRESS
0x2686	CALLDATALOAD
0x2687	BALANCE
0x2688	CODESIZE
0x2689	ADDRESS
0x268a	CALLDATALOAD
0x268b	BALANCE
0x268d	ADDRESS
0x268e	CALLDATALOAD
0x268f	ADDRESS
0x2690	BALANCE
0x2691	CALLDATALOAD
0x2692	BALANCE
0x2693	CALLDATALOAD
0x2694	CALLDATASIZE
0x2695	BALANCE
0x2696	BALANCE
0x2697	CALLER
0x2698	CALLVALUE
0x2699	CONST
0x26a1	ADDRESS
0x26a2	CALLDATALOAD
0x26a3	ADDRESS
0x26a4	CALLDATALOAD
0x26a5	ADDRESS
0x26a6	CALLDATALOAD
0x26a7	ADDRESS
0x26a8	CALLDATALOAD
0x26a9	ADDRESS
0x26aa	CALLDATALOAD
0x26ab	ADDRESS
0x26ac	CALLDATALOAD
0x26ad	ADDRESS
0x26ae	CALLDATALOAD
0x26af	ADDRESS
0x26b0	CALLDATALOAD
0x26b1	ADDRESS
0x26b2	CALLDATALOAD
0x26b3	CALLDATASIZE
0x26b4	CALLDATALOAD
0x26b5	CONST
0x26ba	CALLDATASIZE
0x26bb	ADDRESS
0x26bc	ORIGIN
0x26bd	ADDRESS
0x26be	CALLDATALOAD
0x26bf	ORIGIN
0x26c0	CALLDATASIZE
0x26c1	ADDRESS
0x26c2	ADDRESS
0x26c3	ADDRESS
0x26c5	ADDRESS
0x26c6	CODESIZE
0x26c7	BALANCE
0x26c8	CALLDATALOAD
0x26c9	ORIGIN
0x26ca	CALLDATASIZE
0x26cb	ADDRESS
0x26cc	CALLVALUE
0x26cd	ADDRESS
0x26cf	ADDRESS
0x26d0	ORIGIN
0x26d1	ADDRESS
0x26d2	CALLDATALOAD
0x26d3	CALLVALUE
0x26d4	CODESIZE
0x26d5	BALANCE
0x26d6	CALLDATALOAD
0x26d7	CALLDATASIZE
0x26d8	CALLDATALOAD
0x26d9	CONST
0x26dd	BALANCE
0x26de	CODESIZE
0x26df	CALLDATASIZE
0x26e0	CONST
0x26e3	BALANCE
0x26e4	CALLDATALOAD
0x26e5	CALLDATASIZE
0x26e6	CALLDATALOAD
0x26e7	CONST
0x26eb	CONST
0x26f1	CALLDATASIZE
0x26f2	CALLDATALOAD
0x26f3	CONST
0x26f7	ADDRESS
0x26f8	CALLDATALOAD
0x26f9	CALLVALUE
0x26fa	CALLDATASIZE
0x26fb	ADDRESS
0x26fc	ADDRESS
0x26fd	BALANCE
0x26fe	CALLDATASIZE
0x26ff	ADDRESS
0x2700	CONST
0x2703	ADDRESS
0x2704	ADDRESS
0x2705	ORIGIN
0x2706	ADDRESS
0x2707	CONST
0x270a	BALANCE
0x270b	CALLDATASIZE
0x270c	CODESIZE
0x270d	BALANCE
0x270e	CALLDATALOAD
0x270f	CALLDATASIZE
0x2710	CALLDATALOAD
0x2711	CONST
0x2715	BALANCE
0x2716	CALLDATASIZE
0x2717	ADDRESS
0x2718	CONST
0x271b	ADDRESS
0x271c	ADDRESS
0x271d	ORIGIN
0x271e	ADDRESS
0x271f	CONST
0x2722	CALLER
0x2723	CALLER
0x2724	BALANCE
0x2725	CALLDATASIZE
0x2726	CALLDATASIZE
0x2727	ADDRESS
0x2728	ADDRESS
0x2729	ADDRESS
0x272b	ADDRESS
0x272c	CODESIZE
0x272d	BALANCE
0x272e	CALLDATALOAD
0x272f	ORIGIN
0x2730	CALLDATASIZE
0x2731	ADDRESS
0x2732	ADDRESS
0x2733	CALLER
0x2734	CALLDATASIZE
0x2735	ADDRESS
0x2736	ORIGIN
0x2737	ADDRESS
0x2738	CALLDATALOAD
0x2739	ORIGIN
0x273a	CALLDATASIZE
0x273b	ADDRESS
0x273c	CALLVALUE
0x273d	ADDRESS
0x273e	CODESIZE
0x273f	BALANCE
0x2740	ORIGIN
0x2741	ADDRESS
0x2742	CALLDATALOAD
0x2743	CALLVALUE
0x2744	CODESIZE
0x2745	BALANCE
0x2747	ADDRESS
0x2748	CODESIZE
0x2749	BALANCE
0x274b	ADDRESS
0x274c	CALLDATASIZE
0x274d	ADDRESS
0x274e	CONST
0x2756	CALLDATASIZE
0x2757	BALANCE
0x2758	BALANCE
0x2759	CALLER
0x275a	CONST
0x275e	CALLDATASIZE
0x275f	ADDRESS
0x2760	ADDRESS
0x2761	ADDRESS
0x2762	CODESIZE
0x2763	ADDRESS
0x2764	CONST
0x276c	CALLDATASIZE
0x276d	ADDRESS
0x276e	ADDRESS
0x276f	BALANCE
0x2770	CALLDATALOAD
0x2771	CALLVALUE
0x2772	BALANCE
0x2773	BALANCE
0x2774	BALANCE
0x2775	CALLDATALOAD
0x2776	CALLDATASIZE
0x2777	BALANCE
0x2778	BALANCE
0x2779	CALLER
0x277a	CONST
0x277f	ORIGIN
0x2780	ORIGIN
0x2782	CODESIZE
0x2783	CONST
0x2789	BALANCE
0x278a	CALLDATASIZE
0x278b	ADDRESS
0x278c	ADDRESS
0x278d	BALANCE
0x278e	CALLDATALOAD
0x278f	CALLDATALOAD
0x2790	CALLDATALOAD
0x2791	CONST
0x2795	BALANCE
0x2796	CALLDATASIZE
0x2797	ADDRESS
0x2798	CONST
0x279b	ADDRESS
0x279c	ADDRESS
0x279d	ORIGIN
0x279e	ADDRESS
0x279f	CONST
0x27a2	CODESIZE
0x27a3	CODESIZE
0x27a4	BALANCE
0x27a5	CALLDATASIZE
0x27a6	CALLDATASIZE
0x27a7	ADDRESS
0x27a8	ADDRESS
0x27a9	ADDRESS
0x27ab	ADDRESS
0x27ac	CODESIZE
0x27ad	BALANCE
0x27ae	CALLDATALOAD
0x27af	ORIGIN
0x27b0	CALLDATASIZE
0x27b1	ADDRESS
0x27b2	ADDRESS
0x27b3	CONST
0x27b7	ADDRESS
0x27b8	CALLDATALOAD
0x27b9	ORIGIN
0x27ba	CALLDATASIZE
0x27bb	ADDRESS
0x27bc	CALLVALUE
0x27bd	ADDRESS
0x27bf	ADDRESS
0x27c0	CODESIZE
0x27c1	BALANCE
0x27c3	ADDRESS
0x27c4	ORIGIN
0x27c5	ADDRESS
0x27c6	CALLDATALOAD
0x27c7	CALLVALUE
0x27c8	CALLDATASIZE
0x27c9	ADDRESS
0x27ca	ADDRESS
0x27cb	BALANCE
0x27cd	BALANCE
0x27ce	CODESIZE
0x27cf	CONST
0x27d2	CODESIZE
0x27d3	CONST
0x27d6	CALLDATALOAD
0x27d7	BALANCE
0x27d8	CALLDATASIZE
0x27d9	ADDRESS
0x27da	ADDRESS
0x27db	BALANCE
0x27dc	CALLDATASIZE
0x27dd	ADDRESS
0x27de	CONST
0x27e1	ADDRESS
0x27e2	ADDRESS
0x27e3	ORIGIN
0x27e4	ADDRESS
0x27e5	CONST
0x27e9	CALLER
0x27eb	ADDRESS
0x27ed	CALLER
0x27ee	BALANCE
0x27ef	CALLDATASIZE
0x27f0	CALLDATASIZE
0x27f1	CONST
0x27f6	ADDRESS
0x27f7	ADDRESS
0x27f8	ADDRESS
0x27f9	ADDRESS
0x27fa	ADDRESS
0x27fb	ADDRESS
0x27fc	ADDRESS
0x27fd	ADDRESS
0x27fe	ADDRESS
0x27ff	ADDRESS
0x2800	ADDRESS
0x2801	ADDRESS
0x2802	ADDRESS
0x2803	ADDRESS
0x2804	ADDRESS
0x2805	ADDRESS
0x2806	ADDRESS
0x2807	ADDRESS
0x2808	ADDRESS
0x2809	ADDRESS
0x280a	ADDRESS
0x280b	ADDRESS
0x280c	ADDRESS
0x280d	ORIGIN
0x280e	CODESIZE
0x280f	CALLER
0x2810	CALLDATALOAD
0x2811	ORIGIN
0x2812	CALLDATASIZE
0x2813	ADDRESS
0x2814	BALANCE
0x2815	CALLVALUE
0x2816	CODESIZE
0x2817	CALLER
0x2818	ADDRESS
0x2819	BALANCE
0x281b	BALANCE
0x281d	ADDRESS
0x281f	BALANCE
0x2820	CALLDATALOAD
0x2821	ORIGIN
0x2822	CALLDATASIZE
0x2823	ADDRESS
0x2824	CALLER
0x2825	CALLVALUE
0x2826	CODESIZE
0x2827	ORIGIN
0x2828	ADDRESS
0x2829	BALANCE
0x282a	CALLDATALOAD
0x282b	ORIGIN
0x282c	CALLDATASIZE
0x282d	ADDRESS
0x282e	CALLDATALOAD
0x282f	CALLVALUE
0x2830	ADDRESS
0x2831	BALANCE
0x2832	CALLDATASIZE
0x2833	ADDRESS
0x2834	CALLVALUE
0x2835	ADDRESS
0x2836	CALLDATALOAD
0x2837	BALANCE
0x2838	CODESIZE
0x2839	ADDRESS
0x283b	BALANCE
0x283c	ADDRESS
0x283d	CALLER
0x283f	ADDRESS
0x2840	ORIGIN
0x2841	ADDRESS
0x2842	CODESIZE
0x2844	CODESIZE
0x2846	CODESIZE
0x2848	CALLDATASIZE
0x2849	ADDRESS
0x284a	CALLVALUE
0x284b	ADDRESS
0x284c	CALLDATALOAD
0x284d	BALANCE
0x284e	CALLDATASIZE
0x284f	ADDRESS
0x2850	ADDRESS
0x2851	ADDRESS
0x2852	CODESIZE
0x2853	BALANCE
0x2854	CALLDATALOAD
0x2855	ORIGIN
0x2856	CALLDATASIZE
0x2857	ADDRESS
0x2858	ORIGIN
0x2859	ADDRESS
0x285a	ADDRESS
0x285b	BALANCE
0x285c	CALLDATASIZE
0x285d	ADDRESS
0x285e	CALLVALUE
0x285f	ADDRESS
0x2860	CALLDATALOAD
0x2861	ORIGIN
0x2862	CALLDATASIZE
0x2863	ADDRESS
0x2864	CALLVALUE
0x2865	ADDRESS
0x2866	CALLDATALOAD
0x2867	BALANCE
0x2869	CALLER
0x286a	CODESIZE
0x286b	CALLVALUE
0x286c	CALLDATALOAD
0x286d	ORIGIN
0x286e	CALLDATASIZE
0x286f	ADDRESS
0x2870	CONST
0x2878	CALLDATASIZE
0x2879	ADDRESS
0x287a	ORIGIN
0x287b	ADDRESS
0x287c	CODESIZE
0x287d	ADDRESS
0x287e	CODESIZE
0x287f	CALLDATALOAD
0x2880	ADDRESS
0x2881	BALANCE
0x2883	BALANCE
0x2885	ADDRESS
0x2887	BALANCE
0x2888	CALLDATALOAD
0x2889	ORIGIN
0x288a	CALLDATASIZE
0x288b	ADDRESS
0x288c	CALLVALUE
0x288d	ADDRESS
0x288e	CODESIZE
0x288f	ADDRESS
0x2890	CODESIZE
0x2891	CALLDATALOAD
0x2892	ADDRESS
0x2893	BALANCE
0x2895	ORIGIN
0x2897	ADDRESS
0x2899	ORIGIN
0x289a	CALLDATALOAD
0x289b	ORIGIN
0x289c	CALLDATASIZE
0x289d	ADDRESS
0x289e	CALLDATASIZE
0x289f	ADDRESS
0x28a0	CODESIZE
0x28a1	CALLVALUE
0x28a2	ADDRESS
0x28a3	BALANCE
0x28a5	ORIGIN
0x28a7	ADDRESS
0x28a9	ORIGIN
0x28aa	CALLDATALOAD
0x28ab	ORIGIN
0x28ac	CALLDATASIZE
0x28ad	ADDRESS
0x28ae	CODESIZE
0x28af	ADDRESS
0x28b1	ADDRESS
0x28b3	ORIGIN
0x28b4	ADDRESS
0x28b5	BALANCE
0x28b7	BALANCE
0x28b8	CALLDATALOAD
0x28b9	BALANCE
0x28ba	CALLDATASIZE
0x28bb	ADDRESS
0x28bc	ORIGIN
0x28bd	ADDRESS
0x28be	CODESIZE
0x28bf	BALANCE
0x28c0	ADDRESS
0x28c1	CALLER
0x28c3	ADDRESS
0x28c4	CODESIZE
0x28c5	ADDRESS
0x28c6	CODESIZE
0x28c7	CALLVALUE
0x28c8	ADDRESS
0x28c9	CALLER
0x28cb	ADDRESS
0x28cc	CALLDATASIZE
0x28cd	ADDRESS
0x28ce	ADDRESS
0x28cf	ADDRESS
0x28d0	CODESIZE
0x28d1	CALLDATASIZE
0x28d2	CALLDATALOAD
0x28d3	CONST
0x28d6	BALANCE
0x28d7	CALLDATALOAD
0x28d8	BALANCE
0x28d9	CALLDATALOAD
0x28da	CALLDATASIZE
0x28db	BALANCE
0x28dc	BALANCE
0x28dd	CALLVALUE
0x28df	CALLDATALOAD
0x28e0	CALLDATALOAD
0x28e2	CALLDATASIZE
0x28e3	ADDRESS
0x28e4	ADDRESS
0x28e5	ADDRESS
0x28e6	CODESIZE
0x28e7	ADDRESS
0x28e8	CONST
0x28f0	CALLDATASIZE
0x28f1	ADDRESS
0x28f2	ORIGIN
0x28f3	ADDRESS
0x28f4	CALLDATASIZE
0x28f5	ADDRESS
0x28f6	CALLVALUE
0x28f7	ADDRESS
0x28f8	CALLDATALOAD
0x28f9	BALANCE
0x28fa	ADDRESS
0x28fb	CALLER
0x28fc	CALLDATALOAD
0x28fd	BALANCE
0x28fe	CALLDATASIZE
0x28ff	ADDRESS
0x2900	ADDRESS
0x2901	BALANCE
0x2902	CALLDATASIZE
0x2903	ADDRESS
0x2904	CONST
0x2907	ADDRESS
0x2908	ADDRESS
0x2909	ORIGIN
0x290a	ADDRESS
0x290b	CONST
0x290e	CODESIZE
0x2910	BALANCE
0x2911	CALLDATASIZE
0x2912	CALLDATASIZE
0x2913	ADDRESS
0x2914	ADDRESS
0x2915	ADDRESS
0x2917	ADDRESS
0x2918	CODESIZE
0x2919	BALANCE
0x291a	CALLDATALOAD
0x291b	ORIGIN
0x291c	CALLDATASIZE
0x291d	ADDRESS
0x291e	ADDRESS
0x291f	CONST
0x2923	ADDRESS
0x2924	CALLDATALOAD
0x2925	ORIGIN
0x2926	CALLDATASIZE
0x2927	ADDRESS
0x2928	CALLVALUE
0x2929	ADDRESS
0x292b	ADDRESS
0x292c	ORIGIN
0x292d	ADDRESS
0x292e	CODESIZE
0x292f	ADDRESS
0x2930	CALLDATALOAD
0x2931	CALLVALUE
0x2932	CALLDATASIZE
0x2933	ADDRESS
0x2934	ADDRESS
0x2935	BALANCE
0x2936	ADDRESS
0x2937	BALANCE
0x2939	ADDRESS
0x293a	CALLDATALOAD
0x293b	CALLDATALOAD
0x293d	ORIGIN
0x293e	CALLDATALOAD
0x293f	ADDRESS
0x2940	CALLDATASIZE
0x2941	BALANCE
0x2942	BALANCE
0x2943	CALLVALUE
0x2944	CONST
0x2947	BALANCE
0x2948	BALANCE
0x2949	CONST
0x2951	BALANCE
0x2952	CALLDATALOAD
0x2953	ADDRESS
0x2954	CALLDATASIZE
0x2955	BALANCE
0x2956	BALANCE
0x2957	CALLVALUE
0x2958	CONST
0x295c	BALANCE
0x295d	CALLVALUE
0x295e	CONST
0x2962	CALLDATASIZE
0x2963	ORIGIN
0x2964	ADDRESS
0x2965	BALANCE
0x2966	CODESIZE
0x2967	CALLDATASIZE
0x2968	CONST
0x296b	BALANCE
0x296c	BALANCE
0x296d	CONST
0x2975	CALLER
0x2976	CALLDATASIZE
0x2977	BALANCE
0x2978	BALANCE
0x2979	CONST
0x2981	ADDRESS
0x2982	CALLDATALOAD
0x2983	ADDRESS
0x2984	CALLDATASIZE
0x2985	BALANCE
0x2986	BALANCE
0x2987	CALLVALUE
0x2988	CONST
0x298e	CALLDATALOAD
0x298f	CALLVALUE
0x2990	CODESIZE
0x2991	CALLER
0x2992	CALLDATASIZE
0x2993	BALANCE
0x2994	BALANCE
0x2995	CONST
0x299d	ADDRESS
0x299e	ADDRESS
0x29a0	CALLDATALOAD
0x29a1	CALLDATALOAD
0x29a2	CALLDATASIZE
0x29a3	ADDRESS
0x29a4	ADDRESS
0x29a5	BALANCE
0x29a6	CALLDATASIZE
0x29a7	ADDRESS
0x29a8	CONST
0x29ab	ADDRESS
0x29ac	ADDRESS
0x29ad	ORIGIN
0x29ae	ADDRESS
0x29af	CONST
0x29b2	CODESIZE
0x29b3	CALLER
0x29b4	BALANCE
0x29b5	CALLDATASIZE
0x29b6	CALLDATASIZE
0x29b7	ADDRESS
0x29b8	ADDRESS
0x29b9	ADDRESS
0x29bb	ADDRESS
0x29bc	CODESIZE
0x29bd	BALANCE
0x29be	CALLDATALOAD
0x29bf	ORIGIN
0x29c0	CALLDATASIZE
0x29c1	ADDRESS
0x29c2	ADDRESS
0x29c4	CALLDATASIZE
0x29c5	ADDRESS
0x29c6	ORIGIN
0x29c7	ADDRESS
0x29c8	CALLDATALOAD
0x29c9	ORIGIN
0x29ca	CALLDATASIZE
0x29cb	ADDRESS
0x29cc	CALLVALUE
0x29cd	ADDRESS
0x29cf	ADDRESS
0x29d0	ORIGIN
0x29d1	ADDRESS
0x29d2	CALLDATALOAD
0x29d3	CALLVALUE
0x29d4	CALLDATASIZE
0x29d5	BALANCE
0x29d6	BALANCE
0x29d7	CALLVALUE
0x29d8	CONST
0x29e0	BALANCE
0x29e1	CONST
0x29e9	ADDRESS
0x29ea	ADDRESS
0x29eb	BALANCE
0x29ec	CALLDATASIZE
0x29ed	ADDRESS
0x29ee	CONST
0x29f1	ADDRESS
0x29f2	ADDRESS
0x29f3	ORIGIN
0x29f4	ADDRESS
0x29f5	CONST
0x29f8	CODESIZE
0x29f9	CALLVALUE
0x29fa	BALANCE
0x29fb	CALLDATASIZE
0x29fc	CALLDATASIZE
0x29fd	ADDRESS
0x29fe	ADDRESS
0x29ff	ADDRESS
0x2a01	ADDRESS
0x2a02	CODESIZE
0x2a03	BALANCE
0x2a04	CALLDATALOAD
0x2a05	ORIGIN
0x2a06	CALLDATASIZE
0x2a07	ADDRESS
0x2a08	ADDRESS
0x2a0a	CALLDATASIZE
0x2a0b	ADDRESS
0x2a0c	ORIGIN
0x2a0d	ADDRESS
0x2a0e	CALLDATALOAD
0x2a0f	ORIGIN
0x2a10	CALLDATASIZE
0x2a11	ADDRESS
0x2a12	CALLVALUE
0x2a13	ADDRESS
0x2a15	ADDRESS
0x2a16	ORIGIN
0x2a17	ADDRESS
0x2a18	CALLDATALOAD
0x2a19	CALLDATALOAD
0x2a1a	CALLDATASIZE
0x2a1b	ADDRESS
0x2a1c	ADDRESS
0x2a1d	CODESIZE
0x2a1e	CALLDATALOAD
0x2a1f	CALLVALUE
0x2a20	CALLDATASIZE
0x2a21	BALANCE
0x2a22	BALANCE
0x2a23	CALLDATALOAD
0x2a24	BALANCE
0x2a27	ADDRESS
0x2a28	CODESIZE
0x2a29	ORIGIN
0x2a2a	CALLDATASIZE
0x2a2b	BALANCE
0x2a2c	BALANCE
0x2a2d	CONST
0x2a35	ADDRESS
0x2a36	ADDRESS
0x2a37	CODESIZE
0x2a38	CALLDATALOAD
0x2a39	CALLDATALOAD
0x2a3a	CALLDATASIZE
0x2a3b	ADDRESS
0x2a3c	ADDRESS
0x2a3d	ORIGIN
0x2a3e	CALLDATALOAD
0x2a3f	CALLVALUE
0x2a40	CALLDATASIZE
0x2a41	ADDRESS
0x2a42	ADDRESS
0x2a43	BALANCE
0x2a44	CALLDATASIZE
0x2a45	ADDRESS
0x2a46	CONST
0x2a49	ADDRESS
0x2a4a	ADDRESS
0x2a4b	ORIGIN
0x2a4c	ADDRESS
0x2a4d	CONST
0x2a50	BALANCE
0x2a51	CALLDATASIZE
0x2a52	CALLDATASIZE
0x2a53	CALLER
0x2a54	CONST
0x2a57	CALLDATALOAD
0x2a59	CONST
0x2a5e	CODESIZE
0x2a60	CALLDATASIZE
0x2a61	ADDRESS
0x2a62	CALLVALUE
0x2a63	ADDRESS
0x2a64	CALLDATALOAD
0x2a65	BALANCE
0x2a66	CALLDATASIZE
0x2a67	ADDRESS
0x2a68	CONST
0x2a6f	CONST
0x2a72	CONST
0x2a7a	CODESIZE
0x2a7b	CALLDATALOAD
0x2a7c	BALANCE
0x2a7d	CALLDATASIZE
0x2a7e	ADDRESS
0x2a7f	ORIGIN
0x2a80	CODESIZE
0x2a81	BALANCE
0x2a82	CALLDATALOAD
0x2a83	ORIGIN
0x2a84	CALLDATASIZE
0x2a85	ADDRESS
0x2a86	ADDRESS
0x2a87	BALANCE
0x2a88	CALLDATASIZE
0x2a89	ADDRESS
0x2a8a	CONST
0x2a8d	ADDRESS
0x2a8e	ADDRESS
0x2a8f	ORIGIN
0x2a90	ADDRESS
0x2a91	CONST
0x2a95	ADDRESS
0x2a97	ORIGIN
0x2a98	BALANCE
0x2a99	CALLDATASIZE
0x2a9a	CALLDATASIZE
0x2a9b	ADDRESS
0x2a9c	ADDRESS
0x2a9d	CALLVALUE
0x2a9e	CODESIZE
0x2a9f	CALLER
0x2aa0	ADDRESS
0x2aa1	BALANCE
0x2aa2	CALLDATALOAD
0x2aa3	ORIGIN
0x2aa4	CALLDATASIZE
0x2aa5	ADDRESS
0x2aa6	ORIGIN
0x2aa7	CALLVALUE
0x2aa8	CODESIZE
0x2aa9	ORIGIN
0x2aaa	ADDRESS
0x2aab	BALANCE
0x2aac	CALLDATALOAD
0x2aad	ORIGIN
0x2aae	CALLDATASIZE
0x2aaf	ADDRESS
0x2ab0	CALLVALUE
0x2ab1	CALLVALUE
0x2ab2	ADDRESS
0x2ab3	BALANCE
0x2ab4	CALLDATASIZE
0x2ab5	ADDRESS
0x2ab6	ORIGIN
0x2ab7	ADDRESS
0x2ab8	CALLDATASIZE
0x2ab9	ADDRESS
0x2aba	CALLVALUE
0x2abb	ADDRESS
0x2abc	CALLDATALOAD
0x2abd	BALANCE
0x2abe	CODESIZE
0x2abf	ADDRESS
0x2ac0	CODESIZE
0x2ac1	CALLER
0x2ac2	ADDRESS
0x2ac3	CALLER
0x2ac4	CODESIZE
0x2ac5	BALANCE
0x2ac6	CALLDATASIZE
0x2ac7	ADDRESS
0x2ac8	ADDRESS
0x2ac9	ADDRESS
0x2aca	CODESIZE
0x2acc	CODESIZE
0x2acd	ADDRESS
0x2ace	CALLER
0x2acf	CONST
0x2ad3	CALLDATALOAD
0x2ad4	CALLDATASIZE
0x2ad5	BALANCE
0x2ad6	BALANCE
0x2ad7	CALLDATALOAD
0x2ad9	ORIGIN
0x2ada	CALLDATALOAD
0x2adc	CALLDATASIZE
0x2add	ADDRESS
0x2ade	ADDRESS
0x2adf	ADDRESS
0x2ae0	CODESIZE
0x2ae1	ADDRESS
0x2ae2	CONST
0x2aea	BALANCE
0x2aeb	CALLDATALOAD
0x2aec	BALANCE
0x2aed	CALLDATALOAD
0x2aee	CALLDATASIZE
0x2aef	BALANCE
0x2af0	BALANCE
0x2af1	CALLDATALOAD
0x2af3	CONST
0x2afb	ADDRESS
0x2afc	CONST
0x2b04	CALLDATALOAD
0x2b05	ADDRESS
0x2b06	CALLDATASIZE
0x2b07	ADDRESS
0x2b08	CALLVALUE
0x2b09	ADDRESS
0x2b0a	CALLDATALOAD
0x2b0b	BALANCE
0x2b0c	CODESIZE
0x2b0d	ADDRESS
0x2b0e	CALLDATALOAD
0x2b0f	BALANCE
0x2b11	ADDRESS
0x2b12	CALLDATALOAD
0x2b13	ADDRESS
0x2b14	BALANCE
0x2b15	CALLDATALOAD
0x2b16	BALANCE
0x2b17	CALLDATALOAD
0x2b18	CALLDATASIZE
0x2b19	BALANCE
0x2b1a	BALANCE
0x2b1b	CALLDATALOAD
0x2b1d	BALANCE
0x2b1e	CALLDATALOAD
0x2b20	CONST
0x2b28	CONST
0x2b2d	ADDRESS
0x2b2e	CONST
0x2b33	ORIGIN
0x2b34	CODESIZE
0x2b36	CALLER
0x2b38	CONST
0x2b3e	ORIGIN
0x2b3f	CALLDATALOAD
0x2b40	BALANCE
0x2b41	CALLVALUE
0x2b42	CONST
0x2b4a	CALLER
0x2b4b	CONST
0x2b50	CONST
0x2b58	CALLDATALOAD
0x2b59	ADDRESS
0x2b5a	CONST
0x2b5f	BALANCE
0x2b60	CONST
0x2b66	CODESIZE
0x2b67	CALLER
0x2b68	CODESIZE
0x2b6a	CODESIZE
0x2b6c	CODESIZE
0x2b6d	CALLDATALOAD
0x2b6e	CALLDATASIZE
0x2b6f	ADDRESS
0x2b70	CALLVALUE
0x2b71	ADDRESS
0x2b72	CALLDATALOAD
0x2b73	BALANCE
0x2b74	CALLDATASIZE
0x2b75	ADDRESS
0x2b76	ADDRESS
0x2b77	BALANCE
0x2b78	CALLDATASIZE
0x2b79	ADDRESS
0x2b7a	CONST
0x2b7d	ADDRESS
0x2b7e	ADDRESS
0x2b7f	ORIGIN
0x2b80	ADDRESS
0x2b81	CONST
0x2b85	CALLVALUE
0x2b86	CODESIZE
0x2b87	CALLDATALOAD
0x2b88	BALANCE
0x2b89	CALLDATASIZE
0x2b8a	CODESIZE
0x2b8b	BALANCE
0x2b8c	CALLDATALOAD
0x2b8d	ORIGIN
0x2b8f	ORIGIN
0x2b91	ADDRESS
0x2b93	CALLER
0x2b94	BALANCE
0x2b95	CALLDATASIZE
0x2b96	CALLDATASIZE
0x2b97	ADDRESS
0x2b98	ORIGIN
0x2b99	ADDRESS
0x2b9a	CODESIZE
0x2b9b	CALLER
0x2b9c	ADDRESS
0x2b9d	BALANCE
0x2b9e	CALLDATALOAD
0x2b9f	ORIGIN
0x2ba0	CALLDATASIZE
0x2ba1	ADDRESS
0x2ba2	CALLVALUE
0x2ba3	ADDRESS
0x2ba4	CODESIZE
0x2ba5	ADDRESS
0x2ba6	CODESIZE
0x2ba7	CALLER
0x2ba8	ADDRESS
0x2ba9	BALANCE
0x2bab	BALANCE
0x2bad	ADDRESS
0x2baf	BALANCE
0x2bb0	CALLDATALOAD
0x2bb1	ORIGIN
0x2bb2	CALLDATASIZE
0x2bb3	ADDRESS
0x2bb4	CALLDATASIZE
0x2bb5	ADDRESS
0x2bb6	CODESIZE
0x2bb7	ORIGIN
0x2bb8	ADDRESS
0x2bb9	BALANCE
0x2bbb	ORIGIN
0x2bbd	ADDRESS
0x2bbf	ORIGIN
0x2bc0	CALLDATALOAD
0x2bc1	ORIGIN
0x2bc2	CALLDATASIZE
0x2bc3	ADDRESS
0x2bc4	CODESIZE
0x2bc5	ADDRESS
0x2bc6	ADDRESS
0x2bc7	BALANCE
0x2bc9	ADDRESS
0x2bca	CALLDATALOAD
0x2bcb	BALANCE
0x2bcc	CODESIZE
0x2bcd	ADDRESS
0x2bcf	BALANCE
0x2bd0	ADDRESS
0x2bd1	CALLER
0x2bd3	ADDRESS
0x2bd4	CONST
0x2bd7	ADDRESS
0x2bd8	CALLDATALOAD
0x2bd9	ADDRESS
0x2bda	CALLDATALOAD
0x2bdb	ADDRESS
0x2bdc	CALLDATALOAD
0x2bdd	ADDRESS
0x2bde	CALLDATALOAD
0x2bdf	ADDRESS
0x2be0	CALLDATALOAD
0x2be1	ADDRESS
0x2be2	CALLDATALOAD
0x2be3	ADDRESS
0x2be4	CALLDATALOAD
0x2be5	ADDRESS
0x2be6	CALLDATALOAD
0x2be7	CALLDATASIZE
0x2be8	CALLDATALOAD
0x2be9	CONST
0x2bed	ADDRESS
0x2bee	CALLDATALOAD
0x2bef	CALLVALUE
0x2bf0	CALLER
0x2bf1	CALLER
0x2bf2	CALLDATASIZE
0x2bf3	ADDRESS
0x2bf4	ADDRESS
0x2bf5	BALANCE
0x2bf6	CALLDATASIZE
0x2bf7	ADDRESS
0x2bf8	CONST
0x2bfb	ADDRESS
0x2bfc	ADDRESS
0x2bfd	ORIGIN
0x2bfe	ADDRESS
0x2bff	CONST
0x2c03	ADDRESS
0x2c04	CODESIZE
0x2c05	BALANCE
0x2c06	BALANCE
0x2c07	CALLDATASIZE
0x2c09	BALANCE
0x2c0a	BALANCE
0x2c0b	CALLDATASIZE
0x2c0c	BALANCE
0x2c0d	CALLVALUE
0x2c0e	CALLDATASIZE
0x2c0f	BALANCE
0x2c10	BALANCE
0x2c11	CALLDATASIZE
0x2c12	ADDRESS
0x2c13	CONST
0x2c1b	ADDRESS
0x2c1c	CONST
0x2c24	CALLDATALOAD
0x2c25	CALLVALUE
0x2c26	CALLDATASIZE
0x2c27	BALANCE
0x2c28	BALANCE
0x2c29	CALLDATASIZE
0x2c2a	ORIGIN
0x2c2b	CALLVALUE
0x2c2d	ADDRESS
0x2c2e	CALLDATASIZE
0x2c2f	ADDRESS
0x2c30	ADDRESS
0x2c31	BALANCE
0x2c32	CALLDATASIZE
0x2c33	ADDRESS
0x2c34	CONST
0x2c37	ADDRESS
0x2c38	ADDRESS
0x2c39	ORIGIN
0x2c3a	ADDRESS
0x2c3b	CONST
0x2c3e	BALANCE
0x2c3f	CALLDATASIZE
0x2c40	CALLDATASIZE
0x2c41	BALANCE
0x2c42	ADDRESS
0x2c43	CONST
0x2c48	CALLDATALOAD
0x2c49	CONST
0x2c4d	CALLDATASIZE
0x2c4e	ORIGIN
0x2c4f	CONST
0x2c55	CALLDATASIZE
0x2c56	CONST
0x2c59	CALLDATASIZE
0x2c5a	CALLDATALOAD
0x2c5b	CONST
0x2c5f	ADDRESS
0x2c60	CALLDATALOAD
0x2c61	CALLVALUE
0x2c62	CALLDATASIZE
0x2c63	BALANCE
0x2c64	BALANCE
0x2c65	CALLDATASIZE
0x2c66	CALLVALUE
0x2c67	ORIGIN
0x2c69	ADDRESS
0x2c6a	CALLDATASIZE
0x2c6b	ADDRESS
0x2c6c	ADDRESS
0x2c6d	BALANCE
0x2c6e	CALLDATASIZE
0x2c6f	ADDRESS
0x2c70	CONST
0x2c73	ADDRESS
0x2c74	ADDRESS
0x2c75	ORIGIN
0x2c76	ADDRESS
0x2c77	CONST
0x2c7a	BALANCE
0x2c7b	CALLDATASIZE
0x2c7c	CALLDATASIZE
0x2c7d	BALANCE
0x2c7e	ADDRESS
0x2c7f	CONST
0x2c83	CALLDATASIZE
0x2c84	CALLDATALOAD
0x2c85	CONST
0x2c89	CALLDATASIZE
0x2c8a	CALLVALUE
0x2c8b	CONST
0x2c8f	BALANCE
0x2c90	BALANCE
0x2c92	CALLVALUE
0x2c93	BALANCE
0x2c94	CALLDATALOAD
0x2c95	CALLDATASIZE
0x2c96	CALLDATALOAD
0x2c97	CONST
0x2c9b	ADDRESS
0x2c9c	CODESIZE
0x2c9d	ADDRESS
0x2c9e	CALLDATALOAD
0x2c9f	CALLVALUE
0x2ca1	CALLER
0x2ca2	CONST
0x2caa	CONST
0x2cb2	CONST
0x2cba	CONST
0x2cc2	CONST
0x2cca	BALANCE
0x2ccc	BALANCE
0x2ccd	CALLDATASIZE
0x2cce	CALLDATASIZE
0x2ccf	ADDRESS
0x2cd0	ADDRESS
0x2cd1	BALANCE
0x2cd2	CALLDATASIZE
0x2cd3	ADDRESS
0x2cd4	CONST
0x2cd7	ADDRESS
0x2cd8	ADDRESS
0x2cd9	ORIGIN
0x2cda	ADDRESS
0x2cdb	CONST
0x2cdf	ORIGIN
0x2ce1	ADDRESS
0x2ce3	ORIGIN
0x2ce4	BALANCE
0x2ce5	CALLDATASIZE
0x2ce7	BALANCE
0x2ce9	ADDRESS
0x2ceb	BALANCE
0x2cec	BALANCE
0x2cef	ADDRESS
0x2cf0	CALLDATALOAD
0x2cf1	CALLDATALOAD
0x2cf2	CALLDATALOAD
0x2cf3	CALLDATASIZE
0x2cf4	CALLDATALOAD
0x2cf5	CONST
0x2cf9	BALANCE
0x2cfa	CALLDATALOAD
0x2cfb	CALLVALUE
0x2cfc	CODESIZE
0x2cfd	BALANCE
0x2cfe	CALLDATALOAD
0x2cff	CALLDATASIZE
0x2d00	CALLDATALOAD
0x2d01	CONST
0x2d05	CONST
0x2d0c	CALLDATALOAD
0x2d0d	CONST
0x2d11	CALLDATASIZE
0x2d12	CALLDATASIZE
0x2d13	ADDRESS
0x2d14	ORIGIN
0x2d15	ADDRESS
0x2d16	CALLDATALOAD
0x2d17	ORIGIN
0x2d18	CALLDATASIZE
0x2d19	ADDRESS
0x2d1a	ADDRESS
0x2d1b	ADDRESS
0x2d1d	ADDRESS
0x2d1e	CODESIZE
0x2d1f	BALANCE
0x2d20	CALLDATALOAD
0x2d21	ORIGIN
0x2d22	CALLDATASIZE
0x2d23	ADDRESS
0x2d24	CALLVALUE
0x2d25	ADDRESS
0x2d27	ADDRESS
0x2d28	ORIGIN
0x2d29	ADDRESS
0x2d2a	CALLDATALOAD
0x2d2b	CALLVALUE
0x2d2c	CODESIZE
0x2d2d	BALANCE
0x2d2e	CALLDATALOAD
0x2d2f	CALLDATASIZE
0x2d30	CALLDATALOAD
0x2d31	CONST
0x2d35	CALLVALUE
0x2d36	CALLDATASIZE
0x2d37	ADDRESS
0x2d38	ORIGIN
0x2d39	ADDRESS
0x2d3a	CALLDATALOAD
0x2d3b	ORIGIN
0x2d3c	CALLDATASIZE
0x2d3d	ADDRESS
0x2d3e	ADDRESS
0x2d3f	ADDRESS
0x2d41	ADDRESS
0x2d42	CODESIZE
0x2d43	BALANCE
0x2d44	CALLDATALOAD
0x2d45	ORIGIN
0x2d46	CALLDATASIZE
0x2d47	ADDRESS
0x2d48	CALLVALUE
0x2d49	ADDRESS
0x2d4b	ADDRESS
0x2d4c	ORIGIN
0x2d4d	ADDRESS
0x2d4e	CALLDATALOAD
0x2d4f	CALLVALUE
0x2d50	CALLDATASIZE
0x2d51	ADDRESS
0x2d52	CONST
0x2d5a	CALLDATALOAD
0x2d5b	CONST
0x2d5f	ADDRESS
0x2d60	CALLDATALOAD
0x2d61	CALLVALUE
0x2d62	CALLER
0x2d63	CALLER
0x2d64	CALLDATASIZE
0x2d65	ADDRESS
0x2d66	ADDRESS
0x2d67	BALANCE
0x2d68	CALLDATASIZE
0x2d69	ADDRESS
0x2d6a	CONST
0x2d6d	ADDRESS
0x2d6e	ADDRESS
0x2d6f	ORIGIN
0x2d70	ADDRESS
0x2d71	CONST
0x2d75	ADDRESS
0x2d76	CODESIZE
0x2d77	BALANCE
0x2d78	BALANCE
0x2d79	CALLDATASIZE
0x2d7b	BALANCE
0x2d7c	BALANCE
0x2d7d	CALLDATASIZE
0x2d7e	BALANCE
0x2d7f	CALLVALUE
0x2d80	CALLDATASIZE
0x2d81	BALANCE
0x2d82	BALANCE
0x2d83	CALLDATASIZE
0x2d84	CONST
0x2d89	ADDRESS
0x2d8a	ADDRESS
0x2d8b	ADDRESS
0x2d8c	CODESIZE
0x2d8d	ADDRESS
0x2d8e	CONST
0x2d96	CALLDATASIZE
0x2d97	ADDRESS
0x2d98	CONST
0x2d9b	ADDRESS
0x2d9c	ADDRESS
0x2d9d	ORIGIN
0x2d9e	ADDRESS
0x2d9f	CONST
0x2da2	BALANCE
0x2da3	CALLDATASIZE
0x2da4	CALLDATASIZE
0x2da5	ADDRESS
0x2da6	ADDRESS
0x2da7	ADDRESS
0x2da9	ADDRESS
0x2daa	CODESIZE
0x2dab	BALANCE
0x2dac	CALLDATALOAD
0x2dad	ORIGIN
0x2dae	CALLDATASIZE
0x2daf	ADDRESS
0x2db0	ADDRESS
0x2db1	CALLER
0x2db2	CALLDATASIZE
0x2db3	ADDRESS
0x2db4	ORIGIN
0x2db5	ADDRESS
0x2db6	CALLDATALOAD
0x2db7	ORIGIN
0x2db8	CALLDATASIZE
0x2db9	ADDRESS
0x2dba	CALLVALUE
0x2dbb	ADDRESS
0x2dbd	ADDRESS
0x2dbe	ORIGIN
0x2dbf	ADDRESS
0x2dc0	CODESIZE
0x2dc1	ADDRESS
0x2dc2	CALLDATALOAD
0x2dc3	CALLVALUE
0x2dc4	CALLDATASIZE
0x2dc5	ADDRESS
0x2dc6	CONST
0x2dce	ADDRESS
0x2dcf	BALANCE
0x2dd0	BALANCE
0x2dd3	ADDRESS
0x2dd4	CALLDATALOAD
0x2dd5	CALLDATALOAD
0x2dd6	CALLDATALOAD
0x2dd7	CALLDATASIZE
0x2dd8	CALLDATALOAD
0x2dd9	CONST
0x2ddd	CONST
0x2de5	ADDRESS
0x2de6	CONST
0x2de9	ADDRESS
0x2dea	ADDRESS
0x2deb	ORIGIN
0x2dec	ADDRESS
0x2ded	CONST
0x2df0	BALANCE
0x2df1	CALLDATASIZE
0x2df2	CODESIZE
0x2df3	BALANCE
0x2df4	CALLDATALOAD
0x2df5	CALLDATASIZE
0x2df6	CALLDATALOAD
0x2df7	CONST
0x2dfb	CALLER
0x2dfc	CALLDATASIZE
0x2dfd	ADDRESS
0x2dfe	ORIGIN
0x2dff	ADDRESS
0x2e00	CALLDATALOAD
0x2e01	ORIGIN
0x2e02	CALLDATASIZE
0x2e03	ADDRESS
0x2e04	ADDRESS
0x2e05	ADDRESS
0x2e07	ADDRESS
0x2e08	CODESIZE
0x2e09	BALANCE
0x2e0a	CALLDATALOAD
0x2e0b	ORIGIN
0x2e0c	CALLDATASIZE
0x2e0d	ADDRESS
0x2e0e	CALLVALUE
0x2e0f	ADDRESS
0x2e11	ADDRESS
0x2e12	ORIGIN
0x2e13	ADDRESS
0x2e14	CALLDATALOAD
0x2e15	CALLVALUE
0x2e16	CALLDATASIZE
0x2e17	ADDRESS
0x2e18	CONST
0x2e20	CALLDATALOAD
0x2e21	CONST
0x2e25	BALANCE
0x2e26	CALLDATASIZE
0x2e27	ADDRESS
0x2e28	CONST
0x2e2b	ADDRESS
0x2e2c	ADDRESS
0x2e2d	ORIGIN
0x2e2e	ADDRESS
0x2e2f	CONST
0x2e32	CALLER
0x2e33	CALLER
0x2e34	BALANCE
0x2e35	CALLDATASIZE
0x2e36	CALLDATASIZE
0x2e37	ADDRESS
0x2e38	ADDRESS
0x2e39	ADDRESS
0x2e3b	ADDRESS
0x2e3c	CODESIZE
0x2e3d	BALANCE
0x2e3e	CALLDATALOAD
0x2e3f	ORIGIN
0x2e40	CALLDATASIZE
0x2e41	ADDRESS
0x2e42	ADDRESS
0x2e43	CALLER
0x2e44	CALLDATASIZE
0x2e45	ADDRESS
0x2e46	ORIGIN
0x2e47	ADDRESS
0x2e48	CALLDATALOAD
0x2e49	ORIGIN
0x2e4a	CALLDATASIZE
0x2e4b	ADDRESS
0x2e4c	CALLVALUE
0x2e4d	ADDRESS
0x2e4f	ADDRESS
0x2e50	ORIGIN
0x2e51	ADDRESS
0x2e52	CALLDATALOAD
0x2e53	CALLVALUE
0x2e54	CALLDATASIZE
0x2e55	ADDRESS
0x2e56	CONST
0x2e5e	CALLDATASIZE
0x2e5f	BALANCE
0x2e60	BALANCE
0x2e62	CALLER
0x2e64	CALLDATALOAD
0x2e66	CALLDATASIZE
0x2e67	ADDRESS
0x2e68	ADDRESS
0x2e69	ADDRESS
0x2e6a	CODESIZE
0x2e6b	ADDRESS
0x2e6c	CONST
0x2e74	CODESIZE
0x2e75	CALLDATASIZE
0x2e76	CONST
0x2e79	ORIGIN
0x2e7a	CALLDATASIZE
0x2e7b	ADDRESS
0x2e7c	ADDRESS
0x2e7d	CONST
0x2e82	CALLDATALOAD
0x2e83	CONST
0x2e87	ADDRESS
0x2e88	CALLDATALOAD
0x2e89	CALLVALUE
0x2e8a	CALLER
0x2e8b	CALLER
0x2e8c	CALLDATASIZE
0x2e8d	ADDRESS
0x2e8e	ADDRESS
0x2e8f	BALANCE
0x2e90	CALLDATASIZE
0x2e91	ADDRESS
0x2e92	CONST
0x2e95	ADDRESS
0x2e96	ADDRESS
0x2e97	ORIGIN
0x2e98	ADDRESS
0x2e99	CONST
0x2e9d	ADDRESS
0x2e9e	CODESIZE
0x2e9f	BALANCE
0x2ea0	BALANCE
0x2ea1	CALLDATASIZE
0x2ea3	BALANCE
0x2ea4	BALANCE
0x2ea5	CALLDATASIZE
0x2ea6	BALANCE
0x2ea7	CALLVALUE
0x2ea8	CALLDATASIZE
0x2ea9	BALANCE
0x2eaa	BALANCE
0x2eac	CALLDATALOAD
0x2ead	CONST
0x2eb2	ADDRESS
0x2eb3	ADDRESS
0x2eb4	CODESIZE
0x2eb5	ADDRESS
0x2eb6	CONST
0x2ebe	CALLDATASIZE
0x2ebf	ADDRESS
0x2ec0	CONST
0x2ec3	ADDRESS
0x2ec4	ADDRESS
0x2ec5	ORIGIN
0x2ec6	ADDRESS
0x2ec7	CONST
0x2eca	BALANCE
0x2ecb	CALLDATASIZE
0x2ecc	CALLDATASIZE
0x2ecd	ADDRESS
0x2ece	ADDRESS
0x2ecf	ADDRESS
0x2ed1	ADDRESS
0x2ed2	CODESIZE
0x2ed3	BALANCE
0x2ed4	CALLDATALOAD
0x2ed5	ORIGIN
0x2ed6	CALLDATASIZE
0x2ed7	ADDRESS
0x2ed8	ADDRESS
0x2ed9	CALLVALUE
0x2eda	CALLDATASIZE
0x2edb	ADDRESS
0x2edc	ORIGIN
0x2edd	ADDRESS
0x2ede	CALLDATALOAD
0x2edf	ORIGIN
0x2ee0	CALLDATASIZE
0x2ee1	ADDRESS
0x2ee2	CALLVALUE
0x2ee3	ADDRESS
0x2ee5	ADDRESS
0x2ee6	ORIGIN
0x2ee7	ADDRESS
0x2ee8	CODESIZE
0x2ee9	ADDRESS
0x2eea	CALLDATALOAD
0x2eeb	CALLVALUE
0x2eec	CALLDATASIZE
0x2eed	ADDRESS
0x2eee	CONST
0x2ef6	ADDRESS
0x2ef7	BALANCE
0x2ef8	BALANCE
0x2efb	ADDRESS
0x2efc	CALLDATALOAD
0x2efd	CALLDATALOAD
0x2efe	CALLDATALOAD
0x2eff	CALLDATASIZE
0x2f00	CALLDATALOAD
0x2f01	CONST
0x2f05	BALANCE
0x2f06	CALLDATASIZE
0x2f07	ADDRESS
0x2f08	CONST
0x2f0b	ADDRESS
0x2f0c	ADDRESS
0x2f0d	ORIGIN
0x2f0e	ADDRESS
0x2f0f	CONST
0x2f12	CALLER
0x2f13	CALLER
0x2f14	BALANCE
0x2f15	CALLDATASIZE
0x2f16	CALLDATASIZE
0x2f17	ADDRESS
0x2f18	ADDRESS
0x2f19	ADDRESS
0x2f1b	ADDRESS
0x2f1c	CODESIZE
0x2f1d	BALANCE
0x2f1e	CALLDATALOAD
0x2f1f	ORIGIN
0x2f20	CALLDATASIZE
0x2f21	ADDRESS
0x2f22	ADDRESS
0x2f23	CALLER
0x2f24	CALLDATASIZE
0x2f25	ADDRESS
0x2f26	ORIGIN
0x2f27	ADDRESS
0x2f28	CALLDATALOAD
0x2f29	ORIGIN
0x2f2a	CALLDATASIZE
0x2f2b	ADDRESS
0x2f2c	CALLVALUE
0x2f2d	ADDRESS
0x2f2f	ADDRESS
0x2f30	ORIGIN
0x2f31	ADDRESS
0x2f32	CALLDATALOAD
0x2f33	CALLVALUE
0x2f34	CALLDATASIZE
0x2f35	ADDRESS
0x2f36	CONST
0x2f3e	CALLDATASIZE
0x2f3f	BALANCE
0x2f40	BALANCE
0x2f42	CONST
0x2f46	CALLDATASIZE
0x2f47	ADDRESS
0x2f48	ADDRESS
0x2f49	ADDRESS
0x2f4a	CODESIZE
0x2f4b	ADDRESS
0x2f4c	CONST
0x2f54	BALANCE
0x2f55	ADDRESS
0x2f56	CODESIZE
0x2f57	BALANCE
0x2f58	BALANCE
0x2f59	ADDRESS
0x2f5a	CALLDATASIZE
0x2f5b	BALANCE
0x2f5c	BALANCE
0x2f5e	CONST
0x2f62	CALLDATASIZE
0x2f63	ADDRESS
0x2f64	ADDRESS
0x2f65	ADDRESS
0x2f66	CODESIZE
0x2f67	ADDRESS
0x2f68	CONST
0x2f70	CALLDATALOAD
0x2f71	CALLDATALOAD
0x2f72	CALLDATALOAD
0x2f73	CALLDATASIZE
0x2f74	CALLDATALOAD
0x2f75	CONST
0x2f79	BALANCE
0x2f7a	CALLDATASIZE
0x2f7b	ADDRESS
0x2f7c	CONST
0x2f7f	ADDRESS
0x2f80	ADDRESS
0x2f81	ORIGIN
0x2f82	ADDRESS
0x2f83	CONST
0x2f86	CALLER
0x2f87	CALLER
0x2f88	BALANCE
0x2f89	CALLDATASIZE
0x2f8a	CALLDATASIZE
0x2f8b	ADDRESS
0x2f8c	ADDRESS
0x2f8d	ADDRESS
0x2f8f	ADDRESS
0x2f90	CODESIZE
0x2f91	BALANCE
0x2f92	CALLDATALOAD
0x2f93	ORIGIN
0x2f94	CALLDATASIZE
0x2f95	ADDRESS
0x2f96	ADDRESS
0x2f97	CALLER
0x2f98	CALLDATASIZE
0x2f99	ADDRESS
0x2f9a	ORIGIN
0x2f9b	ADDRESS
0x2f9c	CALLDATALOAD
0x2f9d	ORIGIN
0x2f9e	CALLDATASIZE
0x2f9f	ADDRESS
0x2fa0	CALLVALUE
0x2fa1	ADDRESS
0x2fa2	CODESIZE
0x2fa3	BALANCE
0x2fa4	ORIGIN
0x2fa5	ADDRESS
0x2fa6	CALLDATALOAD
0x2fa7	CALLVALUE
0x2fa8	CODESIZE
0x2fa9	BALANCE
0x2fab	ADDRESS
0x2fac	CODESIZE
0x2fad	BALANCE
0x2faf	ADDRESS
0x2fb0	CALLDATASIZE
0x2fb1	ADDRESS
0x2fb2	CONST
0x2fba	CALLDATASIZE
0x2fbb	BALANCE
0x2fbc	BALANCE
0x2fbe	CONST
0x2fc5	ADDRESS
0x2fc6	CODESIZE
0x2fc7	ADDRESS
0x2fc8	CONST
0x2fd0	CODESIZE
0x2fd2	CALLDATALOAD
0x2fd3	BALANCE
0x2fd4	BALANCE
0x2fd5	CALLVALUE
0x2fd6	CALLDATASIZE
0x2fd7	BALANCE
0x2fd8	BALANCE
0x2fda	CONST
0x2fe2	CODESIZE
0x2fe3	ADDRESS
0x2fe4	CONST
0x2fec	CODESIZE
0x2fee	CALLDATALOAD
0x2fef	BALANCE
0x2ff0	BALANCE
0x2ff1	CALLVALUE
0x2ff2	CALLDATASIZE
0x2ff3	BALANCE
0x2ff4	BALANCE
0x2ff5	CODESIZE
0x2ff6	ADDRESS
0x2ff7	BALANCE
0x2ff8	CALLDATALOAD
0x2ffa	CALLDATASIZE
0x2ffb	ADDRESS
0x2ffc	ADDRESS
0x2ffd	ADDRESS
0x2ffe	CODESIZE
0x2fff	ADDRESS
0x3000	CONST
0x3008	CODESIZE
0x300a	CALLDATALOAD
0x300b	BALANCE
0x300c	BALANCE
0x300d	CALLVALUE
0x300e	CALLDATASIZE
0x300f	BALANCE
0x3010	BALANCE
0x3011	CODESIZE
0x3012	ADDRESS
0x3013	CONST
0x301b	ADDRESS
0x301c	CONST
0x3024	CODESIZE
0x3026	CALLDATALOAD
0x3027	BALANCE
0x3028	BALANCE
0x3029	CALLVALUE
0x302a	CALLDATASIZE
0x302b	BALANCE
0x302c	BALANCE
0x302d	CODESIZE
0x302e	BALANCE
0x302f	CONST
0x3035	ADDRESS
0x3036	CODESIZE
0x3037	ADDRESS
0x3038	CONST
0x3040	CODESIZE
0x3042	CALLDATALOAD
0x3043	BALANCE
0x3044	BALANCE
0x3045	BALANCE
0x3046	BALANCE
0x3047	CALLDATALOAD
0x3048	CALLDATASIZE
0x3049	BALANCE
0x304a	BALANCE
0x304b	CODESIZE
0x304c	ORIGIN
0x304d	CONST
0x3052	ADDRESS
0x3053	ADDRESS
0x3054	CODESIZE
0x3055	ADDRESS
0x3056	CONST
0x305f	BALANCE
0x3060	CALLDATALOAD
0x3061	ADDRESS
0x3062	CODESIZE
0x3063	CALLER
0x3064	BALANCE
0x3065	CALLDATALOAD
0x3066	CALLDATASIZE
0x3067	BALANCE
0x3068	BALANCE
0x3069	CODESIZE
0x306a	CALLVALUE
0x306b	BALANCE
0x306c	CALLDATALOAD
0x306e	CALLDATASIZE
0x306f	BALANCE
0x3070	BALANCE
0x3071	CODESIZE
0x3072	CALLER
0x3073	CONST
0x307a	CALLDATALOAD
0x307b	CALLDATASIZE
0x307c	CALLDATALOAD
0x307d	CONST
0x3081	ADDRESS
0x3082	CALLDATALOAD
0x3083	CONST
0x3087	CODESIZE
0x3088	CALLDATALOAD
0x308a	CALLDATASIZE
0x308b	ADDRESS
0x308c	ADDRESS
0x308e	CALLDATALOAD
0x308f	CALLVALUE
0x3090	CALLDATASIZE
0x3091	BALANCE
0x3092	BALANCE
0x3093	CODESIZE
0x3094	CALLDATALOAD
0x3095	ORIGIN
0x3096	CODESIZE
0x3097	CALLVALUE
0x3098	CODESIZE
0x3099	CONST
0x309e	BALANCE
0x309f	CONST
0x30a7	BALANCE
0x30a8	BALANCE
0x30a9	CONST
0x30b1	ADDRESS
0x30b2	ADDRESS
0x30b4	CALLDATALOAD
0x30b5	CALLDATALOAD
0x30b6	CALLDATALOAD
0x30b7	ADDRESS
0x30b8	CALLDATASIZE
0x30b9	ADDRESS
0x30ba	ADDRESS
0x30bb	ADDRESS
0x30bc	CALLDATALOAD
0x30bd	CONST
0x30c1	BALANCE
0x30c2	CODESIZE
0x30c3	BALANCE
0x30c4	CALLDATASIZE
0x30c5	ADDRESS
0x30c6	CONST
0x30ce	CALLDATASIZE
0x30cf	BALANCE
0x30d0	BALANCE
0x30d1	CALLER
0x30d2	CALLVALUE
0x30d3	CONST
0x30dc	CODESIZE
0x30dd	ORIGIN
0x30de	CALLDATASIZE
0x30df	ADDRESS
0x30e0	CONST
0x30e8	CODESIZE
0x30e9	BALANCE
0x30ea	BALANCE
0x30eb	ADDRESS
0x30ec	CALLDATASIZE
0x30ed	BALANCE
0x30ee	BALANCE
0x30ef	CODESIZE
0x30f1	CONST
0x30f5	CONST
0x30fc	ORIGIN
0x30fd	ADDRESS
0x30fe	ADDRESS
0x30ff	BALANCE
0x3101	ADDRESS
0x3102	CALLDATASIZE
0x3103	ADDRESS
0x3104	ORIGIN
0x3105	ADDRESS
0x3106	ADDRESS
0x3107	ORIGIN
0x3108	ADDRESS
0x3109	BALANCE
0x310a	CALLDATALOAD
0x310b	BALANCE
0x310c	CODESIZE
0x310e	CODESIZE
0x310f	CALLER
0x3110	CALLDATASIZE
0x3111	ADDRESS
0x3112	CONST
0x311a	CODESIZE
0x311b	BALANCE
0x311c	BALANCE
0x311d	ADDRESS
0x311e	CALLDATASIZE
0x311f	BALANCE
0x3120	BALANCE
0x3121	CODESIZE
0x3123	CALLVALUE
0x3124	CALLDATALOAD
0x3126	CONST
0x312e	ORIGIN
0x312f	ADDRESS
0x3130	ADDRESS
0x3131	BALANCE
0x3133	ADDRESS
0x3134	CALLDATASIZE
0x3135	ADDRESS
0x3136	ORIGIN
0x3137	ADDRESS
0x3138	ADDRESS
0x3139	ORIGIN
0x313a	ADDRESS
0x313b	BALANCE
0x313c	CALLDATALOAD
0x313d	BALANCE
0x313e	CALLDATASIZE
0x313f	ADDRESS
0x3140	CALLVALUE
0x3141	ADDRESS
0x3142	CALLDATALOAD
0x3143	BALANCE
0x3144	CALLDATASIZE
0x3145	ADDRESS
0x3146	CODESIZE
0x3147	ADDRESS
0x3148	CALLDATASIZE
0x3149	ADDRESS
0x314a	ADDRESS
0x314b	ORIGIN
0x314c	ADDRESS
0x314d	CONST
0x3150	ADDRESS
0x3151	CONST
0x3159	ADDRESS
0x315b	CALLER
0x315c	ADDRESS
0x315d	CONST
0x3161	ORIGIN
0x3162	CODESIZE
0x3163	BALANCE
0x3164	CALLDATALOAD
0x3165	ORIGIN
0x3166	CALLDATASIZE
0x3167	ADDRESS
0x3168	ADDRESS
0x3169	BALANCE
0x316a	CALLDATASIZE
0x316b	ADDRESS
0x316c	CODESIZE
0x316d	ADDRESS
0x316e	CALLDATASIZE
0x316f	ADDRESS
0x3170	ADDRESS
0x3171	ORIGIN
0x3172	ADDRESS
0x3173	CONST
0x3177	ADDRESS
0x3179	BALANCE
0x317a	BALANCE
0x317b	CALLDATASIZE
0x317d	ADDRESS
0x317f	BALANCE
0x3180	ADDRESS
0x3181	ORIGIN
0x3182	CALLDATASIZE
0x3183	ADDRESS
0x3184	BALANCE
0x3185	ADDRESS
0x3186	CODESIZE
0x3187	ORIGIN
0x3188	ADDRESS
0x3189	BALANCE
0x318a	CALLDATALOAD
0x318b	ORIGIN
0x318c	CALLDATASIZE
0x318d	ADDRESS
0x318e	ORIGIN
0x318f	ADDRESS
0x3190	ADDRESS
0x3191	BALANCE
0x3192	CALLDATASIZE
0x3193	ADDRESS
0x3194	CALLVALUE
0x3195	ADDRESS
0x3196	CALLDATALOAD
0x3197	BALANCE
0x3198	CODESIZE
0x3199	ADDRESS
0x319b	BALANCE
0x319c	ADDRESS
0x319d	CALLER
0x319f	ADDRESS
0x31a0	ORIGIN
0x31a1	ADDRESS
0x31a2	CODESIZE
0x31a3	CODESIZE
0x31a4	CODESIZE
0x31a5	CALLER
0x31a6	CALLDATASIZE
0x31a7	ADDRESS
0x31a8	CONST
0x31b0	CODESIZE
0x31b1	BALANCE
0x31b2	BALANCE
0x31b3	ADDRESS
0x31b4	CALLDATASIZE
0x31b5	BALANCE
0x31b6	BALANCE
0x31b7	CODESIZE
0x31b8	CONST
0x31be	CALLDATALOAD
0x31bf	CONST
0x31c3	ADDRESS
0x31c4	ORIGIN
0x31c5	ADDRESS
0x31c6	ADDRESS
0x31c7	BALANCE
0x31c9	ADDRESS
0x31ca	CALLDATASIZE
0x31cb	ADDRESS
0x31cc	ORIGIN
0x31cd	ADDRESS
0x31ce	ADDRESS
0x31cf	ORIGIN
0x31d0	ADDRESS
0x31d1	BALANCE
0x31d2	CALLDATALOAD
0x31d3	BALANCE
0x31d4	CODESIZE
0x31d5	CODESIZE
0x31d6	CODESIZE
0x31d7	CALLVALUE
0x31d8	CALLDATASIZE
0x31d9	ADDRESS
0x31da	CONST
0x31e2	CODESIZE
0x31e3	BALANCE
0x31e4	BALANCE
0x31e5	ADDRESS
0x31e6	CALLDATASIZE
0x31e7	BALANCE
0x31e8	BALANCE
0x31e9	CODESIZE
0x31ea	CONST
0x31f3	ADDRESS
0x31f4	CALLDATASIZE
0x31f5	ADDRESS
0x31f6	ORIGIN
0x31f7	ADDRESS
0x31f8	ADDRESS
0x31f9	BALANCE
0x31fb	ADDRESS
0x31fc	CALLDATASIZE
0x31fd	ADDRESS
0x31fe	ORIGIN
0x31ff	ADDRESS
0x3200	ADDRESS
0x3201	ORIGIN
0x3202	ADDRESS
0x3203	BALANCE
0x3204	CALLDATALOAD
0x3205	BALANCE
0x3206	CODESIZE
0x3207	CODESIZE
0x3208	CODESIZE
0x3209	CALLDATALOAD
0x320a	CALLDATASIZE
0x320b	ADDRESS
0x320c	CONST
0x3214	CODESIZE
0x3215	BALANCE
0x3216	BALANCE
0x3217	ADDRESS
0x3218	CALLDATASIZE
0x3219	BALANCE
0x321a	BALANCE
0x321c	BALANCE
0x321d	BALANCE
0x321e	CALLDATALOAD
0x3220	CONST
0x3228	ORIGIN
0x3229	ADDRESS
0x322a	ADDRESS
0x322b	BALANCE
0x322d	ADDRESS
0x322e	CALLDATASIZE
0x322f	ADDRESS
0x3230	ORIGIN
0x3231	ADDRESS
0x3232	ADDRESS
0x3233	ORIGIN
0x3234	ADDRESS
0x3235	BALANCE
0x3236	CALLDATALOAD
0x3237	BALANCE
0x3238	CALLDATASIZE
0x3239	ADDRESS
0x323a	CALLVALUE
0x323b	ADDRESS
0x323c	CALLDATALOAD
0x323d	BALANCE
0x323e	CALLDATASIZE
0x323f	ADDRESS
0x3240	ADDRESS
0x3241	ADDRESS
0x3242	CODESIZE
0x3243	BALANCE
0x3244	CALLDATALOAD
0x3245	ORIGIN
0x3246	CALLDATASIZE
0x3247	ADDRESS
0x3248	ORIGIN
0x3249	ADDRESS
0x324a	ADDRESS
0x324b	BALANCE
0x324c	CALLDATASIZE
0x324d	ADDRESS
0x324e	CALLVALUE
0x324f	ADDRESS
0x3250	CALLDATALOAD
0x3251	ORIGIN
0x3252	CALLDATASIZE
0x3253	ADDRESS
0x3254	CALLVALUE
0x3255	ADDRESS
0x3256	CALLDATALOAD
0x3257	BALANCE
0x3259	CALLER
0x325a	CODESIZE
0x325b	CALLVALUE
0x325c	CALLDATALOAD
0x325d	ORIGIN
0x325e	CALLDATASIZE
0x325f	ADDRESS
0x3260	CONST
0x3268	CALLDATASIZE
0x3269	ADDRESS
0x326a	ORIGIN
0x326b	ADDRESS
0x326c	CODESIZE
0x326d	ADDRESS
0x326e	CODESIZE
0x326f	CALLDATALOAD
0x3270	ADDRESS
0x3271	BALANCE
0x3273	BALANCE
0x3275	ADDRESS
0x3277	BALANCE
0x3278	CALLDATALOAD
0x3279	ORIGIN
0x327a	CALLDATASIZE
0x327b	ADDRESS
0x327c	CALLVALUE
0x327d	ADDRESS
0x327e	CODESIZE
0x327f	ADDRESS
0x3280	CODESIZE
0x3281	CALLDATALOAD
0x3282	ADDRESS
0x3283	BALANCE
0x3285	ORIGIN
0x3287	ADDRESS
0x3289	ORIGIN
0x328a	CALLDATALOAD
0x328b	ORIGIN
0x328c	CALLDATASIZE
0x328d	ADDRESS
0x328e	CALLDATASIZE
0x328f	ADDRESS
0x3290	CODESIZE
0x3291	CALLVALUE
0x3292	ADDRESS
0x3293	BALANCE
0x3295	ORIGIN
0x3297	ADDRESS
0x3299	ORIGIN
0x329a	CALLDATALOAD
0x329b	ORIGIN
0x329c	CALLDATASIZE
0x329d	ADDRESS
0x329e	CODESIZE
0x329f	ADDRESS
0x32a1	ADDRESS
0x32a3	ORIGIN
0x32a4	ADDRESS
0x32a5	BALANCE
0x32a7	BALANCE
0x32a8	CALLDATALOAD
0x32a9	BALANCE
0x32aa	CALLDATASIZE
0x32ab	ADDRESS
0x32ac	ORIGIN
0x32ad	ADDRESS
0x32ae	CODESIZE
0x32af	BALANCE
0x32b0	ADDRESS
0x32b1	CALLER
0x32b3	ADDRESS
0x32b4	CODESIZE
0x32b5	ADDRESS
0x32b6	CODESIZE
0x32b7	CALLVALUE
0x32b8	ADDRESS
0x32b9	CALLER
0x32bb	ADDRESS
0x32bc	CALLDATASIZE
0x32bd	ADDRESS
0x32be	ADDRESS
0x32bf	ADDRESS
0x32c0	CODESIZE
0x32c1	CALLDATASIZE
0x32c2	CALLDATALOAD
0x32c3	CONST
0x32c6	BALANCE
0x32c7	CALLDATALOAD
0x32c8	BALANCE
0x32c9	CALLDATALOAD
0x32ca	CALLDATASIZE
0x32cb	BALANCE
0x32cc	BALANCE
0x32ce	CALLDATASIZE
0x32cf	CONST
0x32d5	ADDRESS
0x32d6	CODESIZE
0x32d7	ADDRESS
0x32d8	CONST
0x32e0	CALLDATASIZE
0x32e1	ADDRESS
0x32e2	ORIGIN
0x32e3	ADDRESS
0x32e4	CALLDATASIZE
0x32e5	ADDRESS
0x32e6	CALLVALUE
0x32e7	ADDRESS
0x32e8	CALLDATALOAD
0x32e9	BALANCE
0x32ea	ADDRESS
0x32eb	CALLER
0x32ec	CALLDATALOAD
0x32ed	BALANCE
0x32ef	ORIGIN
0x32f0	CALLDATALOAD
0x32f1	ADDRESS
0x32f2	CALLDATASIZE
0x32f3	BALANCE
0x32f4	BALANCE
0x32f6	CONST
0x32fa	CODESIZE
0x32fb	CONST
0x32fe	CALLDATASIZE
0x32ff	ADDRESS
0x3300	CONST
0x3308	CODESIZE
0x3309	BALANCE
0x330a	BALANCE
0x330b	ADDRESS
0x330c	CALLDATASIZE
0x330d	BALANCE
0x330e	BALANCE
0x3310	CODESIZE
0x3311	CONST
0x3315	CONST
0x331c	ORIGIN
0x331d	ADDRESS
0x331e	ADDRESS
0x331f	BALANCE
0x3321	ADDRESS
0x3322	CALLDATASIZE
0x3323	ADDRESS
0x3324	ORIGIN
0x3325	ADDRESS
0x3326	ADDRESS
0x3327	ORIGIN
0x3328	ADDRESS
0x3329	BALANCE
0x332a	CALLDATALOAD
0x332b	BALANCE
0x332c	CODESIZE
0x332d	CONST
0x3330	CALLDATASIZE
0x3331	ADDRESS
0x3332	CONST
0x333a	CODESIZE
0x333b	BALANCE
0x333c	BALANCE
0x333d	ADDRESS
0x333e	CALLDATASIZE
0x333f	BALANCE
0x3340	BALANCE
0x3342	CONST
0x3346	CONST
0x334e	ORIGIN
0x334f	ADDRESS
0x3350	ADDRESS
0x3351	BALANCE
0x3353	ADDRESS
0x3354	CALLDATASIZE
0x3355	ADDRESS
0x3356	ORIGIN
0x3357	ADDRESS
0x3358	ADDRESS
0x3359	ORIGIN
0x335a	ADDRESS
0x335b	BALANCE
0x335c	CALLDATALOAD
0x335d	BALANCE
0x335e	CODESIZE
0x335f	CALLDATALOAD
0x3360	CALLDATASIZE
0x3361	BALANCE
0x3362	ORIGIN
0x3363	BALANCE
0x3364	CALLVALUE
0x3365	CONST
0x336d	BALANCE
0x336e	ADDRESS
0x336f	BALANCE
0x3370	CALLDATASIZE
0x3371	BALANCE
0x3372	BALANCE
0x3373	CODESIZE
0x3374	CALLDATALOAD
0x3375	CONST
0x337c	ADDRESS
0x337d	CONST
0x3384	CALLDATASIZE
0x3385	ADDRESS
0x3386	CONST
0x3389	ADDRESS
0x338a	ADDRESS
0x338b	ORIGIN
0x338c	ADDRESS
0x338d	CONST
0x3390	CALLER
0x3391	CALLER
0x3392	BALANCE
0x3393	CALLDATASIZE
0x3394	CALLDATASIZE
0x3395	ADDRESS
0x3396	ADDRESS
0x3397	ADDRESS
0x3399	ADDRESS
0x339a	CODESIZE
0x339b	BALANCE
0x339c	CALLDATALOAD
0x339d	ORIGIN
0x339e	CALLDATASIZE
0x339f	ADDRESS
0x33a0	ADDRESS
0x33a1	CONST
0x33a4	ORIGIN
0x33a5	ADDRESS
0x33a6	CALLDATALOAD
0x33a7	ORIGIN
0x33a8	CALLDATASIZE
0x33a9	ADDRESS
0x33aa	CALLVALUE
0x33ab	ADDRESS
0x33ad	ADDRESS
0x33ae	ORIGIN
0x33af	ADDRESS
0x33b0	CALLVALUE
0x33b1	ORIGIN
0x33b3	ADDRESS
0x33b5	BALANCE
0x33b6	ADDRESS
0x33b7	BALANCE
0x33b9	ADDRESS
0x33ba	CALLDATALOAD
0x33bb	CALLDATALOAD
0x33bc	CALLDATALOAD
0x33bd	CALLDATASIZE
0x33be	CALLDATALOAD
0x33bf	CONST
0x33c3	ADDRESS
0x33c4	CODESIZE
0x33c5	ADDRESS
0x33c6	CALLDATASIZE
0x33c7	BALANCE
0x33c8	BALANCE
0x33ca	CONST
0x33d1	CODESIZE
0x33d2	CODESIZE
0x33d3	CODESIZE
0x33d4	CODESIZE
0x33d5	CODESIZE
0x33d6	CALLDATASIZE
0x33d7	BALANCE
0x33d8	ORIGIN
0x33d9	ORIGIN
0x33da	CONST
0x33dd	CALLDATASIZE
0x33de	CALLDATALOAD
0x33df	CONST
0x33e3	ADDRESS
0x33e4	CALLDATASIZE
0x33e5	ADDRESS
0x33e6	ADDRESS
0x33e7	ADDRESS
0x33e9	ADDRESS
0x33ea	CALLDATALOAD
0x33eb	ADDRESS
0x33ec	CALLER
0x33ed	CALLER
0x33ee	CALLDATASIZE
0x33ef	ADDRESS
0x33f0	ADDRESS
0x33f1	BALANCE
0x33f2	CALLDATASIZE
0x33f3	ADDRESS
0x33f4	CONST
0x33f7	ADDRESS
0x33f8	ADDRESS
0x33f9	ORIGIN
0x33fa	ADDRESS
0x33fb	CONST
0x33fe	BALANCE
0x33ff	CALLDATASIZE
0x3400	CODESIZE
0x3401	ORIGIN
0x3402	CALLDATASIZE
0x3403	ADDRESS
0x3404	ADDRESS
0x3405	BALANCE
0x3406	CALLDATASIZE
0x3407	ADDRESS
0x3408	CONST
0x340b	ADDRESS
0x340c	ADDRESS
0x340d	ORIGIN
0x340e	ADDRESS
0x340f	CONST
0x3412	BALANCE
0x3413	CALLDATASIZE
0x3414	BALANCE
0x3415	CALLVALUE
0x3416	BALANCE
0x3417	CALLDATALOAD
0x3418	CALLDATASIZE
0x3419	BALANCE
0x341a	BALANCE
0x341b	CONST
0x341e	CALLDATALOAD
0x3420	CALLDATASIZE
0x3421	ADDRESS
0x3422	ADDRESS
0x3423	CALLER
0x3424	CALLDATASIZE
0x3425	ADDRESS
0x3426	ADDRESS
0x3427	ADDRESS
0x3428	CALLDATASIZE
0x3429	ADDRESS
0x342a	ADDRESS
0x342b	BALANCE
0x342c	CODESIZE
0x342d	CALLVALUE
0x342e	CODESIZE
0x342f	CONST
0x3433	ADDRESS
0x3434	CALLVALUE
0x3435	ADDRESS
0x3436	CALLDATALOAD
0x3437	BALANCE
0x3438	CALLDATASIZE
0x3439	CONST
0x343e	ADDRESS
0x343f	ADDRESS
0x3440	ADDRESS
0x3441	ADDRESS
0x3442	ADDRESS
0x3443	ADDRESS
0x3444	ADDRESS
0x3445	ADDRESS
0x3446	ADDRESS
0x3447	ADDRESS
0x3448	ADDRESS
0x3449	ADDRESS
0x344a	ADDRESS
0x344b	ADDRESS
0x344c	ADDRESS
0x344d	ADDRESS
0x344e	ADDRESS
0x344f	ADDRESS
0x3450	ADDRESS
0x3451	ADDRESS
0x3452	ADDRESS
0x3453	ADDRESS
0x3454	CALLDATASIZE
0x3455	ADDRESS
0x3456	ADDRESS
0x3457	BALANCE
0x3458	CALLDATASIZE
0x3459	ADDRESS
0x345a	CONST
0x345d	ADDRESS
0x345e	ADDRESS
0x345f	ORIGIN
0x3460	ADDRESS
0x3461	CONST
0x3465	ADDRESS
0x3467	CALLVALUE
0x3468	BALANCE
0x3469	CALLDATASIZE
0x346b	CALLER
0x346d	ADDRESS
0x346f	CALLER
0x3470	ADDRESS
0x3471	ORIGIN
0x3472	CODESIZE
0x3473	CALLER
0x3474	CALLDATALOAD
0x3475	ORIGIN
0x3476	CALLDATASIZE
0x3477	ADDRESS
0x3478	CODESIZE
0x3479	ADDRESS
0x347a	CALLDATASIZE
0x347b	ADDRESS
0x347c	ADDRESS
0x347d	ORIGIN
0x347e	ADDRESS
0x347f	CONST
0x3482	ADDRESS
0x3483	CONST
0x348b	ADDRESS
0x348d	ORIGIN
0x348e	ADDRESS
0x348f	CONST
0x3493	ORIGIN
0x3494	CALLDATASIZE
0x3495	ADDRESS
0x3496	BALANCE
0x3497	CALLVALUE
0x3498	CODESIZE
0x3499	CALLVALUE
0x349a	ADDRESS
0x349b	BALANCE
0x349c	CALLDATALOAD
0x349d	ORIGIN
0x349e	CALLDATASIZE
0x349f	ADDRESS
0x34a0	ADDRESS
0x34a1	BALANCE
0x34a2	CALLDATASIZE
0x34a3	ADDRESS
0x34a4	CODESIZE
0x34a5	ADDRESS
0x34a6	CALLDATASIZE
0x34a7	ADDRESS
0x34a8	ADDRESS
0x34a9	ORIGIN
0x34aa	ADDRESS
0x34ab	CONST
0x34ae	BALANCE
0x34af	CALLDATASIZE
0x34b0	ADDRESS
0x34b1	ORIGIN
0x34b2	CALLDATASIZE
0x34b3	ADDRESS
0x34b4	ORIGIN
0x34b5	CALLVALUE
0x34b6	CODESIZE
0x34b7	ORIGIN
0x34b8	ADDRESS
0x34b9	BALANCE
0x34ba	CALLDATALOAD
0x34bb	ORIGIN
0x34bc	CALLDATASIZE
0x34bd	ADDRESS
0x34be	CALLER
0x34bf	CALLVALUE
0x34c0	ADDRESS
0x34c1	BALANCE
0x34c2	CALLDATASIZE
0x34c3	ADDRESS
0x34c4	CALLVALUE
0x34c5	ADDRESS
0x34c6	CALLDATALOAD
0x34c7	BALANCE
0x34c8	CODESIZE
0x34c9	ADDRESS
0x34cb	BALANCE
0x34cc	ADDRESS
0x34cd	CALLER
0x34cf	ADDRESS
0x34d0	ORIGIN
0x34d1	ADDRESS
0x34d2	CODESIZE
0x34d4	CODESIZE
0x34d6	CODESIZE
0x34d8	CALLDATASIZE
0x34d9	ADDRESS
0x34da	CALLVALUE
0x34db	ADDRESS
0x34dc	CALLDATALOAD
0x34dd	BALANCE
0x34de	CALLDATASIZE
0x34df	ADDRESS
0x34e0	ADDRESS
0x34e1	ADDRESS
0x34e2	CODESIZE
0x34e3	BALANCE
0x34e4	CALLDATALOAD
0x34e5	ORIGIN
0x34e6	CALLDATASIZE
0x34e7	ADDRESS
0x34e8	ORIGIN
0x34e9	ADDRESS
0x34ea	ADDRESS
0x34eb	BALANCE
0x34ec	CALLDATASIZE
0x34ed	ADDRESS
0x34ee	CALLVALUE
0x34ef	ADDRESS
0x34f0	CALLDATALOAD
0x34f1	ORIGIN
0x34f2	CALLDATASIZE
0x34f3	ADDRESS
0x34f4	CALLVALUE
0x34f5	ADDRESS
0x34f6	CALLDATALOAD
0x34f7	BALANCE
0x34f9	CALLER
0x34fa	CODESIZE
0x34fb	CALLVALUE
0x34fc	CALLDATALOAD
0x34fd	ORIGIN
0x34fe	CALLDATASIZE
0x34ff	ADDRESS
0x3500	CONST
0x3508	CALLDATASIZE
0x3509	ADDRESS
0x350a	ORIGIN
0x350b	ADDRESS
0x350c	CODESIZE
0x350d	ADDRESS
0x350e	CODESIZE
0x350f	CALLDATALOAD
0x3510	ADDRESS
0x3511	BALANCE
0x3513	BALANCE
0x3515	ADDRESS
0x3517	BALANCE
0x3518	CALLDATALOAD
0x3519	ORIGIN
0x351a	CALLDATASIZE
0x351b	ADDRESS
0x351c	CALLVALUE
0x351d	ADDRESS
0x351e	CODESIZE
0x351f	ADDRESS
0x3520	CODESIZE
0x3521	CALLDATALOAD
0x3522	ADDRESS
0x3523	BALANCE
0x3525	ORIGIN
0x3527	ADDRESS
0x3529	ORIGIN
0x352a	CALLDATALOAD
0x352b	ORIGIN
0x352c	CALLDATASIZE
0x352d	ADDRESS
0x352e	CALLDATASIZE
0x352f	ADDRESS
0x3530	CODESIZE
0x3531	CALLVALUE
0x3532	ADDRESS
0x3533	BALANCE
0x3535	ORIGIN
0x3537	ADDRESS
0x3539	ORIGIN
0x353a	CALLDATALOAD
0x353b	ORIGIN
0x353c	CALLDATASIZE
0x353d	ADDRESS
0x353e	CODESIZE
0x353f	ADDRESS
0x3541	ADDRESS
0x3543	ORIGIN
0x3544	ADDRESS
0x3545	BALANCE
0x3547	BALANCE
0x3548	CALLDATALOAD
0x3549	BALANCE
0x354a	CALLDATASIZE
0x354b	ADDRESS
0x354c	ORIGIN
0x354d	ADDRESS
0x354e	CODESIZE
0x354f	BALANCE
0x3550	ADDRESS
0x3551	CALLER
0x3553	ADDRESS
0x3554	CODESIZE
0x3555	ADDRESS
0x3556	CODESIZE
0x3557	CALLVALUE
0x3558	ADDRESS
0x3559	CALLER
0x355b	ADDRESS
0x355c	CALLDATASIZE
0x355d	ADDRESS
0x355e	ADDRESS
0x355f	ADDRESS
0x3560	CODESIZE
0x3561	CALLDATASIZE
0x3562	CALLDATALOAD
0x3563	CONST
0x3566	BALANCE
0x3567	CALLDATALOAD
0x3568	BALANCE
0x3569	CALLDATALOAD
0x356a	CALLDATASIZE
0x356b	BALANCE
0x356c	BALANCE
0x356d	CONST
0x3570	CALLDATALOAD
0x3572	CALLDATASIZE
0x3573	ADDRESS
0x3574	ADDRESS
0x3575	ADDRESS
0x3576	CODESIZE
0x3577	ADDRESS
0x3578	CONST
0x3580	CALLDATASIZE
0x3581	ADDRESS
0x3582	ORIGIN
0x3583	ADDRESS
0x3584	CALLDATASIZE
0x3585	ADDRESS
0x3586	CALLVALUE
0x3587	ADDRESS
0x3588	CALLDATALOAD
0x3589	BALANCE
0x358a	ADDRESS
0x358b	CALLER
0x358c	CALLDATALOAD
0x358d	BALANCE
0x358e	CALLDATASIZE
0x358f	ADDRESS
0x3590	ADDRESS
0x3591	BALANCE
0x3592	CALLDATASIZE
0x3593	ADDRESS
0x3594	CONST
0x3597	ADDRESS
0x3598	ADDRESS
0x3599	ORIGIN
0x359a	ADDRESS
0x359b	CONST
0x359e	BALANCE
0x359f	CALLDATASIZE
0x35a0	CODESIZE
0x35a1	BALANCE
0x35a2	CALLDATALOAD
0x35a3	ORIGIN
0x35a4	CALLDATASIZE
0x35a5	ADDRESS
0x35a6	ORIGIN
0x35a7	ADDRESS
0x35a8	CODESIZE
0x35a9	BALANCE
0x35aa	ADDRESS
0x35ab	BALANCE
0x35ad	BALANCE
0x35af	ADDRESS
0x35b1	BALANCE
0x35b2	CALLDATALOAD
0x35b3	ORIGIN
0x35b4	CALLDATASIZE
0x35b5	ADDRESS
0x35b6	CALLVALUE
0x35b7	ADDRESS
0x35b8	ADDRESS
0x35b9	BALANCE
0x35ba	CALLDATASIZE
0x35bb	ADDRESS
0x35bc	ADDRESS
0x35bd	ADDRESS
0x35be	ORIGIN
0x35bf	ADDRESS
0x35c0	CALLDATALOAD
0x35c1	CALLVALUE
0x35c2	CALLDATASIZE
0x35c3	ADDRESS
0x35c4	CONST
0x35cc	CALLDATASIZE
0x35cd	BALANCE
0x35ce	BALANCE
0x35cf	CONST
0x35d2	CALLDATALOAD
0x35d4	CALLDATASIZE
0x35d5	ADDRESS
0x35d6	ADDRESS
0x35d7	ADDRESS
0x35d8	CODESIZE
0x35d9	ADDRESS
0x35da	CONST
0x35e2	BALANCE
0x35e3	CALLER
0x35e4	CALLDATALOAD
0x35e5	CALLDATASIZE
0x35e6	CALLDATALOAD
0x35e7	CONST
0x35eb	CALLDATALOAD
0x35ec	CALLDATASIZE
0x35ed	BALANCE
0x35ee	BALANCE
0x35ef	CONST
0x35f4	CALLDATASIZE
0x35f5	BALANCE
0x35f6	BALANCE
0x35f7	CONST
0x35fb	BALANCE
0x35fc	BALANCE
0x35fd	CONST
0x3605	ADDRESS
0x3606	CALLDATALOAD
0x3607	ADDRESS
0x3608	CALLDATASIZE
0x3609	BALANCE
0x360a	BALANCE
0x360b	CONST
0x360f	ADDRESS
0x3610	ADDRESS
0x3612	CALLDATALOAD
0x3613	CALLVALUE
0x3614	CODESIZE
0x3615	ORIGIN
0x3616	CALLDATASIZE
0x3617	BALANCE
0x3618	BALANCE
0x3619	CONST
0x3621	ADDRESS
0x3622	ADDRESS
0x3624	CALLDATALOAD
0x3625	CALLDATALOAD
0x3626	CALLDATALOAD
0x3627	CONST
0x362b	CONST
0x362f	ORIGIN
0x3630	CODESIZE
0x3632	CODESIZE
0x3634	CODESIZE
0x3635	CALLVALUE
0x3636	CALLDATASIZE
0x3637	BALANCE
0x3638	ORIGIN
0x3639	BALANCE
0x363a	CALLVALUE
0x363b	CONST
0x3643	ADDRESS
0x3644	CALLDATALOAD
0x3645	ADDRESS
0x3646	CALLDATALOAD
0x3647	ADDRESS
0x3648	CALLDATALOAD
0x3649	ADDRESS
0x364a	CALLDATALOAD
0x364b	ADDRESS
0x364c	CALLDATALOAD
0x364d	ADDRESS
0x364e	CALLDATALOAD
0x364f	ADDRESS
0x3650	CALLDATALOAD
0x3651	CALLDATASIZE
0x3652	CALLDATALOAD
0x3653	CONST
0x3658	CALLDATALOAD
0x3659	CALLVALUE
0x365a	CODESIZE
0x365b	BALANCE
0x365c	CALLDATALOAD
0x365d	CALLDATASIZE
0x365e	CALLDATALOAD
0x365f	CONST
0x3663	BALANCE
0x3664	CALLDATASIZE
0x3665	ADDRESS
0x3666	CONST
0x3669	ADDRESS
0x366a	ADDRESS
0x366b	ORIGIN
0x366c	ADDRESS
0x366d	CONST
0x3670	CALLER
0x3671	CALLER
0x3672	BALANCE
0x3673	CALLDATASIZE
0x3674	CALLDATASIZE
0x3675	ADDRESS
0x3676	ADDRESS
0x3677	ADDRESS
0x3679	ADDRESS
0x367a	CODESIZE
0x367b	BALANCE
0x367c	CALLDATALOAD
0x367d	ORIGIN
0x367e	CALLDATASIZE
0x367f	ADDRESS
0x3680	ADDRESS
0x3681	CONST
0x3684	ORIGIN
0x3685	ADDRESS
0x3686	CALLDATALOAD
0x3687	ORIGIN
0x3688	CALLDATASIZE
0x3689	ADDRESS
0x368a	CALLVALUE
0x368b	ADDRESS
0x368c	CODESIZE
0x368d	BALANCE
0x368e	ORIGIN
0x368f	ADDRESS
0x3690	CALLDATALOAD
0x3691	CALLDATALOAD
0x3692	CALLDATALOAD
0x3693	CALLDATASIZE
0x3694	CALLDATALOAD
0x3695	CONST
0x3699	BALANCE
0x369a	CALLDATASIZE
0x369b	ADDRESS
0x369c	CONST
0x369f	ADDRESS
0x36a0	ADDRESS
0x36a1	ORIGIN
0x36a2	ADDRESS
0x36a3	CONST
0x36a6	CALLER
0x36a7	CALLER
0x36a8	BALANCE
0x36a9	CALLDATASIZE
0x36aa	CALLDATASIZE
0x36ab	ADDRESS
0x36ac	ADDRESS
0x36ad	ADDRESS
0x36af	ADDRESS
0x36b0	CODESIZE
0x36b1	BALANCE
0x36b2	CALLDATALOAD
0x36b3	ORIGIN
0x36b4	CALLDATASIZE
0x36b5	ADDRESS
0x36b6	ADDRESS
0x36b7	CALLER
0x36b8	CALLDATASIZE
0x36b9	ADDRESS
0x36ba	ORIGIN
0x36bb	ADDRESS
0x36bc	CALLDATALOAD
0x36bd	ORIGIN
0x36be	CALLDATASIZE
0x36bf	ADDRESS
0x36c0	CALLVALUE
0x36c1	ADDRESS
0x36c3	ADDRESS
0x36c4	ORIGIN
0x36c5	ADDRESS
0x36c6	CALLDATALOAD
0x36c7	CALLVALUE
0x36c8	CALLDATASIZE
0x36c9	ADDRESS
0x36ca	CONST
0x36d2	CALLDATASIZE
0x36d3	BALANCE
0x36d4	BALANCE
0x36d5	CONST
0x36da	CALLDATASIZE
0x36db	ADDRESS
0x36dc	ADDRESS
0x36dd	ADDRESS
0x36de	CODESIZE
0x36df	ADDRESS
0x36e0	CONST
0x36ea	CALLDATASIZE
0x36eb	BALANCE
0x36ec	ADDRESS
0x36ed	CONST
0x36f0	CALLDATALOAD
0x36f1	CALLDATASIZE
0x36f2	CALLDATALOAD
0x36f3	CONST
0x36f7	BALANCE
0x36f8	BALANCE
0x36f9	CALLDATALOAD
0x36fa	CALLDATASIZE
0x36fb	BALANCE
0x36fc	BALANCE
0x36fd	CONST
0x3702	CALLDATASIZE
0x3703	ADDRESS
0x3704	ADDRESS
0x3705	ADDRESS
0x3706	CODESIZE
0x3707	ADDRESS
0x3708	CONST
0x3710	CALLDATASIZE
0x3711	ADDRESS
0x3712	CONST
0x3715	ADDRESS
0x3716	ADDRESS
0x3717	ORIGIN
0x3718	ADDRESS
0x3719	CONST
0x371c	CODESIZE
0x371d	ORIGIN
0x371e	BALANCE
0x371f	CALLDATASIZE
0x3720	CALLDATASIZE
0x3721	ADDRESS
0x3722	ADDRESS
0x3723	ADDRESS
0x3725	ADDRESS
0x3726	CODESIZE
0x3727	BALANCE
0x3728	CALLDATALOAD
0x3729	ORIGIN
0x372a	CALLDATASIZE
0x372b	ADDRESS
0x372c	ADDRESS
0x372d	CALLVALUE
0x372e	CALLDATASIZE
0x372f	ADDRESS
0x3730	ORIGIN
0x3731	ADDRESS
0x3732	CALLDATALOAD
0x3733	ORIGIN
0x3734	CALLDATASIZE
0x3735	ADDRESS
0x3736	CALLVALUE
0x3737	ADDRESS
0x3739	ADDRESS
0x373a	ORIGIN
0x373b	ADDRESS
0x373c	CALLDATALOAD
0x373d	CALLVALUE
0x373e	CALLDATASIZE
0x373f	ADDRESS
0x3740	CONST
0x3748	CALLDATASIZE
0x3749	BALANCE
0x374a	BALANCE
0x374b	CONST
0x3750	CALLDATASIZE
0x3751	ADDRESS
0x3752	ADDRESS
0x3753	ADDRESS
0x3754	CODESIZE
0x3755	ADDRESS
0x3756	CONST
0x375e	CALLDATALOAD
0x375f	CALLVALUE
0x3760	CALLDATASIZE
0x3761	ADDRESS
0x3762	ADDRESS
0x3763	BALANCE
0x3764	CALLDATASIZE
0x3765	ADDRESS
0x3766	CONST
0x3769	ADDRESS
0x376a	ADDRESS
0x376b	ORIGIN
0x376c	ADDRESS
0x376d	CONST
0x3770	BALANCE
0x3771	CALLDATASIZE
0x3772	CALLDATASIZE
0x3773	CALLER
0x3774	CONST
0x3777	CALLDATALOAD
0x3779	CONST
0x377e	CODESIZE
0x377f	CALLER
0x3780	CALLDATASIZE
0x3781	ADDRESS
0x3782	CALLVALUE
0x3783	ADDRESS
0x3784	CALLDATALOAD
0x3785	BALANCE
0x3786	CALLDATASIZE
0x3787	ADDRESS
0x3788	CONST
0x378f	CONST
0x3792	CONST
0x379a	CODESIZE
0x379b	CALLDATALOAD
0x379c	BALANCE
0x379d	CALLDATASIZE
0x379e	ADDRESS
0x379f	ORIGIN
0x37a0	CODESIZE
0x37a1	BALANCE
0x37a2	CALLDATALOAD
0x37a3	ORIGIN
0x37a4	CALLDATASIZE
0x37a5	ADDRESS
0x37a6	ADDRESS
0x37a7	BALANCE
0x37a8	CALLDATASIZE
0x37a9	ADDRESS
0x37aa	CONST
0x37ad	ADDRESS
0x37ae	ADDRESS
0x37af	ORIGIN
0x37b0	ADDRESS
0x37b1	CONST
0x37b5	ADDRESS
0x37b7	ORIGIN
0x37b8	BALANCE
0x37b9	CALLDATASIZE
0x37ba	CALLDATASIZE
0x37bb	ADDRESS
0x37bc	ADDRESS
0x37bd	CALLVALUE
0x37be	CODESIZE
0x37bf	CALLER
0x37c0	ADDRESS
0x37c1	BALANCE
0x37c2	CALLDATALOAD
0x37c3	ORIGIN
0x37c4	CALLDATASIZE
0x37c5	ADDRESS
0x37c6	ORIGIN
0x37c7	CALLVALUE
0x37c8	CODESIZE
0x37c9	ORIGIN
0x37ca	ADDRESS
0x37cb	BALANCE
0x37cc	CALLDATALOAD
0x37cd	ORIGIN
0x37ce	CALLDATASIZE
0x37cf	ADDRESS
0x37d0	CALLVALUE
0x37d1	CALLVALUE
0x37d2	ADDRESS
0x37d3	BALANCE
0x37d4	CALLDATASIZE
0x37d5	ADDRESS
0x37d6	ORIGIN
0x37d7	ADDRESS
0x37d8	CALLDATASIZE
0x37d9	ADDRESS
0x37da	CALLVALUE
0x37db	ADDRESS
0x37dc	CALLDATALOAD
0x37dd	BALANCE
0x37de	CODESIZE
0x37df	ADDRESS
0x37e0	CODESIZE
0x37e1	CALLER
0x37e2	ADDRESS
0x37e3	CALLER
0x37e4	CODESIZE
0x37e5	BALANCE
0x37e6	CALLDATASIZE
0x37e7	ADDRESS
0x37e8	ADDRESS
0x37e9	ADDRESS
0x37ea	CODESIZE
0x37ec	CODESIZE
0x37ed	ADDRESS
0x37ee	CALLER
0x37ef	CONST
0x37f3	CALLDATALOAD
0x37f4	CALLDATASIZE
0x37f5	BALANCE
0x37f6	BALANCE
0x37f7	CONST
0x37fc	CALLDATASIZE
0x37fd	ADDRESS
0x37fe	ADDRESS
0x37ff	ADDRESS
0x3800	CODESIZE
0x3801	ADDRESS
0x3802	CONST
0x380a	BALANCE
0x380b	CALLDATALOAD
0x380c	BALANCE
0x380d	CALLDATALOAD
0x380e	CALLDATASIZE
0x380f	BALANCE
0x3810	BALANCE
0x3811	CONST
0x3816	CALLDATASIZE
0x3817	ADDRESS
0x3818	ADDRESS
0x3819	ADDRESS
0x381a	CODESIZE
0x381b	ADDRESS
0x381c	CONST
0x3824	CALLDATALOAD
0x3825	ADDRESS
0x3826	CALLDATASIZE
0x3827	ADDRESS
0x3828	CALLVALUE
0x3829	ADDRESS
0x382a	CALLDATALOAD
0x382b	BALANCE
0x382c	CODESIZE
0x382d	ADDRESS
0x382e	CALLDATALOAD
0x382f	BALANCE
0x3831	ADDRESS
0x3832	CALLDATALOAD
0x3833	ADDRESS
0x3834	BALANCE
0x3835	CALLDATALOAD
0x3836	BALANCE
0x3837	CALLDATALOAD
0x3838	CALLDATASIZE
0x3839	BALANCE
0x383a	BALANCE
0x383b	CONST
0x3840	CONST
0x3848	CALLDATALOAD
0x3849	CALLDATASIZE
0x384a	CALLDATALOAD
0x384b	CONST
0x384f	BALANCE
0x3850	CALLDATASIZE
0x3851	ADDRESS
0x3852	CONST
0x3855	ADDRESS
0x3856	ADDRESS
0x3857	ORIGIN
0x3858	ADDRESS
0x3859	CONST
0x385c	CALLER
0x385d	CALLER
0x385e	BALANCE
0x385f	CALLDATASIZE
0x3860	CALLDATASIZE
0x3861	ADDRESS
0x3862	ADDRESS
0x3863	ADDRESS
0x3865	ADDRESS
0x3866	CODESIZE
0x3867	BALANCE
0x3868	CALLDATALOAD
0x3869	ORIGIN
0x386a	CALLDATASIZE
0x386b	ADDRESS
0x386c	ADDRESS
0x386d	CALLER
0x386e	CALLDATASIZE
0x386f	ADDRESS
0x3870	ORIGIN
0x3871	ADDRESS
0x3872	CALLDATALOAD
0x3873	ORIGIN
0x3874	CALLDATASIZE
0x3875	ADDRESS
0x3876	CALLVALUE
0x3877	ADDRESS
0x3879	ADDRESS
0x387a	ORIGIN
0x387b	ADDRESS
0x387c	CALLDATALOAD
0x387d	CALLVALUE
0x387e	CALLDATASIZE
0x387f	ADDRESS
0x3880	CONST
0x3888	CALLDATASIZE
0x3889	BALANCE
0x388a	BALANCE
0x388b	CONST
0x3890	CALLDATASIZE
0x3891	ADDRESS
0x3892	ADDRESS
0x3893	ADDRESS
0x3894	CODESIZE
0x3895	ADDRESS
0x3896	CONST
0x389e	CALLDATALOAD
0x389f	BALANCE
0x38a0	CODESIZE
0x38a1	ADDRESS
0x38a2	CODESIZE
0x38a3	BALANCE
0x38a4	BALANCE
0x38a5	BALANCE
0x38a6	BALANCE
0x38a7	CALLDATALOAD
0x38a8	CALLDATASIZE
0x38a9	BALANCE
0x38aa	BALANCE
0x38ab	CONST
0x38b0	CALLDATASIZE
0x38b1	ADDRESS
0x38b2	ADDRESS
0x38b3	ADDRESS
0x38b4	CODESIZE
0x38b5	ADDRESS
0x38b6	CONST
0x38be	CALLDATALOAD
0x38bf	CALLDATALOAD
0x38c0	CALLDATALOAD
0x38c1	CALLDATASIZE
0x38c2	CALLDATALOAD
0x38c3	CONST
0x38c7	CONST
0x38cf	ADDRESS
0x38d0	CODESIZE
0x38d1	BALANCE
0x38d3	ADDRESS
0x38d4	CALLER
0x38d5	CALLER
0x38d6	CALLDATASIZE
0x38d7	ADDRESS
0x38d8	ADDRESS
0x38d9	BALANCE
0x38da	CALLDATASIZE
0x38db	ADDRESS
0x38dc	CONST
0x38df	ADDRESS
0x38e0	ADDRESS
0x38e1	ORIGIN
0x38e2	ADDRESS
0x38e3	CONST
0x38e7	ADDRESS
0x38e8	CODESIZE
0x38e9	BALANCE
0x38ea	BALANCE
0x38eb	CALLDATASIZE
0x38ed	BALANCE
0x38ee	BALANCE
0x38ef	CALLDATASIZE
0x38f0	BALANCE
0x38f1	CALLVALUE
0x38f2	CALLDATASIZE
0x38f3	BALANCE
0x38f4	BALANCE
0x38f5	CONST
0x38fa	CALLDATASIZE
0x38fb	ADDRESS
0x38fc	ADDRESS
0x38fd	ADDRESS
0x38fe	CODESIZE
0x38ff	ADDRESS
0x3900	CONST
0x3908	CODESIZE
0x3909	CONST
0x3910	CODESIZE
0x3911	CALLDATASIZE
0x3912	CONST
0x3915	BALANCE
0x3916	BALANCE
0x3917	CONST
0x391f	ADDRESS
0x3920	ADDRESS
0x3921	BALANCE
0x3922	CALLDATASIZE
0x3923	ADDRESS
0x3924	CONST
0x3927	ADDRESS
0x3928	ADDRESS
0x3929	ORIGIN
0x392a	ADDRESS
0x392b	CONST
0x392e	CODESIZE
0x392f	CALLDATALOAD
0x3930	BALANCE
0x3931	CALLDATASIZE
0x3932	CALLDATASIZE
0x3933	ADDRESS
0x3934	ADDRESS
0x3935	ADDRESS
0x3937	ADDRESS
0x3938	CODESIZE
0x3939	BALANCE
0x393a	CALLDATALOAD
0x393b	ORIGIN
0x393c	CALLDATASIZE
0x393d	ADDRESS
0x393e	ADDRESS
0x3940	CALLDATASIZE
0x3941	ADDRESS
0x3942	ORIGIN
0x3943	ADDRESS
0x3944	CALLDATALOAD
0x3945	ORIGIN
0x3946	CALLDATASIZE
0x3947	ADDRESS
0x3948	CALLVALUE
0x3949	ADDRESS
0x394b	ADDRESS
0x394c	ORIGIN
0x394d	ADDRESS
0x394e	CALLDATALOAD
0x394f	CALLVALUE
0x3951	ADDRESS
0x3953	BALANCE
0x3954	CALLDATALOAD
0x3955	ADDRESS
0x3956	CALLDATASIZE
0x3957	BALANCE
0x3958	BALANCE
0x3959	CONST
0x395e	CODESIZE
0x395f	ORIGIN
0x3960	CALLDATASIZE
0x3961	BALANCE
0x3962	BALANCE
0x3963	CONST
0x396b	ADDRESS
0x396c	ADDRESS
0x396d	BALANCE
0x396e	CALLDATASIZE
0x396f	ADDRESS
0x3970	CONST
0x3973	ADDRESS
0x3974	ADDRESS
0x3975	ORIGIN
0x3976	ADDRESS
0x3977	CONST
0x397a	CODESIZE
0x397b	CALLDATALOAD
0x397c	BALANCE
0x397d	CALLDATASIZE
0x397e	CALLDATASIZE
0x397f	ADDRESS
0x3980	ADDRESS
0x3981	ADDRESS
0x3983	ADDRESS
0x3984	CODESIZE
0x3985	BALANCE
0x3986	CALLDATALOAD
0x3987	ORIGIN
0x3988	CALLDATASIZE
0x3989	ADDRESS
0x398a	ADDRESS
0x398c	CALLDATASIZE
0x398d	ADDRESS
0x398e	ORIGIN
0x398f	ADDRESS
0x3990	CALLDATALOAD
0x3991	ORIGIN
0x3992	CALLDATASIZE
0x3993	ADDRESS
0x3994	CALLVALUE
0x3995	ADDRESS
0x3997	ADDRESS
0x3998	ORIGIN
0x3999	ADDRESS
0x399a	CALLDATALOAD
0x399b	CALLDATALOAD
0x399c	CALLDATASIZE
0x399d	ADDRESS
0x399e	ADDRESS
0x399f	CODESIZE
0x39a0	CALLDATALOAD
0x39a1	CALLVALUE
0x39a2	CALLDATASIZE
0x39a3	BALANCE
0x39a4	BALANCE
0x39a5	CONST
0x39aa	CODESIZE
0x39ab	ORIGIN
0x39ac	CALLDATASIZE
0x39ad	BALANCE
0x39ae	BALANCE
0x39af	CONST
0x39b7	ADDRESS
0x39b8	ADDRESS
0x39b9	CODESIZE
0x39ba	CALLDATALOAD
0x39bb	CALLDATALOAD
0x39bd	CONST
0x39c6	CONST
0x39cb	BALANCE
0x39cc	BALANCE
0x39cd	CONST
0x39d3	ORIGIN
0x39d4	CODESIZE
0x39d5	CONST
0x39de	ADDRESS
0x39df	CONST
0x39e2	BALANCE
0x39e3	BALANCE
0x39e4	CONST
0x39eb	BALANCE
0x39ed	CONST
0x39f3	CONST
0x39f7	CALLVALUE
0x39f8	CONST
0x39ff	CALLVALUE
0x3a00	CODESIZE
0x3a01	CALLVALUE
0x3a02	CALLDATASIZE
0x3a03	ADDRESS
0x3a04	ADDRESS
0x3a05	ADDRESS
0x3a06	CALLDATASIZE
0x3a07	ADDRESS
0x3a08	CALLVALUE
0x3a09	ADDRESS
0x3a0a	CALLDATALOAD
0x3a0b	BALANCE
0x3a0c	CODESIZE
0x3a0d	ADDRESS
0x3a0e	CODESIZE
0x3a0f	CALLVALUE
0x3a10	CALLDATASIZE
0x3a11	ADDRESS
0x3a12	ADDRESS
0x3a13	BALANCE
0x3a14	CALLDATASIZE
0x3a15	ADDRESS
0x3a16	CONST
0x3a19	ADDRESS
0x3a1a	ADDRESS
0x3a1b	ORIGIN
0x3a1c	ADDRESS
0x3a1d	CONST
0x3a20	BALANCE
0x3a21	CALLDATASIZE
0x3a22	CALLDATASIZE
0x3a23	ADDRESS
0x3a24	ADDRESS
0x3a25	BALANCE
0x3a26	CALLDATASIZE
0x3a27	ADDRESS
0x3a28	CONST
0x3a2b	ADDRESS
0x3a2c	ADDRESS
0x3a2d	ORIGIN
0x3a2e	ADDRESS
0x3a2f	CONST
0x3a32	BALANCE
0x3a33	CALLDATASIZE
0x3a34	CODESIZE
0x3a35	BALANCE
0x3a36	CALLDATALOAD
0x3a37	ORIGIN
0x3a38	CALLDATASIZE
0x3a39	ADDRESS
0x3a3a	ORIGIN
0x3a3b	ADDRESS
0x3a3c	ADDRESS
0x3a3d	BALANCE
0x3a3e	CODESIZE
0x3a3f	CALLER
0x3a40	CODESIZE
0x3a41	BALANCE
0x3a42	CALLDATALOAD
0x3a43	ORIGIN
0x3a44	CALLDATASIZE
0x3a45	ADDRESS
0x3a46	ORIGIN
0x3a47	ADDRESS
0x3a48	ADDRESS
0x3a49	BALANCE
0x3a4a	CODESIZE
0x3a4b	ORIGIN
0x3a4c	CODESIZE
0x3a4d	BALANCE
0x3a4e	CALLDATALOAD
0x3a4f	ORIGIN
0x3a50	CALLDATASIZE
0x3a51	ADDRESS
0x3a52	ORIGIN
0x3a53	ADDRESS
0x3a54	ADDRESS
0x3a55	BALANCE
0x3a57	CALLER
0x3a58	CALLDATALOAD
0x3a59	ADDRESS
0x3a5a	CALLDATALOAD
0x3a5b	ADDRESS
0x3a5c	CALLDATALOAD
0x3a5d	ADDRESS
0x3a5e	CALLDATALOAD
0x3a5f	ADDRESS
0x3a60	CALLDATASIZE
0x3a61	ADDRESS
0x3a62	CALLVALUE
0x3a63	ADDRESS
0x3a64	CALLDATALOAD
0x3a65	BALANCE
0x3a66	CODESIZE
0x3a67	ADDRESS
0x3a69	BALANCE
0x3a6a	ADDRESS
0x3a6b	CALLER
0x3a6d	ADDRESS
0x3a6e	CONST
0x3a71	ADDRESS
0x3a72	CALLDATASIZE
0x3a73	ADDRESS
0x3a74	ADDRESS
0x3a75	BALANCE
0x3a77	CALLER
0x3a79	ORIGIN
0x3a7a	CALLDATALOAD
0x3a7b	ADDRESS
0x3a7c	CALLDATALOAD
0x3a7d	ADDRESS
0x3a7e	CALLDATALOAD
0x3a7f	ADDRESS
0x3a80	CALLDATALOAD
0x3a81	CALLDATASIZE
0x3a82	CALLDATALOAD
0x3a83	CONST
0x3a87	BALANCE
0x3a88	CALLDATASIZE
0x3a89	ADDRESS
0x3a8a	CONST
0x3a8d	ADDRESS
0x3a8e	ADDRESS
0x3a8f	ORIGIN
0x3a90	ADDRESS
0x3a91	CONST
0x3a94	CALLER
0x3a95	CALLER
0x3a96	BALANCE
0x3a97	CALLDATASIZE
0x3a98	CALLDATASIZE
0x3a99	ADDRESS
0x3a9a	ADDRESS
0x3a9b	ADDRESS
0x3a9d	ADDRESS
0x3a9e	CODESIZE
0x3a9f	BALANCE
0x3aa0	CALLDATALOAD
0x3aa1	ORIGIN
0x3aa2	CALLDATASIZE
0x3aa3	ADDRESS
0x3aa4	ADDRESS
0x3aa5	CALLER
0x3aa6	CALLDATASIZE
0x3aa7	ADDRESS
0x3aa8	ORIGIN
0x3aa9	ADDRESS
0x3aaa	CALLDATALOAD
0x3aab	ORIGIN
0x3aac	CALLDATASIZE
0x3aad	ADDRESS
0x3aae	CALLVALUE
0x3aaf	ADDRESS
0x3ab0	CODESIZE
0x3ab1	BALANCE
0x3ab2	ORIGIN
0x3ab3	ADDRESS
0x3ab4	CALLDATALOAD
0x3ab5	CALLVALUE
0x3ab6	CALLDATASIZE
0x3ab7	ADDRESS
0x3ab8	CONST
0x3ac0	CALLDATASIZE
0x3ac1	BALANCE
0x3ac2	BALANCE
0x3ac3	CONST
0x3ac9	ADDRESS
0x3aca	ADDRESS
0x3acb	ADDRESS
0x3acc	CODESIZE
0x3acd	ADDRESS
0x3ace	CONST
0x3ad6	ADDRESS
0x3ad8	CALLDATALOAD
0x3ad9	CALLVALUE
0x3ada	CALLDATASIZE
0x3adb	ORIGIN
0x3adc	ADDRESS
0x3add	BALANCE
0x3ade	CODESIZE
0x3adf	CALLDATASIZE
0x3ae0	CONST
0x3ae3	ADDRESS
0x3ae4	ADDRESS
0x3ae5	CALLVALUE
0x3ae6	CALLDATASIZE
0x3ae7	ADDRESS
0x3ae8	ADDRESS
0x3ae9	ADDRESS
0x3aea	CODESIZE
0x3aeb	BALANCE
0x3aec	BALANCE
0x3aed	BALANCE
0x3aee	CALLDATASIZE
0x3aef	BALANCE
0x3af0	BALANCE
0x3af1	CONST
0x3af7	CONST
0x3afe	CODESIZE
0x3aff	CONST
0x3b05	CALLVALUE
0x3b06	CALLDATASIZE
0x3b07	ORIGIN
0x3b08	ADDRESS
0x3b09	BALANCE
0x3b0a	CODESIZE
0x3b0b	CALLDATASIZE
0x3b0c	CONST
0x3b0f	CALLER
0x3b10	ADDRESS
0x3b11	ORIGIN
0x3b12	CALLDATASIZE
0x3b13	BALANCE
0x3b14	BALANCE
0x3b15	CONST
0x3b1d	ADDRESS
0x3b1e	ADDRESS
0x3b20	CALLDATALOAD
0x3b21	CALLDATALOAD
0x3b22	CALLDATASIZE
0x3b23	ADDRESS
0x3b24	ADDRESS
0x3b25	ORIGIN
0x3b26	CALLDATALOAD
0x3b27	CALLVALUE
0x3b28	CALLDATASIZE
0x3b29	ADDRESS
0x3b2a	ADDRESS
0x3b2b	ADDRESS
0x3b2c	CALLDATALOAD
0x3b2d	CALLVALUE
0x3b2e	CALLDATASIZE
0x3b2f	ADDRESS
0x3b30	ADDRESS
0x3b31	BALANCE
0x3b32	CALLDATASIZE
0x3b33	ADDRESS
0x3b34	CONST
0x3b37	ADDRESS
0x3b38	ADDRESS
0x3b39	ORIGIN
0x3b3a	ADDRESS
0x3b3b	CONST
0x3b3f	BALANCE
0x3b40	CODESIZE
0x3b41	ORIGIN
0x3b42	BALANCE
0x3b43	CALLDATASIZE
0x3b45	BALANCE
0x3b46	CALLDATASIZE
0x3b47	CALLER
0x3b48	CONST
0x3b4b	CALLDATALOAD
0x3b4d	CONST
0x3b52	BALANCE
0x3b53	CALLDATASIZE
0x3b54	CODESIZE
0x3b55	CALLER
0x3b56	CALLDATASIZE
0x3b57	ADDRESS
0x3b58	CALLVALUE
0x3b59	ADDRESS
0x3b5a	CALLDATALOAD
0x3b5b	BALANCE
0x3b5c	CALLDATASIZE
0x3b5d	ADDRESS
0x3b5e	CONST
0x3b65	CONST
0x3b68	CONST
0x3b70	CODESIZE
0x3b71	CALLDATALOAD
0x3b72	BALANCE
0x3b73	CALLDATASIZE
0x3b74	ADDRESS
0x3b75	ORIGIN
0x3b76	CODESIZE
0x3b77	BALANCE
0x3b78	CALLDATALOAD
0x3b79	ORIGIN
0x3b7a	CALLDATASIZE
0x3b7b	ADDRESS
0x3b7c	ADDRESS
0x3b7d	BALANCE
0x3b7e	CALLDATASIZE
0x3b7f	ADDRESS
0x3b80	CONST
0x3b83	ADDRESS
0x3b84	ADDRESS
0x3b85	ORIGIN
0x3b86	ADDRESS
0x3b87	CONST
0x3b8b	ADDRESS
0x3b8d	ORIGIN
0x3b8e	BALANCE
0x3b8f	CALLDATASIZE
0x3b90	CALLDATASIZE
0x3b91	ADDRESS
0x3b92	ADDRESS
0x3b93	CALLVALUE
0x3b94	CODESIZE
0x3b95	CALLER
0x3b96	ADDRESS
0x3b97	BALANCE
0x3b98	CALLDATALOAD
0x3b99	ORIGIN
0x3b9a	CALLDATASIZE
0x3b9b	ADDRESS
0x3b9c	ORIGIN
0x3b9d	CALLVALUE
0x3b9e	CODESIZE
0x3b9f	ORIGIN
0x3ba0	ADDRESS
0x3ba1	BALANCE
0x3ba2	CALLDATALOAD
0x3ba3	ORIGIN
0x3ba4	CALLDATASIZE
0x3ba5	ADDRESS
0x3ba6	CALLVALUE
0x3ba7	CALLVALUE
0x3ba8	ADDRESS
0x3ba9	BALANCE
0x3baa	CALLDATASIZE
0x3bab	ADDRESS
0x3bac	ORIGIN
0x3bad	ADDRESS
0x3bae	CALLDATASIZE
0x3baf	ADDRESS
0x3bb0	CALLVALUE
0x3bb1	ADDRESS
0x3bb2	CALLDATALOAD
0x3bb3	BALANCE
0x3bb4	CODESIZE
0x3bb5	ADDRESS
0x3bb6	CODESIZE
0x3bb7	CALLER
0x3bb8	ADDRESS
0x3bb9	CALLER
0x3bba	CODESIZE
0x3bbb	BALANCE
0x3bbc	CALLDATASIZE
0x3bbd	ADDRESS
0x3bbe	ADDRESS
0x3bbf	ADDRESS
0x3bc0	CODESIZE
0x3bc2	CODESIZE
0x3bc3	ADDRESS
0x3bc4	CALLER
0x3bc5	CONST
0x3bc9	CALLDATALOAD
0x3bca	CALLDATASIZE
0x3bcb	BALANCE
0x3bcc	BALANCE
0x3bcd	CONST
0x3bd3	ADDRESS
0x3bd4	ADDRESS
0x3bd5	ADDRESS
0x3bd6	CODESIZE
0x3bd7	ADDRESS
0x3bd8	CONST
0x3be0	BALANCE
0x3be1	CALLDATALOAD
0x3be2	BALANCE
0x3be3	CALLDATALOAD
0x3be4	CALLDATASIZE
0x3be5	BALANCE
0x3be6	BALANCE
0x3be7	CONST
0x3bed	ADDRESS
0x3bee	ADDRESS
0x3bef	ADDRESS
0x3bf0	CODESIZE
0x3bf1	ADDRESS
0x3bf2	CONST
0x3bfa	CALLDATALOAD
0x3bfb	ADDRESS
0x3bfc	CALLDATASIZE
0x3bfd	ADDRESS
0x3bfe	CALLVALUE
0x3bff	ADDRESS
0x3c00	CALLDATALOAD
0x3c01	BALANCE
0x3c02	CODESIZE
0x3c03	ADDRESS
0x3c04	CALLDATALOAD
0x3c05	BALANCE
0x3c07	ADDRESS
0x3c08	CALLDATALOAD
0x3c09	ADDRESS
0x3c0a	BALANCE
0x3c0b	CALLDATALOAD
0x3c0c	BALANCE
0x3c0d	CALLDATALOAD
0x3c0e	CALLDATASIZE
0x3c0f	BALANCE
0x3c10	BALANCE
0x3c11	CONST
0x3c18	CALLDATALOAD
0x3c19	CONST
0x3c1d	CALLDATASIZE
0x3c1e	CALLDATALOAD
0x3c1f	CONST
0x3c23	ADDRESS
0x3c24	CALLDATALOAD
0x3c25	CALLVALUE
0x3c26	CALLER
0x3c27	CALLER
0x3c28	CALLDATASIZE
0x3c29	ADDRESS
0x3c2a	ADDRESS
0x3c2b	BALANCE
0x3c2c	CALLDATASIZE
0x3c2d	ADDRESS
0x3c2e	CONST
0x3c31	ADDRESS
0x3c32	ADDRESS
0x3c33	ORIGIN
0x3c34	ADDRESS
0x3c35	CONST
0x3c39	ADDRESS
0x3c3a	CODESIZE
0x3c3b	BALANCE
0x3c3c	BALANCE
0x3c3d	CALLDATASIZE
0x3c3f	BALANCE
0x3c40	BALANCE
0x3c41	CALLDATASIZE
0x3c42	BALANCE
0x3c43	CALLVALUE
0x3c44	CALLDATASIZE
0x3c45	BALANCE
0x3c46	BALANCE
0x3c47	CONST
0x3c4e	ADDRESS
0x3c4f	ADDRESS
0x3c50	CODESIZE
0x3c51	ADDRESS
0x3c52	CONST
0x3c5a	CALLDATASIZE
0x3c5b	ADDRESS
0x3c5c	ADDRESS
0x3c5d	BALANCE
0x3c5e	CALLDATALOAD
0x3c5f	CALLDATALOAD
0x3c60	CALLDATALOAD
0x3c61	CALLDATASIZE
0x3c62	CALLDATALOAD
0x3c63	CONST
0x3c67	CALLDATALOAD
0x3c68	CALLDATALOAD
0x3c69	CALLVALUE
0x3c6a	CODESIZE
0x3c6b	BALANCE
0x3c6c	CALLDATALOAD
0x3c6d	CALLDATASIZE
0x3c6e	CALLDATALOAD
0x3c6f	CONST
0x3c73	ADDRESS
0x3c74	CODESIZE
0x3c75	ADDRESS
0x3c76	CALLDATASIZE
0x3c77	ADDRESS
0x3c78	ADDRESS
0x3c79	BALANCE
0x3c7a	CODESIZE
0x3c7b	CODESIZE
0x3c7c	CODESIZE
0x3c7d	CODESIZE
0x3c7e	CODESIZE
0x3c7f	CODESIZE
0x3c80	CALLDATASIZE
0x3c81	ADDRESS
0x3c82	CALLVALUE
0x3c83	ADDRESS
0x3c84	CALLDATALOAD
0x3c85	BALANCE
0x3c86	CODESIZE
0x3c87	ADDRESS
0x3c88	CODESIZE
0x3c89	CALLVALUE
0x3c8a	CODESIZE
0x3c8b	ADDRESS
0x3c8c	CALLDATALOAD
0x3c8d	BALANCE
0x3c8f	ADDRESS
0x3c90	CALLDATASIZE
0x3c91	ADDRESS
0x3c92	ORIGIN
0x3c93	ADDRESS
0x3c94	ADDRESS
0x3c95	BALANCE
0x3c97	ADDRESS
0x3c98	CALLDATASIZE
0x3c99	ADDRESS
0x3c9a	ORIGIN
0x3c9b	ADDRESS
0x3c9c	ADDRESS
0x3c9d	ORIGIN
0x3c9e	CODESIZE
0x3c9f	ADDRESS
0x3ca0	CODESIZE
0x3ca1	CALLER
0x3ca2	CODESIZE
0x3ca3	CALLER
0x3ca4	CALLDATASIZE
0x3ca5	ADDRESS
0x3ca6	ADDRESS
0x3ca7	ADDRESS
0x3ca8	CALLDATALOAD
0x3ca9	CONST
0x3cad	BALANCE
0x3cae	BALANCE
0x3caf	ADDRESS
0x3cb0	BALANCE
0x3cb1	CALLDATALOAD
0x3cb2	CALLDATASIZE
0x3cb3	BALANCE
0x3cb4	BALANCE
0x3cb5	CONST
0x3cbc	CODESIZE
0x3cbd	ORIGIN
0x3cbe	ADDRESS
0x3cbf	BALANCE
0x3cc0	CALLDATALOAD
0x3cc1	BALANCE
0x3cc2	CODESIZE
0x3cc3	CALLER
0x3cc4	CODESIZE
0x3cc5	ORIGIN
0x3cc6	ADDRESS
0x3cc7	BALANCE
0x3cc8	CALLDATALOAD
0x3cc9	ORIGIN
0x3cca	CALLDATASIZE
0x3ccb	ADDRESS
0x3ccc	ORIGIN
0x3ccd	ADDRESS
0x3cce	ADDRESS
0x3ccf	BALANCE
0x3cd0	CALLDATASIZE
0x3cd1	BALANCE
0x3cd2	BALANCE
0x3cd3	CONST
0x3cda	CALLDATALOAD
0x3cdb	ADDRESS
0x3cdc	CALLDATALOAD
0x3cdd	ADDRESS
0x3cde	CALLDATALOAD
0x3cdf	ADDRESS
0x3ce0	CALLDATALOAD
0x3ce1	ADDRESS
0x3ce3	ADDRESS
0x3ce4	CALLDATALOAD
0x3ce5	ADDRESS
0x3ce6	ADDRESS
0x3ce7	BALANCE
0x3ce8	CODESIZE
0x3ce9	CALLER
0x3cea	CODESIZE
0x3ceb	ADDRESS
0x3cec	CALLDATALOAD
0x3ced	BALANCE
0x3cef	ADDRESS
0x3cf0	CALLDATASIZE
0x3cf1	ADDRESS
0x3cf2	ORIGIN
0x3cf3	ADDRESS
0x3cf4	ADDRESS
0x3cf5	BALANCE
0x3cf7	ADDRESS
0x3cf8	CALLDATASIZE
0x3cf9	ADDRESS
0x3cfa	ORIGIN
0x3cfb	ADDRESS
0x3cfc	ADDRESS
0x3cfd	ORIGIN
0x3cfe	CODESIZE
0x3cff	ADDRESS
0x3d00	CODESIZE
0x3d01	CALLER
0x3d02	CODESIZE
0x3d03	CALLER
0x3d04	CALLDATASIZE
0x3d05	ADDRESS
0x3d06	ADDRESS
0x3d07	ADDRESS
0x3d08	CALLDATALOAD
0x3d09	CONST
0x3d0d	BALANCE
0x3d0e	BALANCE
0x3d0f	ADDRESS
0x3d10	BALANCE
0x3d11	CALLDATALOAD
0x3d12	CALLDATASIZE
0x3d13	BALANCE
0x3d14	BALANCE
0x3d15	CONST
0x3d1c	CODESIZE
0x3d1d	ORIGIN
0x3d1e	ADDRESS
0x3d1f	BALANCE
0x3d20	CALLDATALOAD
0x3d21	BALANCE
0x3d22	CODESIZE
0x3d23	CALLER
0x3d24	CODESIZE
0x3d25	ORIGIN
0x3d26	ADDRESS
0x3d27	BALANCE
0x3d28	CALLDATALOAD
0x3d29	ORIGIN
0x3d2a	CALLDATASIZE
0x3d2b	ADDRESS
0x3d2c	ORIGIN
0x3d2d	ADDRESS
0x3d2e	ADDRESS
0x3d2f	BALANCE
0x3d30	CALLDATASIZE
0x3d31	BALANCE
0x3d32	BALANCE
0x3d33	CONST
0x3d3a	CALLDATALOAD
0x3d3b	ADDRESS
0x3d3c	CALLDATALOAD
0x3d3d	ADDRESS
0x3d3e	CALLDATALOAD
0x3d3f	ADDRESS
0x3d40	CALLDATALOAD
0x3d41	ADDRESS
0x3d43	ADDRESS
0x3d44	CALLDATALOAD
0x3d45	ADDRESS
0x3d46	ADDRESS
0x3d47	BALANCE
0x3d48	CODESIZE
0x3d49	ORIGIN
0x3d4a	CODESIZE
0x3d4b	ADDRESS
0x3d4c	CALLDATALOAD
0x3d4d	BALANCE
0x3d4f	ADDRESS
0x3d50	CALLDATASIZE
0x3d51	ADDRESS
0x3d52	ORIGIN
0x3d53	ADDRESS
0x3d54	ADDRESS
0x3d55	BALANCE
0x3d57	ADDRESS
0x3d58	CALLDATASIZE
0x3d59	ADDRESS
0x3d5a	ORIGIN
0x3d5b	ADDRESS
0x3d5c	ADDRESS
0x3d5d	ORIGIN
0x3d5e	CODESIZE
0x3d5f	ADDRESS
0x3d60	CODESIZE
0x3d61	CALLER
0x3d62	CODESIZE
0x3d63	CALLER
0x3d64	CALLDATASIZE
0x3d65	ADDRESS
0x3d66	ADDRESS
0x3d67	ADDRESS
0x3d68	CALLDATALOAD
0x3d69	CONST
0x3d6d	BALANCE
0x3d6e	BALANCE
0x3d6f	ADDRESS
0x3d70	BALANCE
0x3d71	CALLDATALOAD
0x3d72	CALLDATASIZE
0x3d73	BALANCE
0x3d74	BALANCE
0x3d75	CONST
0x3d7c	CODESIZE
0x3d7d	ORIGIN
0x3d7e	ADDRESS
0x3d7f	BALANCE
0x3d80	CALLDATALOAD
0x3d81	BALANCE
0x3d82	CODESIZE
0x3d83	CALLER
0x3d84	CODESIZE
0x3d85	ORIGIN
0x3d86	ADDRESS
0x3d87	BALANCE
0x3d88	CALLDATALOAD
0x3d89	ORIGIN
0x3d8a	CALLDATASIZE
0x3d8b	ADDRESS
0x3d8c	ORIGIN
0x3d8d	ADDRESS
0x3d8e	ADDRESS
0x3d8f	BALANCE
0x3d90	CALLDATASIZE
0x3d91	BALANCE
0x3d92	BALANCE
0x3d93	CONST
0x3d9a	CALLDATALOAD
0x3d9b	ADDRESS
0x3d9c	CALLDATALOAD
0x3d9d	ADDRESS
0x3d9e	CALLDATALOAD
0x3d9f	ADDRESS
0x3da0	CALLDATALOAD
0x3da1	ADDRESS
0x3da3	ADDRESS
0x3da4	CALLDATALOAD
0x3da5	ADDRESS
0x3da6	ADDRESS
0x3da7	BALANCE
0x3da9	CALLER
0x3daa	CALLDATALOAD
0x3dab	ADDRESS
0x3dac	CALLDATALOAD
0x3dad	ADDRESS
0x3dae	CALLDATALOAD
0x3daf	ADDRESS
0x3db0	CALLDATALOAD
0x3db1	ADDRESS
0x3db2	CALLDATASIZE
0x3db3	ADDRESS
0x3db4	CALLVALUE
0x3db5	ADDRESS
0x3db6	CALLDATALOAD
0x3db7	BALANCE
0x3db8	CODESIZE
0x3db9	ADDRESS
0x3dbb	BALANCE
0x3dbc	ADDRESS
0x3dbd	CALLER
0x3dbf	ADDRESS
0x3dc0	ORIGIN
0x3dc1	ADDRESS
0x3dc2	CODESIZE
0x3dc3	CALLDATASIZE
0x3dc4	CODESIZE
0x3dc5	CALLDATASIZE
0x3dc6	CODESIZE
0x3dc7	CALLDATASIZE
0x3dc8	CALLDATASIZE
0x3dc9	ADDRESS
0x3dca	CALLVALUE
0x3dcb	ADDRESS
0x3dcc	CALLDATALOAD
0x3dcd	BALANCE
0x3dce	CALLDATASIZE
0x3dcf	ADDRESS
0x3dd0	ADDRESS
0x3dd1	ADDRESS
0x3dd2	CODESIZE
0x3dd3	BALANCE
0x3dd4	CALLDATALOAD
0x3dd5	ORIGIN
0x3dd6	CALLDATASIZE
0x3dd7	ADDRESS
0x3dd8	ORIGIN
0x3dd9	ADDRESS
0x3dda	ADDRESS
0x3ddb	BALANCE
0x3ddc	CALLDATASIZE
0x3ddd	ADDRESS
0x3dde	CALLVALUE
0x3ddf	ADDRESS
0x3de0	CALLDATALOAD
0x3de1	ORIGIN
0x3de2	CALLDATASIZE
0x3de3	ADDRESS
0x3de4	CALLVALUE
0x3de5	ADDRESS
0x3de6	CALLDATALOAD
0x3de7	BALANCE
0x3de9	CALLER
0x3dea	CODESIZE
0x3deb	CALLVALUE
0x3dec	CALLDATALOAD
0x3ded	ORIGIN
0x3dee	CALLDATASIZE
0x3def	ADDRESS
0x3df0	CONST
0x3df8	CALLDATASIZE
0x3df9	ADDRESS
0x3dfa	ORIGIN
0x3dfb	ADDRESS
0x3dfc	CODESIZE
0x3dfd	ADDRESS
0x3dfe	CODESIZE
0x3dff	CALLDATALOAD
0x3e00	ADDRESS
0x3e01	BALANCE
0x3e03	BALANCE
0x3e05	ADDRESS
0x3e07	BALANCE
0x3e08	CALLDATALOAD
0x3e09	ORIGIN
0x3e0a	CALLDATASIZE
0x3e0b	ADDRESS
0x3e0c	CALLVALUE
0x3e0d	ADDRESS
0x3e0e	CODESIZE
0x3e0f	ADDRESS
0x3e10	CODESIZE
0x3e11	CALLDATALOAD
0x3e12	ADDRESS
0x3e13	BALANCE
0x3e15	ORIGIN
0x3e17	ADDRESS
0x3e19	ORIGIN
0x3e1a	CALLDATALOAD
0x3e1b	ORIGIN
0x3e1c	CALLDATASIZE
0x3e1d	ADDRESS
0x3e1e	CALLDATASIZE
0x3e1f	ADDRESS
0x3e20	CODESIZE
0x3e21	CALLVALUE
0x3e22	ADDRESS
0x3e23	BALANCE
0x3e25	ORIGIN
0x3e27	ADDRESS
0x3e29	ORIGIN
0x3e2a	CALLDATALOAD
0x3e2b	ORIGIN
0x3e2c	CALLDATASIZE
0x3e2d	ADDRESS
0x3e2e	CODESIZE
0x3e2f	ADDRESS
0x3e31	ADDRESS
0x3e33	ORIGIN
0x3e34	ADDRESS
0x3e35	BALANCE
0x3e37	BALANCE
0x3e38	CALLDATALOAD
0x3e39	BALANCE
0x3e3a	CALLDATASIZE
0x3e3b	ADDRESS
0x3e3c	ORIGIN
0x3e3d	ADDRESS
0x3e3e	CODESIZE
0x3e3f	BALANCE
0x3e40	ADDRESS
0x3e41	CALLER
0x3e43	ADDRESS
0x3e44	CODESIZE
0x3e45	ADDRESS
0x3e46	CODESIZE
0x3e47	CALLVALUE
0x3e48	ADDRESS
0x3e49	CALLER
0x3e4b	ADDRESS
0x3e4c	CALLDATASIZE
0x3e4d	ADDRESS
0x3e4e	ADDRESS
0x3e4f	ADDRESS
0x3e50	CODESIZE
0x3e51	CALLDATASIZE
0x3e52	CALLDATALOAD
0x3e53	CONST
0x3e56	BALANCE
0x3e57	CALLDATALOAD
0x3e58	BALANCE
0x3e59	CALLDATALOAD
0x3e5a	CALLDATASIZE
0x3e5b	BALANCE
0x3e5c	BALANCE
0x3e5d	CONST
0x3e65	ADDRESS
0x3e66	CODESIZE
0x3e67	ADDRESS
0x3e68	CONST
0x3e70	CALLDATASIZE
0x3e71	ADDRESS
0x3e72	ORIGIN
0x3e73	ADDRESS
0x3e74	CALLDATASIZE
0x3e75	ADDRESS
0x3e76	CALLVALUE
0x3e77	ADDRESS
0x3e78	CALLDATALOAD
0x3e79	BALANCE
0x3e7a	ADDRESS
0x3e7b	CALLER
0x3e7c	CALLDATALOAD
0x3e7d	BALANCE
0x3e7e	CALLDATASIZE
0x3e7f	ADDRESS
0x3e80	ADDRESS
0x3e81	BALANCE
0x3e82	CALLDATASIZE
0x3e83	ADDRESS
0x3e84	CONST
0x3e87	ADDRESS
0x3e88	ADDRESS
0x3e89	ORIGIN
0x3e8a	ADDRESS
0x3e8b	CONST
0x3e8e	CALLER
0x3e8f	CALLER
0x3e90	BALANCE
0x3e91	CALLDATASIZE
0x3e92	CALLDATASIZE
0x3e93	ADDRESS
0x3e94	ADDRESS
0x3e95	ADDRESS
0x3e97	ADDRESS
0x3e98	CODESIZE
0x3e99	BALANCE
0x3e9a	CALLDATALOAD
0x3e9b	ORIGIN
0x3e9c	CALLDATASIZE
0x3e9d	ADDRESS
0x3e9e	ADDRESS
0x3e9f	CALLER
0x3ea0	CALLDATASIZE
0x3ea1	ADDRESS
0x3ea2	ORIGIN
0x3ea3	ADDRESS
0x3ea4	CALLDATALOAD
0x3ea5	ORIGIN
0x3ea6	CALLDATASIZE
0x3ea7	ADDRESS
0x3ea8	CALLVALUE
0x3ea9	ADDRESS
0x3eab	ADDRESS
0x3eac	ORIGIN
0x3ead	ADDRESS
0x3eae	CALLDATALOAD
0x3eaf	CALLVALUE
0x3eb1	ADDRESS
0x3eb3	BALANCE
0x3eb4	CALLDATALOAD
0x3eb5	ADDRESS
0x3eb6	CALLDATASIZE
0x3eb7	ADDRESS
0x3eb8	CONST
0x3ec0	BALANCE
0x3ec1	CONST
0x3ec9	BALANCE
0x3eca	CALLDATALOAD
0x3ecb	ADDRESS
0x3ecc	CALLDATASIZE
0x3ecd	BALANCE
0x3ece	BALANCE
0x3ecf	CONST
0x3ed7	ADDRESS
0x3ed8	ADDRESS
0x3ed9	BALANCE
0x3eda	CALLDATASIZE
0x3edb	ADDRESS
0x3edc	CONST
0x3edf	ADDRESS
0x3ee0	ADDRESS
0x3ee1	ORIGIN
0x3ee2	ADDRESS
0x3ee3	CONST
0x3ee6	CODESIZE
0x3ee7	BALANCE
0x3ee8	BALANCE
0x3ee9	CALLDATASIZE
0x3eea	CALLDATASIZE
0x3eeb	ADDRESS
0x3eec	ADDRESS
0x3eed	ADDRESS
0x3eef	ADDRESS
0x3ef0	CODESIZE
0x3ef1	BALANCE
0x3ef2	CALLDATALOAD
0x3ef3	ORIGIN
0x3ef4	CALLDATASIZE
0x3ef5	ADDRESS
0x3ef6	ADDRESS
0x3ef7	CALLER
0x3ef8	CALLDATASIZE
0x3ef9	ADDRESS
0x3efa	ORIGIN
0x3efb	ADDRESS
0x3efc	CALLDATALOAD
0x3efd	ORIGIN
0x3efe	CALLDATASIZE
0x3eff	ADDRESS
0x3f00	CALLVALUE
0x3f01	ADDRESS
0x3f03	ADDRESS
0x3f04	ORIGIN
0x3f05	ADDRESS
0x3f06	CALLDATALOAD
0x3f07	CALLVALUE
0x3f08	CALLDATASIZE
0x3f09	ADDRESS
0x3f0a	CONST
0x3f12	ADDRESS
0x3f13	BALANCE
0x3f14	CONST
0x3f1b	BALANCE
0x3f1c	CALLDATALOAD
0x3f1d	ADDRESS
0x3f1e	CALLDATALOAD
0x3f1f	CONST
0x3f23	CALLDATASIZE
0x3f25	CALLDATALOAD
0x3f26	CALLDATALOAD
0x3f27	ADDRESS
0x3f28	CALLDATALOAD
0x3f29	ADDRESS
0x3f2a	CALLDATALOAD
0x3f2b	ADDRESS
0x3f2c	CALLDATALOAD
0x3f2d	ADDRESS
0x3f2e	CALLDATALOAD
0x3f2f	ADDRESS
0x3f30	CALLDATALOAD
0x3f31	ADDRESS
0x3f32	CALLDATALOAD
0x3f33	CALLDATASIZE
0x3f34	CALLDATALOAD
0x3f35	CONST
0x3f39	ADDRESS
0x3f3a	CODESIZE
0x3f3b	ORIGIN
0x3f3c	CODESIZE
0x3f3d	ORIGIN
0x3f3e	BALANCE
0x3f3f	BALANCE
0x3f40	BALANCE
0x3f41	CALLDATALOAD
0x3f42	CALLDATASIZE
0x3f43	BALANCE
0x3f44	BALANCE
0x3f45	CONST
0x3f4d	CONST
0x3f51	ADDRESS
0x3f52	ADDRESS
0x3f53	CALLER
0x3f55	ADDRESS
0x3f56	CALLDATALOAD
0x3f57	CALLDATASIZE
0x3f58	CALLDATALOAD
0x3f59	CONST
0x3f5d	ADDRESS
0x3f5e	CODESIZE
0x3f5f	ORIGIN
0x3f60	CODESIZE
0x3f61	ORIGIN
0x3f62	ADDRESS
0x3f63	BALANCE
0x3f64	CODESIZE
0x3f65	CALLER
0x3f66	CODESIZE
0x3f67	BALANCE
0x3f68	BALANCE
0x3f69	ADDRESS
0x3f6a	CODESIZE
0x3f6b	ADDRESS
0x3f6c	BALANCE
0x3f6d	CALLDATALOAD
0x3f6f	ADDRESS
0x3f70	CALLDATASIZE
0x3f71	BALANCE
0x3f72	BALANCE
0x3f73	CONST
0x3f7b	ORIGIN
0x3f7c	CODESIZE
0x3f7d	BALANCE
0x3f7e	BALANCE
0x3f7f	ADDRESS
0x3f80	BALANCE
0x3f81	CALLDATALOAD
0x3f82	CALLDATALOAD
0x3f83	CONST
0x3f87	CALLDATALOAD
0x3f88	CALLDATASIZE
0x3f89	BALANCE
0x3f8a	BALANCE
0x3f8b	CONST
0x3f93	CONST
0x3f97	ORIGIN
0x3f98	CALLDATALOAD
0x3f99	ADDRESS
0x3f9a	CALLDATALOAD
0x3f9b	ADDRESS
0x3f9c	CALLDATALOAD
0x3f9d	ADDRESS
0x3f9e	CALLDATALOAD
0x3f9f	CALLDATASIZE
0x3fa0	CALLDATALOAD
0x3fa1	CONST
0x3fa5	ADDRESS
0x3fa6	CODESIZE
0x3fa7	ORIGIN
0x3fa8	CODESIZE
0x3fa9	ORIGIN
0x3faa	ADDRESS
0x3fab	ORIGIN
0x3fac	CODESIZE
0x3fad	CALLER
0x3fae	BALANCE
0x3faf	CALLDATALOAD
0x3fb0	CODESIZE
0x3fb1	ADDRESS
0x3fb2	CALLDATASIZE
0x3fb3	BALANCE
0x3fb4	BALANCE
0x3fb5	CONST
0x3fbd	ORIGIN
0x3fbe	CODESIZE
0x3fbf	CALLVALUE
0x3fc0	CODESIZE
0x3fc1	ORIGIN
0x3fc2	CODESIZE
0x3fc3	BALANCE
0x3fc4	BALANCE
0x3fc5	CALLDATALOAD
0x3fc6	BALANCE
0x3fc7	CALLDATALOAD
0x3fc8	CALLDATASIZE
0x3fc9	BALANCE
0x3fca	BALANCE
0x3fcb	CONST
0x3fd3	CONST
0x3fd7	CALLVALUE
0x3fd8	CALLDATASIZE
0x3fd9	BALANCE
0x3fda	BALANCE
0x3fdb	CONST
0x3fe3	CONST
0x3fe7	ADDRESS
0x3fe8	CODESIZE
0x3fe9	ADDRESS
0x3fea	CALLER
0x3feb	CALLDATALOAD
0x3fed	CONST
0x3ff1	CONST
0x3ff9	CONST
0x4001	CONST
0x4009	CONST
0x4011	CONST
0x4019	CONST
0x4021	CONST
0x4029	CALLDATASIZE
0x402a	CODESIZE
0x402b	BALANCE
0x402c	CALLDATALOAD
0x402d	ORIGIN
0x402e	CALLDATASIZE
0x402f	ADDRESS
0x4030	ADDRESS
0x4031	CALLDATASIZE
0x4032	CALLDATASIZE
0x4033	ADDRESS
0x4034	ORIGIN
0x4035	ADDRESS
0x4036	CALLDATALOAD
0x4037	ORIGIN
0x4038	CALLDATASIZE
0x4039	ADDRESS
0x403a	CALLVALUE
0x403b	ADDRESS
0x403c	CODESIZE
0x403d	BALANCE
0x403e	ORIGIN
0x403f	ADDRESS
0x4040	CALLDATALOAD
0x4041	CALLVALUE
0x4042	CALLDATASIZE
0x4043	ADDRESS
0x4044	ADDRESS
0x4045	CALLDATALOAD
0x4046	CALLDATALOAD
0x4047	CALLVALUE
0x4048	CALLDATASIZE
0x4049	CALLER
0x404a	CALLER
0x404b	CONST
0x404f	CONST
0x4053	BALANCE
0x4054	CALLDATASIZE
0x4055	BALANCE
0x4056	ORIGIN
0x4057	ADDRESS
0x4058	CALLER
0x4059	CONST
0x405f	ADDRESS
0x4060	CALLER
0x4063	BALANCE
0x4065	ADDRESS
0x4066	CALLDATASIZE
0x4067	BALANCE
0x4068	BALANCE
0x4069	CONST
0x4071	CONST
0x4074	BALANCE
0x4075	CONST
0x407d	BALANCE
0x407e	BALANCE
0x407f	CALLDATALOAD
0x4080	BALANCE
0x4081	CALLDATALOAD
0x4082	CALLDATASIZE
0x4083	BALANCE
0x4084	ORIGIN
0x4085	ADDRESS
0x4086	CALLVALUE
0x4087	CALLDATASIZE
0x4088	CALLDATALOAD
0x408a	CONST
0x4092	CALLDATALOAD
0x4093	ADDRESS
0x4095	ADDRESS
0x4096	CALLDATALOAD
0x4097	CALLDATASIZE
0x4098	CALLDATALOAD
0x4099	CONST
0x409d	BALANCE
0x409e	CALLDATALOAD
0x409f	CALLVALUE
0x40a0	BALANCE
0x40a1	CALLDATALOAD
0x40a2	BALANCE
0x40a3	CALLDATALOAD
0x40a4	CALLDATASIZE
0x40a5	BALANCE
0x40a6	ORIGIN
0x40a7	ADDRESS
0x40a8	CALLDATALOAD
0x40a9	CONST
0x40b1	CONST
0x40b7	BALANCE
0x40b8	CALLDATASIZE
0x40b9	ADDRESS
0x40ba	ADDRESS
0x40bb	BALANCE
0x40bc	CALLDATALOAD
0x40bd	CALLDATALOAD
0x40be	CALLDATALOAD
0x40bf	CONST
0x40c3	ADDRESS
0x40c4	ADDRESS
0x40c5	BALANCE
0x40c6	CALLDATALOAD
0x40c7	CALLVALUE
0x40c8	BALANCE
0x40c9	ADDRESS
0x40ca	CODESIZE
0x40cb	ADDRESS
0x40cc	CALLDATASIZE
0x40cd	BALANCE
0x40ce	ORIGIN
0x40cf	ADDRESS
0x40d0	CALLDATASIZE
0x40d1	CONST
0x40d7	ADDRESS
0x40d8	BALANCE
0x40d9	CALLDATALOAD
0x40da	CALLDATALOAD
0x40db	CONST
0x40df	BALANCE
0x40e0	BALANCE
0x40e1	CONST
0x40e8	ADDRESS
0x40e9	ORIGIN
0x40ea	CALLDATALOAD
0x40eb	CALLVALUE
0x40ec	CALLDATASIZE
0x40ed	ADDRESS
0x40ee	ADDRESS
0x40ef	ADDRESS
0x40f0	CALLDATALOAD
0x40f1	CALLVALUE
0x40f2	CALLDATASIZE
0x40f3	ADDRESS
0x40f4	ADDRESS
0x40f5	BALANCE
0x40f6	CALLDATASIZE
0x40f7	ADDRESS
0x40f8	CONST
0x40fb	ADDRESS
0x40fc	ADDRESS
0x40fd	ORIGIN
0x40fe	ADDRESS
0x40ff	CONST
0x4103	BALANCE
0x4104	CODESIZE
0x4105	ORIGIN
0x4106	BALANCE
0x4107	CALLDATASIZE
0x4109	BALANCE
0x410a	CALLDATASIZE
0x410b	CALLER
0x410c	CONST
0x410f	CALLDATALOAD
0x4111	CONST
0x4116	BALANCE
0x4117	CALLDATASIZE
0x4118	CODESIZE
0x4119	ORIGIN
0x411a	CALLDATASIZE
0x411b	CALLER
0x411d	ADDRESS
0x411e	CONST
0x4121	ORIGIN
0x4122	CALLER
0x4123	BALANCE
0x4124	CALLER
0x4125	ADDRESS
0x4126	CALLDATASIZE
0x4127	ADDRESS
0x4128	CALLVALUE
0x4129	ADDRESS
0x412a	CALLDATALOAD
0x412b	BALANCE
0x412c	CALLDATASIZE
0x412d	ADDRESS
0x412e	CONST
0x4135	CONST
0x4138	CONST
0x4140	CODESIZE
0x4141	CALLVALUE
0x4142	BALANCE
0x4143	CALLDATASIZE
0x4144	ADDRESS
0x4145	ORIGIN
0x4146	CODESIZE
0x4147	BALANCE
0x4148	CALLDATALOAD
0x4149	ORIGIN
0x414a	CALLDATASIZE
0x414b	ADDRESS
0x414c	ADDRESS
0x414d	BALANCE
0x414e	CALLDATASIZE
0x414f	ADDRESS
0x4150	CONST
0x4153	ADDRESS
0x4154	ADDRESS
0x4155	ORIGIN
0x4156	ADDRESS
0x4157	CONST
0x415b	ADDRESS
0x415d	BALANCE
0x415e	BALANCE
0x415f	CALLDATASIZE
0x4160	CALLDATASIZE
0x4161	ADDRESS
0x4162	ADDRESS
0x4163	CALLVALUE
0x4164	CODESIZE
0x4165	ORIGIN
0x4166	ADDRESS
0x4167	BALANCE
0x4168	CALLDATALOAD
0x4169	ORIGIN
0x416a	CALLDATASIZE
0x416b	ADDRESS
0x416c	ORIGIN
0x416d	CALLVALUE
0x416e	ADDRESS
0x416f	BALANCE
0x4170	CALLDATASIZE
0x4171	ADDRESS
0x4172	ORIGIN
0x4173	ADDRESS
0x4174	CALLDATASIZE
0x4175	ADDRESS
0x4176	CALLVALUE
0x4177	ADDRESS
0x4178	CALLDATALOAD
0x4179	BALANCE
0x417a	CODESIZE
0x417b	ADDRESS
0x417c	CODESIZE
0x417d	CALLER
0x417e	ADDRESS
0x417f	CALLER
0x4180	CODESIZE
0x4181	BALANCE
0x4182	CALLDATASIZE
0x4183	ADDRESS
0x4184	ADDRESS
0x4185	ADDRESS
0x4186	CODESIZE
0x4188	CODESIZE
0x4189	ADDRESS
0x418a	CALLER
0x418b	CONST
0x418f	CALLDATALOAD
0x4190	CALLDATASIZE
0x4191	BALANCE
0x4192	ORIGIN
0x4193	ADDRESS
0x4194	CONST
0x419a	ADDRESS
0x419b	ADDRESS
0x419c	CODESIZE
0x419d	ADDRESS
0x419e	CONST
0x41a6	BALANCE
0x41a7	CALLDATALOAD
0x41a8	BALANCE
0x41a9	CALLDATALOAD
0x41aa	CALLDATASIZE
0x41ab	BALANCE
0x41ac	ORIGIN
0x41ad	ADDRESS
0x41ae	CONST
0x41b4	ADDRESS
0x41b5	ADDRESS
0x41b6	CODESIZE
0x41b7	ADDRESS
0x41b8	CONST
0x41c0	CALLDATALOAD
0x41c1	ADDRESS
0x41c2	CALLDATASIZE
0x41c3	ADDRESS
0x41c4	CALLVALUE
0x41c5	ADDRESS
0x41c6	CALLDATALOAD
0x41c7	BALANCE
0x41c8	CODESIZE
0x41c9	ADDRESS
0x41ca	CALLDATALOAD
0x41cb	BALANCE
0x41cd	ADDRESS
0x41ce	CALLDATALOAD
0x41cf	ADDRESS
0x41d0	CALLDATASIZE
0x41d1	ADDRESS
0x41d2	CALLVALUE
0x41d3	ADDRESS
0x41d4	CALLDATALOAD
0x41d5	BALANCE
0x41d6	CALLDATASIZE
0x41d7	ADDRESS
0x41d8	CONST
0x41df	CONST
0x41e2	CONST
0x41ea	CODESIZE
0x41eb	CALLDATALOAD
0x41ec	BALANCE
0x41ed	CALLDATASIZE
0x41ee	ADDRESS
0x41ef	ORIGIN
0x41f0	CODESIZE
0x41f1	BALANCE
0x41f2	CALLDATALOAD
0x41f3	ORIGIN
0x41f4	CALLDATASIZE
0x41f5	ADDRESS
0x41f6	ADDRESS
0x41f7	BALANCE
0x41f8	CALLDATASIZE
0x41f9	ADDRESS
0x41fa	CONST
0x41fd	ADDRESS
0x41fe	ADDRESS
0x41ff	ORIGIN
0x4200	ADDRESS
0x4201	CONST
0x4205	ADDRESS
0x4207	ORIGIN
0x4208	BALANCE
0x4209	CALLDATASIZE
0x420a	CALLDATASIZE
0x420b	ADDRESS
0x420c	ADDRESS
0x420d	CALLVALUE
0x420e	CODESIZE
0x420f	CALLER
0x4210	ADDRESS
0x4211	BALANCE
0x4212	CALLDATALOAD
0x4213	ORIGIN
0x4214	CALLDATASIZE
0x4215	ADDRESS
0x4216	ORIGIN
0x4217	CALLVALUE
0x4218	CODESIZE
0x4219	ORIGIN
0x421a	ADDRESS
0x421b	BALANCE
0x421c	CALLDATALOAD
0x421d	ORIGIN
0x421e	CALLDATASIZE
0x421f	ADDRESS
0x4220	CALLVALUE
0x4221	CALLVALUE
0x4222	ADDRESS
0x4223	BALANCE
0x4224	CALLDATASIZE
0x4225	ADDRESS
0x4226	ORIGIN
0x4227	ADDRESS
0x4228	CALLDATASIZE
0x4229	ADDRESS
0x422a	CALLVALUE
0x422b	ADDRESS
0x422c	CALLDATALOAD
0x422d	BALANCE
0x422e	CODESIZE
0x422f	ADDRESS
0x4230	CODESIZE
0x4231	CALLER
0x4232	ADDRESS
0x4233	CALLER
0x4234	CODESIZE
0x4235	BALANCE
0x4236	CALLDATASIZE
0x4237	ADDRESS
0x4238	ADDRESS
0x4239	ADDRESS
0x423a	CODESIZE
0x423c	CODESIZE
0x423d	ADDRESS
0x423e	CALLER
0x423f	CONST
0x4243	CALLDATALOAD
0x4244	CALLDATASIZE
0x4245	BALANCE
0x4246	ORIGIN
0x4247	BALANCE
0x4248	ORIGIN
0x4249	CONST
0x424c	CALLDATASIZE
0x424d	ADDRESS
0x424e	ADDRESS
0x424f	ADDRESS
0x4250	CODESIZE
0x4251	ADDRESS
0x4252	CONST
0x425a	BALANCE
0x425b	CALLDATALOAD
0x425c	BALANCE
0x425d	CALLDATALOAD
0x425e	CALLDATASIZE
0x425f	BALANCE
0x4260	ORIGIN
0x4261	BALANCE
0x4262	CALLER
0x4264	CALLDATALOAD
0x4266	CALLDATASIZE
0x4267	ADDRESS
0x4268	ADDRESS
0x4269	ADDRESS
0x426a	CODESIZE
0x426b	ADDRESS
0x426c	CONST
0x4274	CALLDATALOAD
0x4275	ADDRESS
0x4276	CALLDATASIZE
0x4277	ADDRESS
0x4278	CALLVALUE
0x4279	ADDRESS
0x427a	CALLDATALOAD
0x427b	BALANCE
0x427c	CODESIZE
0x427d	ADDRESS
0x427e	CALLDATALOAD
0x427f	BALANCE
0x4280	CALLDATALOAD
0x4281	ADDRESS
0x4282	CALLDATALOAD
0x4283	ADDRESS
0x4284	CALLDATASIZE
0x4285	ADDRESS
0x4286	ADDRESS
0x4287	ADDRESS
0x4288	CALLDATALOAD
0x4289	CALLVALUE
0x428a	CALLDATASIZE
0x428b	ADDRESS
0x428c	ADDRESS
0x428d	BALANCE
0x428e	CALLDATASIZE
0x428f	ADDRESS
0x4290	CONST
0x4293	ADDRESS
0x4294	ADDRESS
0x4295	ORIGIN
0x4296	ADDRESS
0x4297	CONST
0x429a	BALANCE
0x429b	CALLDATASIZE
0x429c	CONST
0x42a4	CALLDATASIZE
0x42a5	ADDRESS
0x42a6	CONST
0x42a9	ADDRESS
0x42aa	ADDRESS
0x42ab	ORIGIN
0x42ac	ADDRESS
0x42ad	CONST
0x42b0	CODESIZE
0x42b1	CALLVALUE
0x42b2	BALANCE
0x42b3	CALLDATASIZE
0x42b4	CALLDATASIZE
0x42b5	ADDRESS
0x42b6	ADDRESS
0x42b7	ADDRESS
0x42b9	ADDRESS
0x42ba	CODESIZE
0x42bb	BALANCE
0x42bc	CALLDATALOAD
0x42bd	ORIGIN
0x42be	CALLDATASIZE
0x42bf	ADDRESS
0x42c0	BALANCE
0x42c1	ADDRESS
0x42c2	CALLDATASIZE
0x42c3	ADDRESS
0x42c4	ORIGIN
0x42c5	ADDRESS
0x42c6	CALLDATALOAD
0x42c7	ORIGIN
0x42c8	CALLDATASIZE
0x42c9	ADDRESS
0x42ca	CALLVALUE
0x42cb	ADDRESS
0x42cc	CODESIZE
0x42cd	BALANCE
0x42ce	ORIGIN
0x42cf	ADDRESS
0x42d0	CODESIZE
0x42d1	ADDRESS
0x42d2	CALLDATALOAD
0x42d3	CALLVALUE
0x42d5	ADDRESS
0x42d7	BALANCE
0x42d9	ADDRESS
0x42da	CALLDATASIZE
0x42db	ADDRESS
0x42dc	ADDRESS
0x42dd	BALANCE
0x42de	CALLDATASIZE
0x42df	ADDRESS
0x42e0	CODESIZE
0x42e1	ADDRESS
0x42e2	CALLDATASIZE
0x42e3	ADDRESS
0x42e4	ADDRESS
0x42e5	ORIGIN
0x42e6	ADDRESS
0x42e7	CONST
0x42eb	ADDRESS
0x42ec	CODESIZE
0x42ed	BALANCE
0x42ee	BALANCE
0x42ef	CALLDATASIZE
0x42f1	ADDRESS
0x42f2	CODESIZE
0x42f3	CALLDATALOAD
0x42f4	BALANCE
0x42f5	CALLDATASIZE
0x42f6	BALANCE
0x42f7	BALANCE
0x42f8	CALLDATASIZE
0x42f9	BALANCE
0x42fa	ORIGIN
0x42fb	BALANCE
0x42fc	CODESIZE
0x42fd	CALLVALUE
0x42fe	CALLDATALOAD
0x4300	CALLDATASIZE
0x4301	ADDRESS
0x4302	ADDRESS
0x4303	ADDRESS
0x4304	CODESIZE
0x4305	ADDRESS
0x4306	CONST
0x430e	CALLDATASIZE
0x430f	BALANCE
0x4310	ORIGIN
0x4311	BALANCE
0x4313	CONST
0x431a	CODESIZE
0x431d	ADDRESS
0x431e	CALLDATASIZE
0x431f	ADDRESS
0x4320	CODESIZE
0x4321	ADDRESS
0x4322	CALLDATASIZE
0x4323	ADDRESS
0x4324	ADDRESS
0x4325	ORIGIN
0x4326	ADDRESS
0x4327	CONST
0x432a	ADDRESS
0x432b	CALLVALUE
0x432c	CALLDATASIZE
0x432d	ADDRESS
0x432e	ADDRESS
0x432f	CONST
0x4337	CALLER
0x4339	CALLDATASIZE
0x433a	CALLDATALOAD
0x433b	CALLDATASIZE
0x433c	CALLDATALOAD
0x433d	CONST
0x4341	ADDRESS
0x4342	CALLDATASIZE
0x4343	ADDRESS
0x4344	CALLVALUE
0x4345	ADDRESS
0x4346	CODESIZE
0x4347	ADDRESS
0x4348	CALLDATALOAD
0x4349	BALANCE
0x434b	ADDRESS
0x434c	CODESIZE
0x434d	BALANCE
0x434e	ADDRESS
0x434f	BALANCE
0x4350	CALLDATASIZE
0x4351	ADDRESS
0x4352	CALLVALUE
0x4353	ADDRESS
0x4355	ADDRESS
0x4356	CODESIZE
0x4357	BALANCE
0x4358	CALLDATALOAD
0x4359	ORIGIN
0x435a	CALLDATASIZE
0x435b	ADDRESS
0x435c	ADDRESS
0x435d	BALANCE
0x435e	CALLDATASIZE
0x435f	ADDRESS
0x4360	CODESIZE
0x4361	ADDRESS
0x4362	CALLDATASIZE
0x4363	ADDRESS
0x4364	ADDRESS
0x4365	ORIGIN
0x4366	ADDRESS
0x4367	CONST
0x436a	CODESIZE
0x436b	CALLDATASIZE
0x436c	BALANCE
0x436d	CALLDATASIZE
0x436e	CODESIZE
0x436f	ORIGIN
0x4370	CALLDATALOAD
0x4371	ORIGIN
0x4372	CALLDATASIZE
0x4373	ADDRESS
0x4374	ADDRESS
0x4375	CONST
0x437d	ADDRESS
0x437e	ORIGIN
0x437f	ADDRESS
0x4380	CODESIZE
0x4381	ADDRESS
0x4382	CODESIZE
0x4383	CALLVALUE
0x4384	ADDRESS
0x4385	BALANCE
0x4387	BALANCE
0x4389	ADDRESS
0x438b	BALANCE
0x438c	CALLDATALOAD
0x438d	ORIGIN
0x438e	CALLDATASIZE
0x438f	ADDRESS
0x4390	ADDRESS
0x4391	BALANCE
0x4392	CALLDATASIZE
0x4393	ADDRESS
0x4394	CONST
0x4397	ADDRESS
0x4398	ADDRESS
0x4399	ORIGIN
0x439a	ADDRESS
0x439b	CONST
0x439e	CODESIZE
0x43a0	BALANCE
0x43a1	CALLDATASIZE
0x43a2	CALLDATASIZE
0x43a3	ADDRESS
0x43a4	ADDRESS
0x43a5	ADDRESS
0x43a7	ADDRESS
0x43a8	CODESIZE
0x43a9	BALANCE
0x43aa	CALLDATALOAD
0x43ab	ORIGIN
0x43ac	CALLDATASIZE
0x43ad	ADDRESS
0x43ae	BALANCE
0x43af	ADDRESS
0x43b1	ADDRESS
0x43b3	BALANCE
0x43b4	CALLDATALOAD
0x43b5	ORIGIN
0x43b6	ORIGIN
0x43b7	ADDRESS
0x43b8	CODESIZE
0x43b9	BALANCE
0x43ba	CALLDATALOAD
0x43bb	BALANCE
0x43bc	CODESIZE
0x43bd	BALANCE
0x43be	CALLDATALOAD
0x43bf	CALLVALUE
0x43c0	CALLDATASIZE
0x43c1	CONST
0x43c9	CONST
0x43d1	CONST
0x43d9	CONST
0x43e1	CONST
0x43e9	BALANCE
0x43ea	CALLDATASIZE
0x43eb	ADDRESS
0x43ec	CODESIZE
0x43ed	ADDRESS
0x43ee	CALLDATASIZE
0x43ef	ADDRESS
0x43f0	ADDRESS
0x43f1	ORIGIN
0x43f2	ADDRESS
0x43f3	CONST
0x43f7	BALANCE
0x43f9	ADDRESS
0x43fb	BALANCE
0x43fc	BALANCE
0x43fd	CALLDATASIZE
0x43fe	BALANCE
0x4400	CODESIZE
0x4401	BALANCE
0x4402	CALLDATALOAD
0x4403	CALLDATALOAD
0x4404	CALLDATASIZE
0x4405	ADDRESS
0x4406	ORIGIN
0x4407	ADDRESS
0x4408	CODESIZE
0x4409	ORIGIN
0x440a	ADDRESS
0x440b	BALANCE
0x440c	CALLDATALOAD
0x440d	BALANCE
0x440e	CODESIZE
0x440f	BALANCE
0x4410	CALLDATALOAD
0x4411	CALLVALUE
0x4412	CALLDATASIZE
0x4413	ADDRESS
0x4414	ADDRESS
0x4415	CONST
0x441d	CONST
0x4421	BALANCE
0x4422	CALLDATASIZE
0x4423	ADDRESS
0x4424	CODESIZE
0x4425	ADDRESS
0x4426	CALLDATASIZE
0x4427	ADDRESS
0x4428	ADDRESS
0x4429	ORIGIN
0x442a	ADDRESS
0x442b	CONST
0x442f	ADDRESS
0x4430	CODESIZE
0x4431	BALANCE
0x4432	BALANCE
0x4433	CALLDATASIZE
0x4434	CALLDATASIZE
0x4435	ADDRESS
0x4436	CODESIZE
0x4437	ADDRESS
0x4438	CALLDATASIZE
0x4439	ADDRESS
0x443a	ADDRESS
0x443b	ORIGIN
0x443c	ADDRESS
0x443d	CONST
0x4441	BALANCE
0x4442	BALANCE
0x4443	CALLDATASIZE
0x4444	BALANCE
0x4447	ADDRESS
0x4448	CALLDATALOAD
0x4449	CALLDATALOAD
0x444a	CALLDATALOAD
0x444b	ADDRESS
0x444d	CONST
0x4455	CONST
0x4459	CONST
0x4460	CONST
0x4467	CODESIZE
0x4468	ORIGIN
0x4469	ADDRESS
0x446a	CONST
0x446f	BALANCE
0x4470	CALLDATALOAD
0x4471	CONST
0x4475	CONST
0x447c	CONST
0x4482	BALANCE
0x4483	CONST
0x448b	CONST
0x448e	CODESIZE
0x448f	CALLDATASIZE
0x4490	CODESIZE
0x4491	CALLDATALOAD
0x4492	CODESIZE
0x4494	CODESIZE
0x4495	CALLVALUE
0x4496	CODESIZE
0x4498	CALLDATASIZE
0x4499	ADDRESS
0x449a	CALLVALUE
0x449b	ADDRESS
0x449c	CALLDATALOAD
0x449d	BALANCE
0x449e	CODESIZE
0x449f	ADDRESS
0x44a0	CODESIZE
0x44a1	CALLDATASIZE
0x44a2	CALLDATASIZE
0x44a3	ADDRESS
0x44a4	ADDRESS
0x44a5	BALANCE
0x44a6	CALLDATASIZE
0x44a7	ADDRESS
0x44a8	CONST
0x44ab	ADDRESS
0x44ac	ADDRESS
0x44ad	ORIGIN
0x44ae	ADDRESS
0x44af	CONST
0x44b2	BALANCE
0x44b3	CALLDATASIZE
0x44b4	CALLDATASIZE
0x44b5	ADDRESS
0x44b6	ADDRESS
0x44b7	BALANCE
0x44b8	CALLDATASIZE
0x44b9	ADDRESS
0x44ba	CONST
0x44bd	ADDRESS
0x44be	ADDRESS
0x44bf	ORIGIN
0x44c0	ADDRESS
0x44c1	CONST
0x44c4	BALANCE
0x44c5	CALLDATASIZE
0x44c6	CODESIZE
0x44c7	BALANCE
0x44c8	CALLDATALOAD
0x44c9	ORIGIN
0x44ca	CALLDATASIZE
0x44cb	ADDRESS
0x44cc	ORIGIN
0x44cd	ADDRESS
0x44ce	ADDRESS
0x44cf	BALANCE
0x44d0	CODESIZE
0x44d1	CALLDATALOAD
0x44d2	CALLDATASIZE
0x44d3	ADDRESS
0x44d4	ADDRESS
0x44d5	BALANCE
0x44d6	CALLDATASIZE
0x44d7	ADDRESS
0x44d8	CODESIZE
0x44d9	ADDRESS
0x44da	CALLDATASIZE
0x44db	ADDRESS
0x44dc	ADDRESS
0x44dd	ORIGIN
0x44de	ADDRESS
0x44df	CONST
0x44e2	BALANCE
0x44e3	CALLDATASIZE
0x44e4	CALLDATASIZE
0x44e5	ADDRESS
0x44e6	ADDRESS
0x44e7	BALANCE
0x44e8	CALLDATASIZE
0x44e9	ADDRESS
0x44ea	CODESIZE
0x44eb	ADDRESS
0x44ec	CALLDATASIZE
0x44ed	ADDRESS
0x44ee	ADDRESS
0x44ef	ORIGIN
0x44f0	ADDRESS
0x44f1	CONST
0x44f4	BALANCE
0x44f5	CALLDATASIZE
0x44f6	CODESIZE
0x44f7	BALANCE
0x44f8	CALLDATALOAD
0x44f9	ORIGIN
0x44fa	CALLDATASIZE
0x44fb	ADDRESS
0x44fc	ORIGIN
0x44fd	ADDRESS
0x44fe	ADDRESS
0x44ff	BALANCE
0x4500	CODESIZE
0x4501	CALLVALUE
0x4502	CALLDATASIZE
0x4503	ADDRESS
0x4504	ADDRESS
0x4505	CONST
0x450d	CONST
0x4511	ORIGIN
0x4512	CALLDATASIZE
0x4513	ADDRESS
0x4514	ORIGIN
0x4515	ADDRESS
0x4516	ADDRESS
0x4517	BALANCE
0x4518	CODESIZE
0x4519	CALLER
0x451a	CODESIZE
0x451b	BALANCE
0x451c	CALLDATALOAD
0x451d	ORIGIN
0x451e	CALLDATASIZE
0x451f	ADDRESS
0x4520	ORIGIN
0x4521	ADDRESS
0x4522	ADDRESS
0x4523	BALANCE
0x4524	CODESIZE
0x4525	ORIGIN
0x4526	CODESIZE
0x4527	BALANCE
0x4528	CALLDATALOAD
0x4529	ORIGIN
0x452a	CALLDATASIZE
0x452b	ADDRESS
0x452c	ORIGIN
0x452d	ADDRESS
0x452e	ADDRESS
0x452f	BALANCE
0x4531	CALLDATALOAD
0x4532	CALLDATALOAD
0x4533	ADDRESS
0x4534	CALLDATALOAD
0x4535	ADDRESS
0x4536	CALLDATALOAD
0x4537	ADDRESS
0x4538	CALLDATALOAD
0x4539	ADDRESS
0x453a	CALLDATALOAD
0x453b	ADDRESS
0x453c	CALLDATALOAD
0x453d	ADDRESS
0x453e	CALLDATASIZE
0x453f	ADDRESS
0x4540	CALLVALUE
0x4541	ADDRESS
0x4542	CALLDATALOAD
0x4543	BALANCE
0x4544	CODESIZE
0x4545	ADDRESS
0x4547	BALANCE
0x4548	ADDRESS
0x4549	CALLER
0x454b	ADDRESS
0x454c	CONST
0x454f	ADDRESS
0x4550	CALLDATALOAD
0x4551	ADDRESS
0x4552	CALLDATALOAD
0x4553	ADDRESS
0x4554	CALLDATALOAD
0x4555	ADDRESS
0x4556	CALLDATALOAD
0x4557	ADDRESS
0x4558	CALLDATALOAD
0x4559	ADDRESS
0x455a	CALLDATALOAD
0x455b	CALLDATASIZE
0x455c	CALLDATALOAD
0x455d	CONST
0x4561	BALANCE
0x4562	CALLDATASIZE
0x4563	ADDRESS
0x4564	CONST
0x4567	ADDRESS
0x4568	ADDRESS
0x4569	ORIGIN
0x456a	ADDRESS
0x456b	CONST
0x456e	CALLER
0x456f	CALLER
0x4570	BALANCE
0x4571	CALLDATASIZE
0x4572	CALLDATASIZE
0x4573	ADDRESS
0x4574	ADDRESS
0x4575	ADDRESS
0x4577	ADDRESS
0x4578	CODESIZE
0x4579	BALANCE
0x457a	CALLDATALOAD
0x457b	ORIGIN
0x457c	CALLDATASIZE
0x457d	ADDRESS
0x457e	ADDRESS
0x457f	CALLER
0x4580	CALLDATASIZE
0x4581	ADDRESS
0x4582	ORIGIN
0x4583	ADDRESS
0x4584	CALLDATALOAD
0x4585	ORIGIN
0x4586	CALLDATASIZE
0x4587	ADDRESS
0x4588	CALLVALUE
0x4589	ADDRESS
0x458a	CODESIZE
0x458b	BALANCE
0x458c	ORIGIN
0x458d	ADDRESS
0x458e	CALLDATALOAD
0x458f	CALLVALUE
0x4590	CALLDATASIZE
0x4591	ADDRESS
0x4592	CONST
0x459a	ORIGIN
0x459b	CALLER
0x459c	CALLDATASIZE
0x459d	CONST
0x45a0	CALLDATASIZE
0x45a1	ADDRESS
0x45a2	ADDRESS
0x45a3	BALANCE
0x45a4	CODESIZE
0x45a5	CALLDATASIZE
0x45a6	CODESIZE
0x45a7	CALLDATASIZE
0x45a8	CALLDATASIZE
0x45a9	ADDRESS
0x45aa	CALLVALUE
0x45ab	ADDRESS
0x45ac	CALLDATALOAD
0x45ad	BALANCE
0x45ae	CALLDATASIZE
0x45af	ADDRESS
0x45b0	CODESIZE
0x45b1	ADDRESS
0x45b2	CALLDATASIZE
0x45b3	ADDRESS
0x45b4	ADDRESS
0x45b5	ORIGIN
0x45b6	ADDRESS
0x45b7	CONST
0x45ba	ADDRESS
0x45bb	CONST
0x45c3	ADDRESS
0x45c5	CALLER
0x45c6	ADDRESS
0x45c7	CONST
0x45cb	ORIGIN
0x45cc	CODESIZE
0x45cd	BALANCE
0x45ce	CALLDATALOAD
0x45cf	ORIGIN
0x45d0	CALLDATASIZE
0x45d1	ADDRESS
0x45d2	ADDRESS
0x45d3	BALANCE
0x45d4	CALLDATASIZE
0x45d5	ADDRESS
0x45d6	CODESIZE
0x45d7	ADDRESS
0x45d8	CALLDATASIZE
0x45d9	ADDRESS
0x45da	ADDRESS
0x45db	ORIGIN
0x45dc	ADDRESS
0x45dd	CONST
0x45e1	ADDRESS
0x45e3	BALANCE
0x45e4	BALANCE
0x45e5	CALLDATASIZE
0x45e7	ADDRESS
0x45e9	BALANCE
0x45ea	ADDRESS
0x45eb	ORIGIN
0x45ec	CALLDATASIZE
0x45ed	ADDRESS
0x45ee	BALANCE
0x45ef	ADDRESS
0x45f0	CODESIZE
0x45f1	ORIGIN
0x45f2	ADDRESS
0x45f3	BALANCE
0x45f4	CALLDATALOAD
0x45f5	ORIGIN
0x45f6	CALLDATASIZE
0x45f7	ADDRESS
0x45f8	ORIGIN
0x45f9	ADDRESS
0x45fa	ADDRESS
0x45fb	BALANCE
0x45fc	CALLDATASIZE
0x45fd	ADDRESS
0x45fe	CALLVALUE
0x45ff	ADDRESS
0x4600	CALLDATALOAD
0x4601	BALANCE
0x4602	CODESIZE
0x4603	ADDRESS
0x4605	BALANCE
0x4606	ADDRESS
0x4607	CALLER
0x4609	ADDRESS
0x460a	ORIGIN
0x460b	ADDRESS
0x460c	CODESIZE
0x460d	CALLDATALOAD
0x460e	CODESIZE
0x460f	CALLDATALOAD
0x4610	CODESIZE
0x4611	CALLDATALOAD
0x4612	CALLDATASIZE
0x4613	ADDRESS
0x4614	CALLVALUE
0x4615	ADDRESS
0x4616	CALLDATALOAD
0x4617	BALANCE
0x4618	CALLDATASIZE
0x4619	ADDRESS
0x461a	ADDRESS
0x461b	ADDRESS
0x461c	CODESIZE
0x461d	BALANCE
0x461e	CALLDATALOAD
0x461f	ORIGIN
0x4620	CALLDATASIZE
0x4621	ADDRESS
0x4622	ORIGIN
0x4623	ADDRESS
0x4624	ADDRESS
0x4625	BALANCE
0x4626	CALLDATASIZE
0x4627	ADDRESS
0x4628	CALLVALUE
0x4629	ADDRESS
0x462a	CALLDATALOAD
0x462b	ORIGIN
0x462c	CALLDATASIZE
0x462d	ADDRESS
0x462e	CALLVALUE
0x462f	ADDRESS
0x4630	CALLDATALOAD
0x4631	BALANCE
0x4633	CALLER
0x4634	CODESIZE
0x4635	CALLVALUE
0x4636	CALLDATALOAD
0x4637	ORIGIN
0x4638	CALLDATASIZE
0x4639	ADDRESS
0x463a	CONST
0x4642	CALLDATASIZE
0x4643	ADDRESS
0x4644	ORIGIN
0x4645	ADDRESS
0x4646	CODESIZE
0x4647	ADDRESS
0x4648	CODESIZE
0x4649	CALLDATALOAD
0x464a	ADDRESS
0x464b	BALANCE
0x464d	BALANCE
0x464f	ADDRESS
0x4651	BALANCE
0x4652	CALLDATALOAD
0x4653	ORIGIN
0x4654	CALLDATASIZE
0x4655	ADDRESS
0x4656	CALLVALUE
0x4657	ADDRESS
0x4658	CODESIZE
0x4659	ADDRESS
0x465a	CODESIZE
0x465b	CALLDATALOAD
0x465c	ADDRESS
0x465d	BALANCE
0x465f	ORIGIN
0x4661	ADDRESS
0x4663	ORIGIN
0x4664	CALLDATALOAD
0x4665	ORIGIN
0x4666	CALLDATASIZE
0x4667	ADDRESS
0x4668	CALLDATASIZE
0x4669	ADDRESS
0x466a	CODESIZE
0x466b	CALLVALUE
0x466c	ADDRESS
0x466d	BALANCE
0x466f	ORIGIN
0x4671	ADDRESS
0x4673	ORIGIN
0x4674	CALLDATALOAD
0x4675	ORIGIN
0x4676	CALLDATASIZE
0x4677	ADDRESS
0x4678	CODESIZE
0x4679	ADDRESS
0x467b	ADDRESS
0x467d	ORIGIN
0x467e	ADDRESS
0x467f	BALANCE
0x4681	BALANCE
0x4682	CALLDATALOAD
0x4683	BALANCE
0x4684	CALLDATASIZE
0x4685	ADDRESS
0x4686	ORIGIN
0x4687	ADDRESS
0x4688	CODESIZE
0x4689	BALANCE
0x468a	ADDRESS
0x468b	CALLER
0x468d	ADDRESS
0x468e	CODESIZE
0x468f	ADDRESS
0x4690	CODESIZE
0x4691	CALLVALUE
0x4692	ADDRESS
0x4693	CALLER
0x4695	ADDRESS
0x4696	CALLDATASIZE
0x4697	ADDRESS
0x4698	ADDRESS
0x4699	ADDRESS
0x469a	CODESIZE
0x469b	CALLDATASIZE
0x469c	CALLDATALOAD
0x469d	CONST
0x46a0	BALANCE
0x46a1	CALLDATALOAD
0x46a2	BALANCE
0x46a3	CALLDATALOAD
0x46a4	CALLDATASIZE
0x46a5	BALANCE
0x46a6	ORIGIN
0x46a7	CALLER
0x46a8	CALLDATALOAD
0x46a9	CONST
0x46ac	CALLDATASIZE
0x46ad	ADDRESS
0x46ae	ADDRESS
0x46af	ADDRESS
0x46b0	CODESIZE
0x46b1	ADDRESS
0x46b2	CONST
0x46ba	CALLDATASIZE
0x46bb	ADDRESS
0x46bc	ORIGIN
0x46bd	ADDRESS
0x46be	CALLDATASIZE
0x46bf	ADDRESS
0x46c0	CALLVALUE
0x46c1	ADDRESS
0x46c2	CALLDATALOAD
0x46c3	BALANCE
0x46c4	ADDRESS
0x46c5	CALLER
0x46c6	CALLDATALOAD
0x46c7	BALANCE
0x46c9	ADDRESS
0x46ca	CALLDATALOAD
0x46cb	ADDRESS
0x46cc	CALLDATASIZE
0x46cd	BALANCE
0x46ce	ORIGIN
0x46cf	CALLER
0x46d0	CALLDATASIZE
0x46d1	CONST
0x46d7	ADDRESS
0x46d8	CALLER
0x46d9	CALLER
0x46da	CALLDATALOAD
0x46db	CONST
0x46df	CALLVALUE
0x46e0	CALLDATALOAD
0x46e1	ADDRESS
0x46e2	CALLDATALOAD
0x46e3	ADDRESS
0x46e4	CALLDATALOAD
0x46e5	ADDRESS
0x46e6	CALLDATALOAD
0x46e7	ADDRESS
0x46e8	CALLDATALOAD
0x46e9	ADDRESS
0x46ea	CALLDATALOAD
0x46eb	CALLDATASIZE
0x46ec	CALLDATALOAD
0x46ed	CONST
0x46f1	ADDRESS
0x46f2	CODESIZE
0x46f3	ADDRESS
0x46f4	CALLDATASIZE
0x46f5	ADDRESS
0x46f6	ADDRESS
0x46f7	ADDRESS
0x46f8	CALLDATASIZE
0x46f9	BALANCE
0x46fa	ORIGIN
0x46fb	CALLER
0x46fc	CODESIZE
0x46fd	CONST
0x4701	ADDRESS
0x4702	ADDRESS
0x4703	CONST
0x470b	CONST
0x4713	CALLDATASIZE
0x4714	CALLDATALOAD
0x4715	CALLDATASIZE
0x4716	CALLDATALOAD
0x4717	CONST
0x471b	ADDRESS
0x471c	CALLDATASIZE
0x471d	BALANCE
0x471e	ORIGIN
0x471f	CALLER
0x4722	CODESIZE
0x4723	CALLER
0x4724	CODESIZE
0x4725	CALLDATALOAD
0x4726	CALLDATASIZE
0x4727	BALANCE
0x4728	ORIGIN
0x4729	CALLVALUE
0x472a	CALLDATASIZE
0x472b	CALLDATASIZE
0x472c	CALLDATALOAD
0x472d	CALLDATASIZE
0x472e	CALLDATALOAD
0x472f	CONST
0x4733	ADDRESS
0x4734	CALLDATASIZE
0x4735	ADDRESS
0x4736	ADDRESS
0x4737	ADDRESS
0x4738	CODESIZE
0x4739	ORIGIN
0x473a	BALANCE
0x473b	ORIGIN
0x473c	BALANCE
0x473d	CALLDATALOAD
0x473e	CALLDATASIZE
0x473f	BALANCE
0x4740	ORIGIN
0x4741	CALLER
0x4742	CONST
0x474a	ADDRESS
0x474b	ADDRESS
0x474c	BALANCE
0x474e	ADDRESS
0x474f	ORIGIN
0x4751	ADDRESS
0x4752	CALLDATALOAD
0x4753	ADDRESS
0x4754	CALLDATASIZE
0x4755	BALANCE
0x4756	ORIGIN
0x4757	CALLER
0x4758	CONST
0x475c	ADDRESS
0x475d	CODESIZE
0x475e	CALLDATALOAD
0x475f	CALLVALUE
0x4760	CODESIZE
0x4761	ORIGIN
0x4762	CALLDATASIZE
0x4763	BALANCE
0x4764	BALANCE
0x4765	CONST
0x476d	ADDRESS
0x476e	ADDRESS
0x476f	CODESIZE
0x4770	CALLDATALOAD
0x4771	CALLDATALOAD
0x4772	CALLDATASIZE
0x4773	ADDRESS
0x4774	ADDRESS
0x4775	BALANCE
0x4776	CALLDATASIZE
0x4777	ADDRESS
0x4778	CONST
0x477b	ADDRESS
0x477c	ADDRESS
0x477d	ORIGIN
0x477e	ADDRESS
0x477f	CONST
0x4782	CODESIZE
0x4784	BALANCE
0x4785	CALLDATASIZE
0x4786	CALLDATASIZE
0x4787	ADDRESS
0x4788	ADDRESS
0x4789	ADDRESS
0x478b	ADDRESS
0x478c	CODESIZE
0x478d	BALANCE
0x478e	CALLDATALOAD
0x478f	ORIGIN
0x4790	CALLDATASIZE
0x4791	ADDRESS
0x4792	ADDRESS
0x4794	CALLDATASIZE
0x4795	ADDRESS
0x4796	ORIGIN
0x4797	ADDRESS
0x4798	CALLDATALOAD
0x4799	ORIGIN
0x479a	CALLDATASIZE
0x479b	ADDRESS
0x479c	CALLVALUE
0x479d	ADDRESS
0x479f	ADDRESS
0x47a0	ORIGIN
0x47a1	ADDRESS
0x47a2	CALLDATALOAD
0x47a3	CALLVALUE
0x47a4	CALLDATASIZE
0x47a5	BALANCE
0x47a6	ORIGIN
0x47a7	CALLER
0x47a8	CONST
0x47ae	CALLDATASIZE
0x47af	BALANCE
0x47b0	BALANCE
0x47b1	CONST
0x47b9	ADDRESS
0x47ba	ADDRESS
0x47bb	BALANCE
0x47bc	CALLDATASIZE
0x47bd	ADDRESS
0x47be	CONST
0x47c1	ADDRESS
0x47c2	ADDRESS
0x47c3	ORIGIN
0x47c4	ADDRESS
0x47c5	CONST
0x47c8	CODESIZE
0x47c9	CODESIZE
0x47ca	BALANCE
0x47cb	CALLDATASIZE
0x47cc	CALLDATASIZE
0x47cd	ADDRESS
0x47ce	ADDRESS
0x47cf	ADDRESS
0x47d1	ADDRESS
0x47d2	CODESIZE
0x47d3	BALANCE
0x47d4	CALLDATALOAD
0x47d5	ORIGIN
0x47d6	CALLDATASIZE
0x47d7	ADDRESS
0x47d8	ADDRESS
0x47da	CALLDATASIZE
0x47db	ADDRESS
0x47dc	ORIGIN
0x47dd	ADDRESS
0x47de	CALLDATALOAD
0x47df	ORIGIN
0x47e0	CALLDATASIZE
0x47e1	ADDRESS
0x47e2	CALLVALUE
0x47e3	ADDRESS
0x47e5	ADDRESS
0x47e6	ORIGIN
0x47e7	ADDRESS
0x47e8	CALLDATALOAD
0x47e9	CALLDATALOAD
0x47ea	CALLDATASIZE
0x47eb	BALANCE
0x47ec	ORIGIN
0x47ed	CALLVALUE
0x47ee	CALLDATALOAD
0x47ef	CONST
0x47f4	CALLDATALOAD
0x47f5	ADDRESS
0x47f6	CODESIZE
0x47f7	ADDRESS
0x47f8	CODESIZE
0x47f9	ADDRESS
0x47fa	CALLDATASIZE
0x47fb	ORIGIN
0x47fc	ADDRESS
0x47fd	BALANCE
0x47fe	CODESIZE
0x47ff	CALLDATASIZE
0x4800	CONST
0x4803	BALANCE
0x4804	ORIGIN
0x4805	CALLVALUE
0x4806	ADDRESS
0x4807	CODESIZE
0x4808	CALLDATASIZE
0x4809	BALANCE
0x480a	ADDRESS
0x480b	CONST
0x480e	CALLDATALOAD
0x480f	CALLDATASIZE
0x4810	CALLDATALOAD
0x4811	CONST
0x4815	BALANCE
0x4816	CALLDATASIZE
0x4817	BALANCE
0x4818	ORIGIN
0x4819	CALLVALUE
0x481a	BALANCE
0x481b	ADDRESS
0x481c	CALLDATALOAD
0x481e	CONST
0x4826	BALANCE
0x4827	CONST
0x482c	CALLDATALOAD
0x482d	CALLVALUE
0x482e	CODESIZE
0x482f	ORIGIN
0x4830	CALLDATASIZE
0x4831	BALANCE
0x4832	BALANCE
0x4833	CONST
0x483b	ADDRESS
0x483c	ADDRESS
0x483d	CODESIZE
0x483e	CALLDATALOAD
0x483f	CALLDATALOAD
0x4840	CALLDATASIZE
0x4841	ADDRESS
0x4842	ADDRESS
0x4843	BALANCE
0x4844	CALLDATASIZE
0x4845	ADDRESS
0x4846	CONST
0x4849	ADDRESS
0x484a	ADDRESS
0x484b	ORIGIN
0x484c	ADDRESS
0x484d	CONST
0x4850	CODESIZE
0x4852	BALANCE
0x4853	CALLDATASIZE
0x4854	CALLDATASIZE
0x4855	ADDRESS
0x4856	ADDRESS
0x4857	ADDRESS
0x4859	ADDRESS
0x485a	CODESIZE
0x485b	BALANCE
0x485c	CALLDATALOAD
0x485d	ORIGIN
0x485e	CALLDATASIZE
0x485f	ADDRESS
0x4860	ADDRESS
0x4862	CALLDATASIZE
0x4863	ADDRESS
0x4864	ORIGIN
0x4865	ADDRESS
0x4866	CALLDATALOAD
0x4867	ORIGIN
0x4868	CALLDATASIZE
0x4869	ADDRESS
0x486a	CALLVALUE
0x486b	ADDRESS
0x486d	ADDRESS
0x486e	ORIGIN
0x486f	ADDRESS
0x4870	CALLDATALOAD
0x4871	CALLVALUE
0x4872	CALLDATASIZE
0x4873	BALANCE
0x4874	ORIGIN
0x4875	CALLVALUE
0x4876	CALLVALUE
0x4877	ORIGIN
0x4879	ADDRESS
0x487a	CODESIZE
0x487b	ORIGIN
0x487c	CALLDATASIZE
0x487d	BALANCE
0x487e	BALANCE
0x487f	CONST
0x4887	ADDRESS
0x4888	ADDRESS
0x4889	BALANCE
0x488a	CALLDATASIZE
0x488b	ADDRESS
0x488c	CONST
0x488f	ADDRESS
0x4890	ADDRESS
0x4891	ORIGIN
0x4892	ADDRESS
0x4893	CONST
0x4896	CODESIZE
0x4897	CODESIZE
0x4898	BALANCE
0x4899	CALLDATASIZE
0x489a	CALLDATASIZE
0x489b	ADDRESS
0x489c	ADDRESS
0x489d	ADDRESS
0x489f	ADDRESS
0x48a0	CODESIZE
0x48a1	BALANCE
0x48a2	CALLDATALOAD
0x48a3	ORIGIN
0x48a4	CALLDATASIZE
0x48a5	ADDRESS
0x48a6	ADDRESS
0x48a8	CALLDATASIZE
0x48a9	ADDRESS
0x48aa	ORIGIN
0x48ab	ADDRESS
0x48ac	CALLDATALOAD
0x48ad	ORIGIN
0x48ae	CALLDATASIZE
0x48af	ADDRESS
0x48b0	CALLVALUE
0x48b1	ADDRESS
0x48b3	ADDRESS
0x48b4	ORIGIN
0x48b5	ADDRESS
0x48b6	CALLDATALOAD
0x48b7	CALLDATALOAD
0x48b8	CALLDATALOAD
0x48b9	CONST
0x48bd	ADDRESS
0x48bf	CALLVALUE
0x48c1	CALLER
0x48c2	CALLDATALOAD
0x48c3	ADDRESS
0x48c4	CALLDATALOAD
0x48c5	ADDRESS
0x48c6	CALLDATALOAD
0x48c7	ADDRESS
0x48c8	CALLDATALOAD
0x48c9	ADDRESS
0x48ca	CALLDATALOAD
0x48cb	CALLDATASIZE
0x48cc	CALLDATALOAD
0x48cd	CONST
0x48d1	ADDRESS
0x48d2	CODESIZE
0x48d3	ADDRESS
0x48d4	CODESIZE
0x48d5	ORIGIN
0x48d6	BALANCE
0x48d7	ORIGIN
0x48d8	BALANCE
0x48d9	CALLDATALOAD
0x48da	CALLDATASIZE
0x48db	BALANCE
0x48dc	ORIGIN
0x48dd	CALLVALUE
0x48de	CODESIZE
0x48df	BALANCE
0x48e0	CALLDATALOAD
0x48e2	CODESIZE
0x48e3	BALANCE
0x48e4	CODESIZE
0x48e5	CALLER
0x48e6	ADDRESS
0x48e7	CALLER
0x48e8	CODESIZE
0x48e9	CALLER
0x48eb	ADDRESS
0x48ec	BALANCE
0x48ed	CALLER
0x48ee	CALLDATASIZE
0x48ef	BALANCE
0x48f0	ORIGIN
0x48f1	CALLVALUE
0x48f3	CONST
0x48f8	CALLDATALOAD
0x48f9	CONST
0x48fd	CONST
0x4905	BALANCE
0x4906	CODESIZE
0x4907	CALLER
0x4908	ADDRESS
0x4909	CALLER
0x490a	CODESIZE
0x490b	CALLER
0x490d	ADDRESS
0x490e	BALANCE
0x490f	CALLER
0x4910	BALANCE
0x4911	CALLDATALOAD
0x4912	CALLDATASIZE
0x4913	BALANCE
0x4914	BALANCE
0x4915	CONST
0x491d	ADDRESS
0x491e	CONST
0x4921	CALLDATALOAD
0x4922	CALLDATASIZE
0x4923	ORIGIN
0x4925	CONST
0x4929	ORIGIN
0x492a	CALLER
0x492b	ADDRESS
0x492c	CALLDATALOAD
0x492d	CODESIZE
0x492e	ORIGIN
0x492f	ADDRESS
0x4930	BALANCE
0x4931	ADDRESS
0x4932	CONST
0x4935	BALANCE
0x4936	CALLER
0x4937	CONST
0x493c	ORIGIN
0x493e	CONST
0x4944	CONST
0x494a	ORIGIN
0x494b	CODESIZE
0x494d	CALLDATASIZE
0x494f	CALLVALUE
0x4951	CALLVALUE
0x4952	CONST
0x495a	CONST
0x4961	CONST
0x4965	CALLDATALOAD
0x4966	CONST
0x496b	ORIGIN
0x496c	CONST
0x4971	ADDRESS
0x4972	ORIGIN
0x8f	CALLDATACOPY
0xa2	CALLDATACOPY
0xa5	CALLDATACOPY
0xab	CALLDATACOPY
0xfd	CALLDATACOPY
0x129	CALLDATACOPY
0x13f	CALLDATACOPY
0x155	CALLDATACOPY
0x16b	CALLDATACOPY
0x181	CALLDATACOPY
0x186	CALLDATACOPY
0x19c	CALLDATACOPY
0x1c3	CALLDATACOPY
0x1e1	CALLDATACOPY
0x202	CALLDATACOPY
0x205	CALLDATACOPY
0x211	CALLDATACOPY
0x219	CALLDATACOPY
0x21b	CALLDATACOPY
0x231	CALLDATACOPY
0x273	CALLDATACOPY
0x289	CALLDATACOPY
0x29d	CALLDATACOPY
0x29f	CALLDATACOPY
0x2b2	CALLDATACOPY
0x2b5	CALLDATACOPY
0x2e1	CALLDATACOPY
0x30d	CALLDATACOPY
0x321	CALLDATACOPY
0x323	CALLDATACOPY
0x34c	CALLDATACOPY
0x34f	CALLDATACOPY
0x365	CALLDATACOPY
0x37b	CALLDATACOPY
0x3d3	CALLDATACOPY
0x45d	CALLDATACOPY
0x4dd	CALLDATACOPY
0x55d	CALLDATACOPY
0x5f7	CALLDATACOPY
0x67d	CALLDATACOPY
0x6cd	CALLDATACOPY
0x6f7	CALLDATACOPY
0x81d	CALLDATACOPY
0x8fc	CALLDATACOPY
0x949	CALLDATACOPY
0x9f7	CALLDATACOPY
0xa1d	CALLDATACOPY
0xa43	CALLDATACOPY
0xaa1	CALLDATACOPY
0xafd	CALLDATACOPY
0xb3b	CALLDATACOPY
0xc57	CALLDATACOPY
0xcbb	CALLDATACOPY
0xcf9	CALLDATACOPY
0xd13	CALLDATACOPY
0xd23	CALLDATACOPY
0xd25	CALLDATACOPY
0xd51	CALLDATACOPY
0xd7d	CALLDATACOPY
0xe01	CALLDATACOPY
0xe81	CALLDATACOPY
0xf01	CALLDATACOPY
0xf81	CALLDATACOPY
0x1001	CALLDATACOPY
0x101f	CALLDATACOPY
0x105b	CALLDATACOPY
0x10c7	CALLDATACOPY
0x10ea	CALLDATACOPY
0x1239	CALLDATACOPY
0x12af	CALLDATACOPY
0x1375	CALLDATACOPY
0x138f	CALLDATACOPY
0x13ae	CALLDATACOPY
0x148b	CALLDATACOPY
0x14c5	CALLDATACOPY
0x1509	CALLDATACOPY
0x1587	CALLDATACOPY
0x1616	CALLDATACOPY
0x1681	CALLDATACOPY
0x1691	CALLDATACOPY
0x16ab	CALLDATACOPY
0x16e1	CALLDATACOPY
0x16fb	CALLDATACOPY
0x1741	CALLDATACOPY
0x17bb	CALLDATACOPY
0x183e	CALLDATACOPY
0x1999	CALLDATACOPY
0x1bd3	CALLDATACOPY
0x1e01	CALLDATACOPY
0x1f1b	CALLDATACOPY
0x1fca	CALLDATACOPY
0x1feb	CALLDATACOPY
0x20b7	CALLDATACOPY
0x21af	CALLDATACOPY
0x24ab	CALLDATACOPY
0x24bb	CALLDATACOPY
0x24ff	CALLDATACOPY
0x25b9	CALLDATACOPY
0x2647	CALLDATACOPY
0x2657	CALLDATACOPY
0x2781	CALLDATACOPY
0x2843	CALLDATACOPY
0x2845	CALLDATACOPY
0x2847	CALLDATACOPY
0x28de	CALLDATACOPY
0x28e1	CALLDATACOPY
0x298d	CALLDATACOPY
0x299f	CALLDATACOPY
0x2acb	CALLDATACOPY
0x2ad8	CALLDATACOPY
0x2adb	CALLDATACOPY
0x2af2	CALLDATACOPY
0x2b1f	CALLDATACOPY
0x2c91	CALLDATACOPY
0x2ca0	CALLDATACOPY
0x2ced	CALLDATACOPY
0x2dd1	CALLDATACOPY
0x2e61	CALLDATACOPY
0x2e63	CALLDATACOPY
0x2e65	CALLDATACOPY
0x2eab	CALLDATACOPY
0x2ef9	CALLDATACOPY
0x2f41	CALLDATACOPY
0x2f45	CALLDATACOPY
0x2f5d	CALLDATACOPY
0x2fbd	CALLDATACOPY
0x2fd9	CALLDATACOPY
0x2ff9	CALLDATACOPY
0x306d	CALLDATACOPY
0x3089	CALLDATACOPY
0x308d	CALLDATACOPY
0x30b3	CALLDATACOPY
0x30f0	CALLDATACOPY
0x3125	CALLDATACOPY
0x321f	CALLDATACOPY
0x3345	CALLDATACOPY
0x341f	CALLDATACOPY
0x3571	CALLDATACOPY
0x35d3	CALLDATACOPY
0x35f3	CALLDATACOPY
0x3611	CALLDATACOPY
0x3623	CALLDATACOPY
0x3657	CALLDATACOPY
0x36d9	CALLDATACOPY
0x36e8	CALLDATACOPY
0x3701	CALLDATACOPY
0x374f	CALLDATACOPY
0x37eb	CALLDATACOPY
0x39bc	CALLDATACOPY
0x39dd	CALLDATACOPY
0x3ad7	CALLDATACOPY
0x3b1f	CALLDATACOPY
0x3bc1	CALLDATACOPY
0x3fec	CALLDATACOPY
0x4061	CALLDATACOPY
0x4089	CALLDATACOPY
0x411c	CALLDATACOPY
0x4187	CALLDATACOPY
0x423b	CALLDATACOPY
0x4263	CALLDATACOPY
0x4265	CALLDATACOPY
0x42ff	CALLDATACOPY
0x431b	CALLDATACOPY
0x4338	CALLDATACOPY
0x43ff	CALLDATACOPY
0x4445	CALLDATACOPY
0x444c	CALLDATACOPY
0x448a	CALLDATACOPY
0x4493	CALLDATACOPY
0x4497	CALLDATACOPY
0x4721	CALLDATACOPY
0x4783	CALLDATACOPY
0x481d	CALLDATACOPY
0x4851	CALLDATACOPY
0x48e1	CALLDATACOPY
0x48f2	CALLDATACOPY
0x4924	CALLDATACOPY
0x4928	CALLDATACOPY
0x493d	CALLDATACOPY
0x494e	CALLDATACOPY
0xd7	CODECOPY
0x11b	CODECOPY
0x168	CODECOPY
0x1de	CODECOPY
0x1f7	CODECOPY
0x218	CODECOPY
0x3cf	CODECOPY
0x40e	CODECOPY
0x42a	CODECOPY
0x438	CODECOPY
0x43a	CODECOPY
0x43c	CODECOPY
0x43e	CODECOPY
0x462	CODECOPY
0x470	CODECOPY
0x472	CODECOPY
0x478	CODECOPY
0x480	CODECOPY
0x48a	CODECOPY
0x492	CODECOPY
0x4aa	CODECOPY
0x4b8	CODECOPY
0x4ba	CODECOPY
0x4bc	CODECOPY
0x4be	CODECOPY
0x4e2	CODECOPY
0x4f0	CODECOPY
0x4f2	CODECOPY
0x4f8	CODECOPY
0x500	CODECOPY
0x50a	CODECOPY
0x512	CODECOPY
0x52a	CODECOPY
0x538	CODECOPY
0x53a	CODECOPY
0x53c	CODECOPY
0x53e	CODECOPY
0x560	CODECOPY
0x562	CODECOPY
0x572	CODECOPY
0x57e	CODECOPY
0x58a	CODECOPY
0x591	CODECOPY
0x594	CODECOPY
0x5ce	CODECOPY
0x5e2	CODECOPY
0x5e6	CODECOPY
0x65e	CODECOPY
0x66a	CODECOPY
0x66c	CODECOPY
0x682	CODECOPY
0x68e	CODECOPY
0x690	CODECOPY
0x69a	CODECOPY
0x6ae	CODECOPY
0x6ba	CODECOPY
0x6bc	CODECOPY
0x6d0	CODECOPY
0x6d2	CODECOPY
0x706	CODECOPY
0x740	CODECOPY
0x742	CODECOPY
0x766	CODECOPY
0x76c	CODECOPY
0x772	CODECOPY
0x776	CODECOPY
0x930	CODECOPY
0x9a8	CODECOPY
0xa74	CODECOPY
0xa76	CODECOPY
0xa8c	CODECOPY
0xa90	CODECOPY
0xc1e	CODECOPY
0xc2a	CODECOPY
0xc42	CODECOPY
0xc46	CODECOPY
0xd22	CODECOPY
0xdb2	CODECOPY
0xdce	CODECOPY
0xddc	CODECOPY
0xdde	CODECOPY
0xde0	CODECOPY
0xde2	CODECOPY
0xe06	CODECOPY
0xe14	CODECOPY
0xe16	CODECOPY
0xe1c	CODECOPY
0xe24	CODECOPY
0xe2e	CODECOPY
0xe36	CODECOPY
0xe4e	CODECOPY
0xe5c	CODECOPY
0xe5e	CODECOPY
0xe60	CODECOPY
0xe62	CODECOPY
0xe86	CODECOPY
0xe94	CODECOPY
0xe96	CODECOPY
0xe9c	CODECOPY
0xea4	CODECOPY
0xeae	CODECOPY
0xeb6	CODECOPY
0xece	CODECOPY
0xedc	CODECOPY
0xede	CODECOPY
0xee0	CODECOPY
0xee2	CODECOPY
0xf06	CODECOPY
0xf14	CODECOPY
0xf16	CODECOPY
0xf1c	CODECOPY
0xf24	CODECOPY
0xf2e	CODECOPY
0xf36	CODECOPY
0xf4e	CODECOPY
0xf5c	CODECOPY
0xf5e	CODECOPY
0xf60	CODECOPY
0xf62	CODECOPY
0xf86	CODECOPY
0xf94	CODECOPY
0xf96	CODECOPY
0xf9c	CODECOPY
0xfa4	CODECOPY
0xfae	CODECOPY
0xfb6	CODECOPY
0xfce	CODECOPY
0xfdc	CODECOPY
0xfde	CODECOPY
0xfe0	CODECOPY
0xfe2	CODECOPY
0x1004	CODECOPY
0x1006	CODECOPY
0x1010	CODECOPY
0x1018	CODECOPY
0x1049	CODECOPY
0x10b5	CODECOPY
0x10dd	CODECOPY
0x120f	CODECOPY
0x1237	CODECOPY
0x1250	CODECOPY
0x1285	CODECOPY
0x12ab	CODECOPY
0x12ad	CODECOPY
0x12b9	CODECOPY
0x12be	CODECOPY
0x12c5	CODECOPY
0x1300	CODECOPY
0x1338	CODECOPY
0x1341	CODECOPY
0x134c	CODECOPY
0x135b	CODECOPY
0x137b	CODECOPY
0x1399	CODECOPY
0x13b5	CODECOPY
0x13cc	CODECOPY
0x13d9	CODECOPY
0x13db	CODECOPY
0x13dd	CODECOPY
0x1458	CODECOPY
0x1460	CODECOPY
0x1468	CODECOPY
0x14b4	CODECOPY
0x14d6	CODECOPY
0x14de	CODECOPY
0x14e6	CODECOPY
0x1532	CODECOPY
0x1554	CODECOPY
0x155c	CODECOPY
0x1564	CODECOPY
0x15b0	CODECOPY
0x15b6	CODECOPY
0x15d2	CODECOPY
0x15d6	CODECOPY
0x15f8	CODECOPY
0x1654	CODECOPY
0x1656	CODECOPY
0x16c6	CODECOPY
0x1710	CODECOPY
0x172e	CODECOPY
0x1734	CODECOPY
0x1762	CODECOPY
0x1776	CODECOPY
0x17a8	CODECOPY
0x17ae	CODECOPY
0x1888	CODECOPY
0x188a	CODECOPY
0x188c	CODECOPY
0x18c6	CODECOPY
0x18d0	CODECOPY
0x18ea	CODECOPY
0x191e	CODECOPY
0x1924	CODECOPY
0x1952	CODECOPY
0x1966	CODECOPY
0x19e0	CODECOPY
0x1a22	CODECOPY
0x1a36	CODECOPY
0x1a70	CODECOPY
0x1abc	CODECOPY
0x1ac5	CODECOPY
0x1ad0	CODECOPY
0x1ad6	CODECOPY
0x1ad8	CODECOPY
0x1b08	CODECOPY
0x1b11	CODECOPY
0x1b1c	CODECOPY
0x1b60	CODECOPY
0x1b9c	CODECOPY
0x1b9e	CODECOPY
0x1c18	CODECOPY
0x1c34	CODECOPY
0x1c3d	CODECOPY
0x1c3f	CODECOPY
0x1c8e	CODECOPY
0x1c98	CODECOPY
0x1c9a	CODECOPY
0x1c9c	CODECOPY
0x1cb4	CODECOPY
0x1cb6	CODECOPY
0x1cb8	CODECOPY
0x1cc4	CODECOPY
0x1cc6	CODECOPY
0x1cc8	CODECOPY
0x1cd2	CODECOPY
0x1cd8	CODECOPY
0x1cdc	CODECOPY
0x1d00	CODECOPY
0x1d14	CODECOPY
0x1e1e	CODECOPY
0x1e27	CODECOPY
0x1e32	CODECOPY
0x1e54	CODECOPY
0x1ecc	CODECOPY
0x1edc	CODECOPY
0x1ede	CODECOPY
0x1ee0	CODECOPY
0x1ef6	CODECOPY
0x1ef8	CODECOPY
0x1efa	CODECOPY
0x1f60	CODECOPY
0x1f8c	CODECOPY
0x1f95	CODECOPY
0x1fa0	CODECOPY
0x1fa6	CODECOPY
0x1fd3	CODECOPY
0x1ffa	CODECOPY
0x2062	CODECOPY
0x2074	CODECOPY
0x2078	CODECOPY
0x20a4	CODECOPY
0x20aa	CODECOPY
0x20ea	CODECOPY
0x20f4	CODECOPY
0x210e	CODECOPY
0x2118	CODECOPY
0x2154	CODECOPY
0x2170	CODECOPY
0x2174	CODECOPY
0x2178	CODECOPY
0x21fa	CODECOPY
0x2208	CODECOPY
0x220a	CODECOPY
0x220c	CODECOPY
0x222a	CODECOPY
0x222e	CODECOPY
0x2233	CODECOPY
0x2235	CODECOPY
0x2237	CODECOPY
0x2258	CODECOPY
0x2272	CODECOPY
0x2274	CODECOPY
0x2276	CODECOPY
0x2284	CODECOPY
0x2286	CODECOPY
0x2288	CODECOPY
0x2294	CODECOPY
0x2296	CODECOPY
0x2298	CODECOPY
0x22a0	CODECOPY
0x22a2	CODECOPY
0x22a6	CODECOPY
0x22b2	CODECOPY
0x22ba	CODECOPY
0x22ee	CODECOPY
0x22f6	CODECOPY
0x2334	CODECOPY
0x233d	CODECOPY
0x2348	CODECOPY
0x23a2	CODECOPY
0x23ab	CODECOPY
0x23b6	CODECOPY
0x23c6	CODECOPY
0x23ca	CODECOPY
0x2400	CODECOPY
0x2409	CODECOPY
0x241a	CODECOPY
0x241c	CODECOPY
0x241e	CODECOPY
0x2428	CODECOPY
0x242a	CODECOPY
0x242e	CODECOPY
0x2436	CODECOPY
0x2442	CODECOPY
0x2474	CODECOPY
0x2476	CODECOPY
0x24f0	CODECOPY
0x250c	CODECOPY
0x2515	CODECOPY
0x2517	CODECOPY
0x2564	CODECOPY
0x256e	CODECOPY
0x2570	CODECOPY
0x2572	CODECOPY
0x258a	CODECOPY
0x258c	CODECOPY
0x258e	CODECOPY
0x259a	CODECOPY
0x259c	CODECOPY
0x259e	CODECOPY
0x25a8	CODECOPY
0x25ae	CODECOPY
0x25b2	CODECOPY
0x2610	CODECOPY
0x2612	CODECOPY
0x268c	CODECOPY
0x26b9	CODECOPY
0x26c4	CODECOPY
0x26ce	CODECOPY
0x272a	CODECOPY
0x2746	CODECOPY
0x274a	CODECOPY
0x27aa	CODECOPY
0x27be	CODECOPY
0x27c2	CODECOPY
0x27cc	CODECOPY
0x27e8	CODECOPY
0x27ea	CODECOPY
0x27ec	CODECOPY
0x281a	CODECOPY
0x281c	CODECOPY
0x281e	CODECOPY
0x283a	CODECOPY
0x283e	CODECOPY
0x2868	CODECOPY
0x2882	CODECOPY
0x2884	CODECOPY
0x2886	CODECOPY
0x2894	CODECOPY
0x2896	CODECOPY
0x2898	CODECOPY
0x28a4	CODECOPY
0x28a6	CODECOPY
0x28a8	CODECOPY
0x28b0	CODECOPY
0x28b2	CODECOPY
0x28b6	CODECOPY
0x28c2	CODECOPY
0x28ca	CODECOPY
0x290f	CODECOPY
0x2916	CODECOPY
0x292a	CODECOPY
0x2938	CODECOPY
0x293c	CODECOPY
0x29ba	CODECOPY
0x29c3	CODECOPY
0x29ce	CODECOPY
0x2a00	CODECOPY
0x2a09	CODECOPY
0x2a14	CODECOPY
0x2a25	CODECOPY
0x2a26	CODECOPY
0x2a58	CODECOPY
0x2a5f	CODECOPY
0x2a94	CODECOPY
0x2a96	CODECOPY
0x2b10	CODECOPY
0x2b1c	CODECOPY
0x2b2c	CODECOPY
0x2b35	CODECOPY
0x2b37	CODECOPY
0x2b69	CODECOPY
0x2b6b	CODECOPY
0x2b84	CODECOPY
0x2b8e	CODECOPY
0x2b90	CODECOPY
0x2b92	CODECOPY
0x2baa	CODECOPY
0x2bac	CODECOPY
0x2bae	CODECOPY
0x2bba	CODECOPY
0x2bbc	CODECOPY
0x2bbe	CODECOPY
0x2bc8	CODECOPY
0x2bce	CODECOPY
0x2bd2	CODECOPY
0x2c02	CODECOPY
0x2c08	CODECOPY
0x2c2c	CODECOPY
0x2c68	CODECOPY
0x2ccb	CODECOPY
0x2cde	CODECOPY
0x2ce0	CODECOPY
0x2ce2	CODECOPY
0x2ce6	CODECOPY
0x2ce8	CODECOPY
0x2cea	CODECOPY
0x2cee	CODECOPY
0x2d1c	CODECOPY
0x2d26	CODECOPY
0x2d40	CODECOPY
0x2d4a	CODECOPY
0x2d74	CODECOPY
0x2d7a	CODECOPY
0x2da8	CODECOPY
0x2dbc	CODECOPY
0x2dd2	CODECOPY
0x2e06	CODECOPY
0x2e10	CODECOPY
0x2e3a	CODECOPY
0x2e4e	CODECOPY
0x2e9c	CODECOPY
0x2ea2	CODECOPY
0x2ed0	CODECOPY
0x2ee4	CODECOPY
0x2efa	CODECOPY
0x2f1a	CODECOPY
0x2f2e	CODECOPY
0x2f8e	CODECOPY
0x2faa	CODECOPY
0x2fae	CODECOPY
0x2fd1	CODECOPY
0x2fed	CODECOPY
0x3009	CODECOPY
0x3025	CODECOPY
0x3041	CODECOPY
0x305e	CODECOPY
0x30db	CODECOPY
0x3100	CODECOPY
0x310d	CODECOPY
0x3122	CODECOPY
0x3132	CODECOPY
0x315a	CODECOPY
0x3176	CODECOPY
0x3178	CODECOPY
0x317c	CODECOPY
0x317e	CODECOPY
0x319a	CODECOPY
0x319e	CODECOPY
0x31c8	CODECOPY
0x31f2	CODECOPY
0x31fa	CODECOPY
0x321b	CODECOPY
0x322c	CODECOPY
0x3258	CODECOPY
0x3272	CODECOPY
0x3274	CODECOPY
0x3276	CODECOPY
0x3284	CODECOPY
0x3286	CODECOPY
0x3288	CODECOPY
0x3294	CODECOPY
0x3296	CODECOPY
0x3298	CODECOPY
0x32a0	CODECOPY
0x32a2	CODECOPY
0x32a6	CODECOPY
0x32b2	CODECOPY
0x32ba	CODECOPY
0x32cd	CODECOPY
0x32ee	CODECOPY
0x32f5	CODECOPY
0x330f	CODECOPY
0x3320	CODECOPY
0x3341	CODECOPY
0x3352	CODECOPY
0x3398	CODECOPY
0x33ac	CODECOPY
0x33b2	CODECOPY
0x33b4	CODECOPY
0x33b8	CODECOPY
0x33c9	CODECOPY
0x33e8	CODECOPY
0x3464	CODECOPY
0x3466	CODECOPY
0x346a	CODECOPY
0x346c	CODECOPY
0x346e	CODECOPY
0x348c	CODECOPY
0x34ca	CODECOPY
0x34ce	CODECOPY
0x34d3	CODECOPY
0x34d5	CODECOPY
0x34d7	CODECOPY
0x34f8	CODECOPY
0x3512	CODECOPY
0x3514	CODECOPY
0x3516	CODECOPY
0x3524	CODECOPY
0x3526	CODECOPY
0x3528	CODECOPY
0x3534	CODECOPY
0x3536	CODECOPY
0x3538	CODECOPY
0x3540	CODECOPY
0x3542	CODECOPY
0x3546	CODECOPY
0x3552	CODECOPY
0x355a	CODECOPY
0x35ac	CODECOPY
0x35ae	CODECOPY
0x35b0	CODECOPY
0x3631	CODECOPY
0x3633	CODECOPY
0x3678	CODECOPY
0x36ae	CODECOPY
0x36c2	CODECOPY
0x36e9	CODECOPY
0x3724	CODECOPY
0x3738	CODECOPY
0x3778	CODECOPY
0x37b4	CODECOPY
0x37b6	CODECOPY
0x3830	CODECOPY
0x3864	CODECOPY
0x3878	CODECOPY
0x38d2	CODECOPY
0x38e6	CODECOPY
0x38ec	CODECOPY
0x3936	CODECOPY
0x393f	CODECOPY
0x394a	CODECOPY
0x3950	CODECOPY
0x3952	CODECOPY
0x3982	CODECOPY
0x398b	CODECOPY
0x3996	CODECOPY
0x39c5	CODECOPY
0x39ec	CODECOPY
0x3a56	CODECOPY
0x3a68	CODECOPY
0x3a6c	CODECOPY
0x3a76	CODECOPY
0x3a78	CODECOPY
0x3a9c	CODECOPY
0x3b3e	CODECOPY
0x3b44	CODECOPY
0x3b4c	CODECOPY
0x3b8a	CODECOPY
0x3b8c	CODECOPY
0x3c06	CODECOPY
0x3c38	CODECOPY
0x3c3e	CODECOPY
0x3c8e	CODECOPY
0x3c96	CODECOPY
0x3ce2	CODECOPY
0x3cee	CODECOPY
0x3cf6	CODECOPY
0x3d42	CODECOPY
0x3d4e	CODECOPY
0x3d56	CODECOPY
0x3da2	CODECOPY
0x3da8	CODECOPY
0x3dba	CODECOPY
0x3dbe	CODECOPY
0x3de8	CODECOPY
0x3e02	CODECOPY
0x3e04	CODECOPY
0x3e06	CODECOPY
0x3e14	CODECOPY
0x3e16	CODECOPY
0x3e18	CODECOPY
0x3e24	CODECOPY
0x3e26	CODECOPY
0x3e28	CODECOPY
0x3e30	CODECOPY
0x3e32	CODECOPY
0x3e36	CODECOPY
0x3e42	CODECOPY
0x3e4a	CODECOPY
0x3e96	CODECOPY
0x3eaa	CODECOPY
0x3eb0	CODECOPY
0x3eb2	CODECOPY
0x3eee	CODECOPY
0x3f02	CODECOPY
0x3f24	CODECOPY
0x3f54	CODECOPY
0x3f6e	CODECOPY
0x4052	CODECOPY
0x4062	CODECOPY
0x4064	CODECOPY
0x4094	CODECOPY
0x4102	CODECOPY
0x4108	CODECOPY
0x4110	CODECOPY
0x415a	CODECOPY
0x415c	CODECOPY
0x41cc	CODECOPY
0x4204	CODECOPY
0x4206	CODECOPY
0x42b8	CODECOPY
0x42d4	CODECOPY
0x42d6	CODECOPY
0x42d8	CODECOPY
0x42ea	CODECOPY
0x42f0	CODECOPY
0x4312	CODECOPY
0x431c	CODECOPY
0x434a	CODECOPY
0x4354	CODECOPY
0x4386	CODECOPY
0x4388	CODECOPY
0x438a	CODECOPY
0x439f	CODECOPY
0x43a6	CODECOPY
0x43b0	CODECOPY
0x43b2	CODECOPY
0x43f6	CODECOPY
0x43f8	CODECOPY
0x43fa	CODECOPY
0x442e	CODECOPY
0x4440	CODECOPY
0x4446	CODECOPY
0x4489	CODECOPY
0x4530	CODECOPY
0x4546	CODECOPY
0x454a	CODECOPY
0x4576	CODECOPY
0x45c4	CODECOPY
0x45e0	CODECOPY
0x45e2	CODECOPY
0x45e6	CODECOPY
0x45e8	CODECOPY
0x4604	CODECOPY
0x4608	CODECOPY
0x4632	CODECOPY
0x464c	CODECOPY
0x464e	CODECOPY
0x4650	CODECOPY
0x465e	CODECOPY
0x4660	CODECOPY
0x4662	CODECOPY
0x466e	CODECOPY
0x4670	CODECOPY
0x4672	CODECOPY
0x467a	CODECOPY
0x467c	CODECOPY
0x4680	CODECOPY
0x468c	CODECOPY
0x4694	CODECOPY
0x46c8	CODECOPY
0x4720	CODECOPY
0x474d	CODECOPY
0x4750	CODECOPY
0x478a	CODECOPY
0x4793	CODECOPY
0x479e	CODECOPY
0x47d0	CODECOPY
0x47d9	CODECOPY
0x47e4	CODECOPY
0x4858	CODECOPY
0x4861	CODECOPY
0x486c	CODECOPY
0x4878	CODECOPY
0x489e	CODECOPY
0x48a7	CODECOPY
0x48b2	CODECOPY
0x48be	CODECOPY
0x48c0	CODECOPY
0x48ea	CODECOPY
0x490c	CODECOPY
0x494c	CODECOPY
0x4950	CODECOPY
0x4973	CODECOPY
