0x0	174953
